0 0.964599609375 0.55322265625 0.0126953125 0.02392578125
0 0.3385009765625 0.563232421875 0.001708984375 0.01123046875
0 0.2427978515625 0.56689453125 0.002197265625 0.01416015625
0 0.7501220703125 0.5699462890625 0.017822265625 0.010009765625
0 0.338134765625 0.571533203125 0.0009765625 0.0048828125
0 0.7921142578125 0.562744140625 0.007080078125 0.0087890625
0 0.828857421875 0.5728759765625 0.00439453125 0.005615234375
0 0.9654541015625 0.570068359375 0.006591796875 0.009765625
0 0.7919921875 0.5511474609375 0.0068359375 0.014892578125
0 0.82861328125 0.5594482421875 0.00537109375 0.004638671875
0 0.2464599609375 0.58740234375 0.002197265625 0.01171875
0 0.828369140625 0.5657958984375 0.005859375 0.007568359375
0 0.4210205078125 0.593505859375 0.006591796875 0.025390625
0 0.59912109375 0.6031494140625 0.0078125 0.029052734375
0 0.1483154296875 0.5704345703125 0.004150390625 0.008056640625
0 0.5782470703125 0.5589599609375 0.016357421875 0.011962890625
0 0.4727783203125 0.5615234375 0.010498046875 0.01806640625
0 0.899169921875 0.5694580078125 0.0048828125 0.009521484375
0 0.4727783203125 0.5433349609375 0.013916015625 0.016357421875
0 0.706298828125 0.5533447265625 0.01416015625 0.017822265625
0 0.735595703125 0.5748291015625 0.0048828125 0.004638671875
0 0.736083984375 0.566650390625 0.00732421875 0.01025390625
0 0.7918701171875 0.5401611328125 0.007568359375 0.006103515625
