0 0.6068115234375 0.2806396484375 0.054443359375 0.114013671875
0 0.083251953125 0.446533203125 0.00732421875 0.01123046875
0 0.0819091796875 0.433349609375 0.012451171875 0.01513671875
0 0.26318359375 0.3199462890625 0.02734375 0.036376953125
0 0.1920166015625 0.4102783203125 0.008544921875 0.023681640625
0 0.0654296875 0.43115234375 0.01171875 0.01416015625
0 0.2672119140625 0.3612060546875 0.013916015625 0.016357421875
0 0.194580078125 0.4569091796875 0.01025390625 0.012451171875
0 0.330810546875 0.3480224609375 0.0302734375 0.010009765625
0 0.282958984375 0.3863525390625 0.0087890625 0.010498046875
0 0.267822265625 0.37646484375 0.041015625 0.015625
0 0.5467529296875 0.3990478515625 0.005126953125 0.024169921875
