0 0.4696044921875 0.199951171875 0.014404296875 0.0205078125
0 0.3350830078125 0.0377197265625 0.115478515625 0.042724609375
0 0.4862060546875 0.20556640625 0.006103515625 0.00830078125
0 0.3304443359375 0.046142578125 0.010009765625 0.01513671875
0 0.30615234375 0.046142578125 0.009765625 0.015625
0 0.3427734375 0.0457763671875 0.009765625 0.014892578125
0 0.3187255859375 0.0465087890625 0.009521484375 0.014892578125
0 0.4041748046875 0.0362548828125 0.022216796875 0.044677734375
0 0.3544921875 0.0462646484375 0.009765625 0.014404296875
0 0.3665771484375 0.0458984375 0.010009765625 0.0146484375
