0 0.8197021484375 0.61083984375 0.006591796875 0.01220703125
0 0.5582275390625 0.619873046875 0.005126953125 0.0068359375
0 0.7218017578125 0.5948486328125 0.020751953125 0.027099609375
0 0.8697509765625 0.535400390625 0.013916015625 0.01708984375
0 0.5474853515625 0.637451171875 0.015380859375 0.021484375
0 0.6470947265625 0.5780029296875 0.018310546875 0.022216796875
0 0.647705078125 0.59326171875 0.00927734375 0.005859375
0 0.5584716796875 0.6280517578125 0.005615234375 0.007080078125
0 0.7242431640625 0.624755859375 0.023193359375 0.02734375
0 0.705322265625 0.63818359375 0.00537109375 0.01708984375
0 0.8204345703125 0.6241455078125 0.008056640625 0.012451171875
