0 0.7645263671875 0.7071533203125 0.031494140625 0.054443359375
0 0.837158203125 0.6839599609375 0.0380859375 0.072509765625
0 0.1959228515625 0.821044921875 0.003662109375 0.0087890625
0 0.6728515625 0.816650390625 0.00390625 0.0087890625
0 0.69677734375 0.82421875 0.00341796875 0.00732421875
0 0.7020263671875 0.818115234375 0.006103515625 0.01171875
0 0.763916015625 0.6522216796875 0.03076171875 0.054443359375
0 0.801025390625 0.651123046875 0.03076171875 0.05517578125
0 0.76318359375 0.6112060546875 0.03125 0.026123046875
0 0.8004150390625 0.6097412109375 0.030517578125 0.027099609375
0 0.62548828125 0.70947265625 0.0224609375 0.03955078125
0 0.62548828125 0.6690673828125 0.0224609375 0.039306640625
0 0.2119140625 0.6942138671875 0.01806640625 0.037353515625
0 0.2125244140625 0.733642578125 0.018310546875 0.0361328125
0 0.7310791015625 0.8739013671875 0.019775390625 0.033447265625
