0 0.6292724609375 0.6888427734375 0.012451171875 0.018798828125
0 0.520263671875 0.6943359375 0.00341796875 0.00439453125
0 0.476318359375 0.694580078125 0.00341796875 0.005859375
0 0.467529296875 0.6868896484375 0.00390625 0.023681640625
0 0.520751953125 0.6888427734375 0.00439453125 0.005126953125
0 0.5208740234375 0.6845703125 0.004638671875 0.0029296875
0 0.5543212890625 0.6787109375 0.009033203125 0.01123046875
0 0.538330078125 0.6905517578125 0.0068359375 0.008056640625
0 0.4766845703125 0.68798828125 0.005615234375 0.005859375
0 0.5545654296875 0.690673828125 0.007568359375 0.01123046875
0 0.6290283203125 0.6572265625 0.028076171875 0.04150390625
0 0.4835205078125 0.65576171875 0.007080078125 0.01171875
0 0.5384521484375 0.6878662109375 0.011474609375 0.016357421875
0 0.52783203125 0.703369140625 0.00537109375 0.0068359375
0 0.460693359375 0.6871337890625 0.005859375 0.010986328125
0 0.5013427734375 0.65625 0.007080078125 0.0107421875
0 0.4754638671875 0.70556640625 0.005615234375 0.00537109375
