0 0.64599609375 0.6536865234375 0.013671875 0.017333984375
0 0.61767578125 0.6553955078125 0.013671875 0.018798828125
0 0.6473388671875 0.6719970703125 0.013427734375 0.017822265625
0 0.619140625 0.6737060546875 0.013671875 0.017822265625
0 0.63330078125 0.6728515625 0.01318359375 0.0185546875
0 0.6319580078125 0.65478515625 0.013916015625 0.017578125
0 0.63232421875 0.6639404296875 0.0537109375 0.047607421875
0 0.635498046875 0.694580078125 0.05078125 0.01953125
0 0.264404296875 0.712646484375 0.0146484375 0.0224609375
0 0.3421630859375 0.70556640625 0.006591796875 0.0107421875
0 0.470458984375 0.6951904296875 0.0068359375 0.009033203125
0 0.3748779296875 0.703125 0.004638671875 0.00732421875
0 0.4605712890625 0.6973876953125 0.003173828125 0.004638671875
0 0.399658203125 0.701416015625 0.00341796875 0.005859375
