0 0.6124267578125 0.49169921875 0.009521484375 0.01123046875
0 0.5380859375 0.4930419921875 0.01171875 0.007568359375
0 0.63134765625 0.4927978515625 0.0087890625 0.010498046875
0 0.60302734375 0.491455078125 0.00830078125 0.0107421875
0 0.603271484375 0.4822998046875 0.00927734375 0.006103515625
0 0.63134765625 0.4842529296875 0.00927734375 0.006103515625
0 0.621826171875 0.491943359375 0.0087890625 0.01123046875
0 0.621826171875 0.483154296875 0.00927734375 0.0068359375
0 0.612548828125 0.4820556640625 0.0087890625 0.005126953125
0 0.5281982421875 0.494384765625 0.005615234375 0.005859375
