0 0.0430908203125 0.3978271484375 0.016357421875 0.025634765625
0 0.41943359375 0.4237060546875 0.0146484375 0.025634765625
0 0.5426025390625 0.4598388671875 0.006591796875 0.011962890625
0 0.447265625 0.4617919921875 0.0048828125 0.009033203125
0 0.3126220703125 0.2720947265625 0.037353515625 0.066162109375
0 0.72705078125 0.3760986328125 0.01953125 0.049072265625
0 0.485107421875 0.030517578125 0.0419921875 0.06103515625
0 0.4554443359375 0.4803466796875 0.004150390625 0.007568359375
0 0.485595703125 0.01416015625 0.0302734375 0.0283203125
0 0.5181884765625 0.4599609375 0.007080078125 0.01025390625
