0 0.37548828125 0.4205322265625 0.01025390625 0.026611328125
0 0.396484375 0.3614501953125 0.0126953125 0.032958984375
0 0.3978271484375 0.3858642578125 0.010986328125 0.021240234375
0 0.39892578125 0.4088134765625 0.015625 0.028564453125
0 0.5167236328125 0.3074951171875 0.008544921875 0.034912109375
0 0.7706298828125 0.1121826171875 0.040283203125 0.082275390625
0 0.3441162109375 0.4139404296875 0.006591796875 0.015380859375
0 0.34423828125 0.428955078125 0.00634765625 0.01513671875
0 0.3963623046875 0.35693359375 0.010986328125 0.021484375
0 0.3436279296875 0.4122314453125 0.005615234375 0.009033203125
