0 0.5211181640625 0.4869384765625 0.005126953125 0.012939453125
0 0.1004638671875 0.4371337890625 0.011474609375 0.020751953125
0 0.111083984375 0.4349365234375 0.0107421875 0.008056640625
0 0.0860595703125 0.4429931640625 0.018310546875 0.014404296875
0 0.2728271484375 0.4271240234375 0.002685546875 0.008056640625
0 0.1026611328125 0.4638671875 0.008056640625 0.00634765625
0 0.4532470703125 0.4671630859375 0.005615234375 0.008056640625
0 0.4544677734375 0.455810546875 0.006591796875 0.0078125
0 0.1019287109375 0.4549560546875 0.011962890625 0.018798828125
0 0.456298828125 0.4625244140625 0.0107421875 0.008056640625
