0 0.7135009765625 0.501953125 0.027099609375 0.0185546875
0 0.5157470703125 0.5040283203125 0.008056640625 0.013427734375
0 0.719482421875 0.4544677734375 0.0546875 0.071044921875
0 0.4766845703125 0.50732421875 0.004150390625 0.00537109375
0 0.483642578125 0.509765625 0.00341796875 0.00341796875
0 0.4835205078125 0.513427734375 0.004150390625 0.00439453125
0 0.499267578125 0.5177001953125 0.00439453125 0.005126953125
0 0.4630126953125 0.50830078125 0.003173828125 0.00341796875
0 0.49609375 0.5145263671875 0.00390625 0.004638671875
0 0.453857421875 0.5111083984375 0.00244140625 0.003173828125
