0 0.5975341796875 0.56005859375 0.004150390625 0.001953125
0 0.642822265625 0.593505859375 0.00390625 0.00341796875
0 0.642578125 0.5885009765625 0.00341796875 0.005126953125
0 0.641357421875 0.585205078125 0.0068359375 0.00390625
0 0.64111328125 0.580322265625 0.00390625 0.00537109375
0 0.6466064453125 0.57373046875 0.004638671875 0.0068359375
0 0.6463623046875 0.574951171875 0.006591796875 0.005859375
0 0.6348876953125 0.5673828125 0.002197265625 0.0029296875
0 0.606201171875 0.55908203125 0.001953125 0.00244140625
0 0.613037109375 0.55859375 0.00146484375 0.00244140625
0 0.548095703125 0.57763671875 0.00244140625 0.00341796875
0 0.54296875 0.5792236328125 0.00244140625 0.003173828125
0 0.5374755859375 0.580078125 0.002685546875 0.00390625
0 0.5240478515625 0.582763671875 0.002685546875 0.0029296875
0 0.520263671875 0.5865478515625 0.00390625 0.003173828125
0 0.469970703125 0.59619140625 0.001953125 0.00390625
0 0.5592041015625 0.59423828125 0.004150390625 0.0068359375
0 0.5076904296875 0.5947265625 0.006103515625 0.0078125
0 0.509765625 0.589599609375 0.00390625 0.00537109375
0 0.48828125 0.5941162109375 0.00341796875 0.004638671875
0 0.447021484375 0.60009765625 0.00390625 0.005859375
0 0.4224853515625 0.596923828125 0.006591796875 0.00439453125
0 0.669921875 0.5960693359375 0.005859375 0.009521484375
0 0.662109375 0.590087890625 0.01123046875 0.013671875
0 0.97314453125 0.4896240234375 0.05322265625 0.085205078125
0 0.7628173828125 0.5814208984375 0.018310546875 0.029052734375
0 0.6461181640625 0.5908203125 0.001708984375 0.00439453125
0 0.9708251953125 0.5462646484375 0.057861328125 0.028076171875
