0 0.4205322265625 0.744140625 0.008544921875 0.01171875
0 0.0126953125 0.712158203125 0.025390625 0.0380859375
0 0.4873046875 0.7548828125 0.00341796875 0.00439453125
0 0.4849853515625 0.758544921875 0.003173828125 0.00390625
0 0.4888916015625 0.7586669921875 0.002685546875 0.003662109375
0 0.3704833984375 0.7457275390625 0.007568359375 0.008056640625
0 0.4599609375 0.756103515625 0.00830078125 0.0068359375
0 0.443115234375 0.7510986328125 0.00439453125 0.006103515625
0 0.2955322265625 0.7186279296875 0.012939453125 0.016845703125
0 0.215087890625 0.7315673828125 0.01708984375 0.018310546875
0 0.5390625 0.7572021484375 0.0029296875 0.004150390625
0 0.5123291015625 0.7552490234375 0.004150390625 0.005615234375
0 0.68212890625 0.728759765625 0.06689453125 0.05712890625
0 0.4210205078125 0.7525634765625 0.011962890625 0.005615234375
0 0.6060791015625 0.7506103515625 0.018310546875 0.019287109375
0 0.2972412109375 0.7215576171875 0.063232421875 0.055419921875
0 0.6806640625 0.7255859375 0.013671875 0.0166015625
0 0.6053466796875 0.7474365234375 0.009033203125 0.012451171875
0 0.6663818359375 0.7264404296875 0.013427734375 0.016845703125
0 0.605224609375 0.7554931640625 0.0107421875 0.003662109375
0 0.2816162109375 0.7188720703125 0.012939453125 0.017333984375
