0 0.5611572265625 0.546875 0.014404296875 0.01904296875
0 0.327880859375 0.582275390625 0.01171875 0.01611328125
0 0.81298828125 0.4940185546875 0.0322265625 0.070556640625
0 0.7005615234375 0.412353515625 0.058837890625 0.01708984375
0 0.47509765625 0.5244140625 0.0126953125 0.0166015625
0 0.561767578125 0.5592041015625 0.01318359375 0.006103515625
0 0.47021484375 0.533935546875 0.02099609375 0.01708984375
0 0.3765869140625 0.53125 0.010498046875 0.01708984375
0 0.2294921875 0.5950927734375 0.01123046875 0.020751953125
0 0.2562255859375 0.616455078125 0.025146484375 0.03759765625
