0 0.374755859375 0.7120361328125 0.033203125 0.020263671875
0 0.36474609375 0.6915283203125 0.0185546875 0.006591796875
0 0.38623046875 0.6915283203125 0.0185546875 0.006591796875
0 0.017822265625 0.735107421875 0.0107421875 0.013671875
0 0.0262451171875 0.7056884765625 0.025146484375 0.052001953125
0 0.960205078125 0.74267578125 0.02880859375 0.04150390625
0 0.9169921875 0.7620849609375 0.017578125 0.016845703125
0 0.9244384765625 0.72509765625 0.045166015625 0.060546875
0 0.77685546875 0.627685546875 0.04736328125 0.05908203125
0 0.779296875 0.6651611328125 0.03515625 0.015869140625
