0 0.34423828125 0.5633544921875 0.025390625 0.022216796875
0 0.3438720703125 0.596923828125 0.026611328125 0.044921875
0 0.4566650390625 0.535888671875 0.036376953125 0.03271484375
0 0.168701171875 0.6158447265625 0.01318359375 0.023193359375
0 0.16796875 0.6322021484375 0.00927734375 0.008544921875
0 0.289306640625 0.61474609375 0.005859375 0.01708984375
0 0.1256103515625 0.5447998046875 0.010009765625 0.031494140625
0 0.124755859375 0.5677490234375 0.009765625 0.021240234375
0 0.096923828125 0.599609375 0.02490234375 0.029296875
0 0.5758056640625 0.6580810546875 0.009033203125 0.008056640625
0 0.6517333984375 0.65087890625 0.015869140625 0.02734375
