0 0.672607421875 0.373779296875 0.0078125 0.0146484375
0 0.7734375 0.3592529296875 0.00439453125 0.012451171875
0 0.35595703125 0.4078369140625 0.0107421875 0.027099609375
0 0.2117919921875 0.4085693359375 0.016845703125 0.042724609375
0 0.6104736328125 0.3765869140625 0.023193359375 0.039306640625
0 0.70849609375 0.3704833984375 0.0048828125 0.013916015625
0 0.100830078125 0.3980712890625 0.025390625 0.051513671875
0 0.5867919921875 0.38623046875 0.005126953125 0.013671875
0 0.646484375 0.3787841796875 0.0048828125 0.011962890625
0 0.1031494140625 0.4368896484375 0.017333984375 0.027099609375
0 0.612060546875 0.4110107421875 0.017578125 0.026611328125
0 0.4515380859375 0.4010009765625 0.007080078125 0.015869140625
0 0.52001953125 0.3975830078125 0.00732421875 0.017333984375
0 0.7862548828125 0.359130859375 0.009033203125 0.01123046875
0 0.6754150390625 0.3841552734375 0.002685546875 0.006591796875
