0 0.77685546875 0.7086181640625 0.0107421875 0.015869140625
0 0.60888671875 0.6988525390625 0.01123046875 0.014404296875
0 0.9490966796875 0.65478515625 0.092529296875 0.12841796875
0 0.609375 0.6773681640625 0.04052734375 0.028564453125
0 0.5035400390625 0.725830078125 0.023193359375 0.03076171875
0 0.4326171875 0.73974609375 0.02197265625 0.03466796875
0 0.7772216796875 0.728271484375 0.012451171875 0.02197265625
0 0.502685546875 0.747802734375 0.021484375 0.0087890625
0 0.6085205078125 0.717529296875 0.011962890625 0.02001953125
0 0.5941162109375 0.72119140625 0.005126953125 0.0068359375
