0 0.2852783203125 0.6168212890625 0.027099609375 0.032958984375
0 0.118408203125 0.6312255859375 0.01123046875 0.013427734375
0 0.24462890625 0.5858154296875 0.0712890625 0.037841796875
0 0.035888671875 0.6453857421875 0.01953125 0.014404296875
0 0.0462646484375 0.6573486328125 0.004638671875 0.006103515625
0 0.06494140625 0.6456298828125 0.00634765625 0.005615234375
0 0.052978515625 0.65869140625 0.00439453125 0.00634765625
0 0.0572509765625 0.6588134765625 0.003662109375 0.004150390625
0 0.0640869140625 0.652099609375 0.006103515625 0.005859375
0 0.0975341796875 0.64990234375 0.009521484375 0.005859375
0 0.0980224609375 0.6556396484375 0.005615234375 0.007080078125
