0 0.6463623046875 0.4976806640625 0.028076171875 0.055419921875
0 0.6214599609375 0.54296875 0.014404296875 0.0048828125
0 0.6214599609375 0.534423828125 0.012939453125 0.0048828125
0 0.6207275390625 0.546875 0.013916015625 0.0048828125
0 0.61962890625 0.5521240234375 0.01513671875 0.004150390625
0 0.6190185546875 0.560791015625 0.014892578125 0.0029296875
0 0.619384765625 0.5570068359375 0.01416015625 0.003662109375
0 0.62109375 0.55126953125 0.013671875 0.00341796875
0 0.521484375 0.5863037109375 0.0068359375 0.007568359375
0 0.619384765625 0.5482177734375 0.015625 0.003173828125
0 0.6214599609375 0.5386962890625 0.012939453125 0.003662109375
0 0.6212158203125 0.52978515625 0.013916015625 0.00341796875
0 0.576416015625 0.5032958984375 0.00732421875 0.007568359375
0 0.650634765625 0.5384521484375 0.02099609375 0.024658203125
0 0.619384765625 0.5648193359375 0.01416015625 0.003662109375
0 0.5367431640625 0.5716552734375 0.004638671875 0.007080078125
