0 0.130126953125 0.4365234375 0.01513671875 0.0224609375
0 0.58642578125 0.40380859375 0.02587890625 0.03173828125
0 0.2608642578125 0.3658447265625 0.017822265625 0.022216796875
0 0.2191162109375 0.4193115234375 0.033447265625 0.030517578125
0 0.3988037109375 0.4354248046875 0.032470703125 0.039794921875
0 0.13037109375 0.4132080078125 0.0166015625 0.022216796875
0 0.5560302734375 0.4617919921875 0.004638671875 0.007568359375
0 0.2607421875 0.394287109375 0.01953125 0.03271484375
0 0.2186279296875 0.45654296875 0.033935546875 0.046875
0 0.5567626953125 0.4560546875 0.010498046875 0.00439453125
