0 0.42724609375 0.695556640625 0.0107421875 0.02197265625
0 0.739013671875 0.621337890625 0.015625 0.0107421875
0 0.5286865234375 0.6412353515625 0.017333984375 0.010986328125
0 0.479248046875 0.64208984375 0.0126953125 0.00830078125
0 0.7386474609375 0.6051025390625 0.015380859375 0.020751953125
0 0.5128173828125 0.6573486328125 0.004638671875 0.004638671875
0 0.3082275390625 0.621826171875 0.008544921875 0.0205078125
0 0.34814453125 0.66064453125 0.0068359375 0.015625
0 0.3892822265625 0.6531982421875 0.007080078125 0.011962890625
0 0.4273681640625 0.69287109375 0.008544921875 0.01220703125
0 0.73876953125 0.639404296875 0.01171875 0.025390625
