0 0.510498046875 0.30615234375 0.0068359375 0.0087890625
0 0.54150390625 0.25146484375 0.03271484375 0.0380859375
0 0.54150390625 0.2784423828125 0.02490234375 0.016845703125
0 0.5108642578125 0.31396484375 0.004638671875 0.0078125
0 0.5106201171875 0.2984619140625 0.007568359375 0.005126953125
0 0.5128173828125 0.34326171875 0.009033203125 0.013671875
0 0.475830078125 0.347900390625 0.0146484375 0.00634765625
0 0.377197265625 0.326416015625 0.00341796875 0.00634765625
0 0.3779296875 0.33251953125 0.0048828125 0.00537109375
0 0.3721923828125 0.3360595703125 0.005615234375 0.003662109375
