0 0.3424072265625 0.5911865234375 0.011474609375 0.019287109375
0 0.2099609375 0.6207275390625 0.00439453125 0.006591796875
0 0.361083984375 0.6368408203125 0.0400390625 0.013427734375
0 0.288818359375 0.605712890625 0.00537109375 0.00732421875
0 0.3359375 0.6134033203125 0.00341796875 0.005126953125
0 0.34814453125 0.6220703125 0.0146484375 0.01513671875
0 0.3057861328125 0.609375 0.002685546875 0.00537109375
0 0.288818359375 0.61376953125 0.00390625 0.0068359375
0 0.2784423828125 0.6055908203125 0.003662109375 0.007080078125
0 0.26611328125 0.6083984375 0.0029296875 0.0048828125
0 0.3260498046875 0.6072998046875 0.009521484375 0.006103515625
0 0.3258056640625 0.6136474609375 0.010009765625 0.004150390625
