0 0.9488525390625 0.69775390625 0.042724609375 0.0615234375
0 0.677978515625 0.7200927734375 0.01220703125 0.019287109375
0 0.243408203125 0.6434326171875 0.02685546875 0.013427734375
0 0.7481689453125 0.642822265625 0.014892578125 0.015625
0 0.9495849609375 0.74169921875 0.020751953125 0.03369140625
0 0.9486083984375 0.736328125 0.011962890625 0.015625
0 0.676513671875 0.737548828125 0.0068359375 0.01220703125
0 0.677001953125 0.734619140625 0.00390625 0.00537109375
0 0.7767333984375 0.7335205078125 0.004150390625 0.012939453125
0 0.8082275390625 0.60205078125 0.008056640625 0.0146484375
0 0.6512451171875 0.6402587890625 0.031982421875 0.010009765625
0 0.3956298828125 0.734130859375 0.006103515625 0.009765625
0 0.809814453125 0.6151123046875 0.00732421875 0.010009765625
