0 0.57470703125 0.6341552734375 0.01513671875 0.019775390625
0 0.341796875 0.6536865234375 0.00634765625 0.005615234375
0 0.42919921875 0.65625 0.00732421875 0.0029296875
0 0.1270751953125 0.6678466796875 0.009521484375 0.011474609375
0 0.12841796875 0.6090087890625 0.02001953125 0.008056640625
0 0.3597412109375 0.650146484375 0.004638671875 0.00537109375
0 0.65576171875 0.647216796875 0.009765625 0.01025390625
0 0.5887451171875 0.651611328125 0.005126953125 0.0107421875
0 0.547607421875 0.657470703125 0.00341796875 0.005859375
0 0.6558837890625 0.6260986328125 0.021240234375 0.027099609375
0 0.37353515625 0.65380859375 0.0029296875 0.00537109375
0 0.5887451171875 0.6597900390625 0.004150390625 0.005615234375
0 0.5482177734375 0.6651611328125 0.009521484375 0.014404296875
0 0.5478515625 0.6483154296875 0.0048828125 0.013916015625
0 0.016845703125 0.6014404296875 0.01416015625 0.017333984375
0 0.49365234375 0.6517333984375 0.00439453125 0.007568359375
0 0.333984375 0.654296875 0.0068359375 0.01171875
0 0.28125 0.5909423828125 0.01171875 0.018798828125
0 0.2406005859375 0.5943603515625 0.011962890625 0.019287109375
0 0.530029296875 0.6534423828125 0.00439453125 0.007080078125
0 0.75634765625 0.6588134765625 0.01171875 0.015380859375
0 0.5750732421875 0.6483154296875 0.009521484375 0.008544921875
0 0.4195556640625 0.5928955078125 0.020751953125 0.008056640625
