0 0.6761474609375 0.5877685546875 0.020751953125 0.029052734375
0 0.673828125 0.565673828125 0.01806640625 0.0166015625
0 0.399169921875 0.6668701171875 0.005859375 0.010009765625
0 0.6788330078125 0.6102294921875 0.017822265625 0.016357421875
0 0.7078857421875 0.584228515625 0.020751953125 0.0263671875
0 0.6690673828125 0.523681640625 0.020751953125 0.01513671875
0 0.7005615234375 0.5191650390625 0.021728515625 0.013916015625
0 0.671630859375 0.5438232421875 0.01953125 0.025634765625
0 0.703125 0.53955078125 0.0205078125 0.025390625
0 0.7054443359375 0.56103515625 0.018310546875 0.0166015625
0 0.7105712890625 0.6065673828125 0.017822265625 0.016845703125
0 0.4324951171875 0.6396484375 0.020263671875 0.00732421875
0 0.4549560546875 0.637939453125 0.017822265625 0.0078125
0 0.5260009765625 0.666748046875 0.003662109375 0.00634765625
