0 0.5693359375 0.3604736328125 0.03466796875 0.038330078125
0 0.5694580078125 0.4010009765625 0.028076171875 0.036865234375
0 0.6971435546875 0.478515625 0.007080078125 0.0263671875
0 0.7303466796875 0.5162353515625 0.005615234375 0.016845703125
0 0.0413818359375 0.4791259765625 0.010986328125 0.030029296875
0 0.419921875 0.5482177734375 0.0087890625 0.012451171875
0 0.569580078125 0.4525146484375 0.04296875 0.021728515625
0 0.5699462890625 0.431884765625 0.027587890625 0.0185546875
0 0.300537109375 0.5185546875 0.00390625 0.01806640625
0 0.5753173828125 0.5465087890625 0.008544921875 0.006591796875
0 0.419921875 0.5382080078125 0.00830078125 0.006103515625
0 0.420654296875 0.528564453125 0.0087890625 0.0126953125
0 0.5748291015625 0.535888671875 0.009521484375 0.0126953125
0 0.605712890625 0.529541015625 0.00341796875 0.01611328125
0 0.575927734375 0.5550537109375 0.00830078125 0.008544921875
0 0.6060791015625 0.5452880859375 0.003662109375 0.015380859375
