0 0.7525634765625 0.531005859375 0.048583984375 0.06689453125
0 0.6689453125 0.6002197265625 0.01171875 0.017822265625
0 0.36474609375 0.5972900390625 0.01220703125 0.016357421875
0 0.1468505859375 0.6343994140625 0.006103515625 0.013916015625
0 0.823974609375 0.5360107421875 0.052734375 0.033447265625
0 0.6094970703125 0.5687255859375 0.007568359375 0.033447265625
0 0.759033203125 0.609619140625 0.05029296875 0.0908203125
0 0.612060546875 0.6085205078125 0.009765625 0.045166015625
0 0.3660888671875 0.61767578125 0.013427734375 0.02392578125
0 0.342529296875 0.6038818359375 0.0185546875 0.010009765625
