0 0.24951171875 0.540283203125 0.0205078125 0.02685546875
0 0.1788330078125 0.5443115234375 0.021728515625 0.027099609375
0 0.3424072265625 0.6044921875 0.026123046875 0.0302734375
0 0.177734375 0.5960693359375 0.021484375 0.026123046875
0 0.4532470703125 0.5867919921875 0.032470703125 0.023193359375
0 0.2242431640625 0.594482421875 0.020751953125 0.02587890625
0 0.200927734375 0.5953369140625 0.0205078125 0.027587890625
0 0.2127685546875 0.5809326171875 0.107666015625 0.108154296875
0 0.5130615234375 0.60546875 0.027587890625 0.02294921875
0 0.4100341796875 0.611572265625 0.008544921875 0.009765625
0 0.4107666015625 0.6202392578125 0.012451171875 0.007568359375
0 0.343505859375 0.62744140625 0.02685546875 0.01513671875
