0 0.6646728515625 0.5234375 0.009033203125 0.0126953125
0 0.4935302734375 0.5380859375 0.006103515625 0.00830078125
0 0.821044921875 0.3895263671875 0.046875 0.086181640625
0 0.908203125 0.5147705078125 0.00537109375 0.009521484375
0 0.5455322265625 0.514892578125 0.044677734375 0.0283203125
0 0.9083251953125 0.5225830078125 0.004638671875 0.007568359375
0 0.5650634765625 0.49609375 0.005126953125 0.009765625
0 0.90869140625 0.528564453125 0.00537109375 0.0048828125
0 0.529296875 0.56689453125 0.00732421875 0.0146484375
0 0.4932861328125 0.5450439453125 0.005126953125 0.006103515625
0 0.5379638671875 0.5089111328125 0.003662109375 0.005126953125
0 0.55712890625 0.51513671875 0.00439453125 0.005859375
