0 0.7845458984375 0.4473876953125 0.053466796875 0.067138671875
0 0.4991455078125 0.6561279296875 0.006591796875 0.008056640625
0 0.6492919921875 0.5567626953125 0.019287109375 0.025634765625
0 0.65380859375 0.527099609375 0.0107421875 0.01416015625
0 0.56201171875 0.6202392578125 0.00732421875 0.019775390625
0 0.6409912109375 0.529052734375 0.013916015625 0.01806640625
0 0.789794921875 0.5147705078125 0.05322265625 0.066162109375
0 0.5101318359375 0.6495361328125 0.005615234375 0.008544921875
0 0.4991455078125 0.664794921875 0.005126953125 0.00927734375
0 0.56298828125 0.6201171875 0.015625 0.021484375
0 0.64794921875 0.543212890625 0.03662109375 0.064453125
0 0.499267578125 0.662109375 0.00341796875 0.00439453125
0 0.4993896484375 0.6666259765625 0.002685546875 0.003662109375
