0 0.2738037109375 0.488525390625 0.008056640625 0.00927734375
0 0.373046875 0.4925537109375 0.00830078125 0.011474609375
0 0.358642578125 0.4930419921875 0.00634765625 0.007568359375
0 0.2476806640625 0.4766845703125 0.010498046875 0.011962890625
0 0.47265625 0.487548828125 0.05029296875 0.0458984375
0 0.4166259765625 0.474853515625 0.016357421875 0.02294921875
0 0.28564453125 0.4837646484375 0.01611328125 0.014892578125
0 0.197998046875 0.4599609375 0.021484375 0.02685546875
0 0.24072265625 0.491943359375 0.0087890625 0.005859375
0 0.2474365234375 0.4853515625 0.008056640625 0.00537109375
0 0.278076171875 0.4775390625 0.0048828125 0.0068359375
0 0.2738037109375 0.4947509765625 0.005126953125 0.005615234375
0 0.2779541015625 0.4925537109375 0.005126953125 0.008544921875
0 0.251953125 0.4964599609375 0.00537109375 0.006103515625
0 0.394287109375 0.4815673828125 0.01123046875 0.012939453125
0 0.3944091796875 0.489990234375 0.008056640625 0.0048828125
