0 0.908203125 0.663330078125 0.02099609375 0.00927734375
0 0.938232421875 0.6705322265625 0.0234375 0.010986328125
0 0.5423583984375 0.525390625 0.040771484375 0.02001953125
0 0.20458984375 0.724853515625 0.0087890625 0.009765625
0 0.1201171875 0.7242431640625 0.0048828125 0.018798828125
0 0.8917236328125 0.7391357421875 0.010009765625 0.018310546875
0 0.89306640625 0.7569580078125 0.0048828125 0.010009765625
0 0.694580078125 0.5203857421875 0.02978515625 0.042724609375
0 0.6317138671875 0.5235595703125 0.027587890625 0.035888671875
0 0.908203125 0.65673828125 0.0087890625 0.00341796875
0 0.936767578125 0.6644287109375 0.0068359375 0.004638671875
