0 0.8134765625 0.2845458984375 0.0224609375 0.020263671875
0 0.8134765625 0.25244140625 0.0322265625 0.04443359375
0 0.8121337890625 0.3067626953125 0.011474609375 0.025146484375
0 0.5311279296875 0.305908203125 0.011962890625 0.0205078125
0 0.812255859375 0.3018798828125 0.00830078125 0.010986328125
0 0.552001953125 0.30517578125 0.02392578125 0.02783203125
0 0.5313720703125 0.3104248046875 0.016845703125 0.035888671875
0 0.5870361328125 0.3375244140625 0.018310546875 0.037353515625
0 0.5811767578125 0.30419921875 0.024169921875 0.02734375
0 0.568359375 0.338623046875 0.01806640625 0.0361328125
0 0.56787109375 0.3311767578125 0.0107421875 0.016845703125
0 0.5506591796875 0.3331298828125 0.010009765625 0.016357421875
0 0.55029296875 0.340087890625 0.01806640625 0.03662109375
0 0.5870361328125 0.3331298828125 0.014892578125 0.022216796875
0 0.0694580078125 0.358154296875 0.014404296875 0.029296875
