0 0.008056640625 0.4564208984375 0.01611328125 0.044677734375
0 0.399169921875 0.661865234375 0.0224609375 0.04052734375
0 0.013916015625 0.3975830078125 0.0166015625 0.045654296875
0 0.792236328125 0.3192138671875 0.11328125 0.062744140625
0 0.8192138671875 0.334716796875 0.051513671875 0.10791015625
0 0.8411865234375 0.376708984375 0.021240234375 0.046875
0 0.0052490234375 0.513427734375 0.010498046875 0.04443359375
0 0.0205078125 0.458740234375 0.041015625 0.3037109375
0 0.0035400390625 0.5657958984375 0.007080078125 0.043212890625
0 0.5826416015625 0.683349609375 0.022216796875 0.04443359375
0 0.399169921875 0.694091796875 0.02001953125 0.025390625
