0 0.605712890625 0.523193359375 0.0185546875 0.0302734375
0 0.2618408203125 0.5645751953125 0.008056640625 0.017822265625
0 0.4468994140625 0.6009521484375 0.021240234375 0.010498046875
0 0.71337890625 0.531005859375 0.03955078125 0.01416015625
0 0.9693603515625 0.6759033203125 0.029052734375 0.057373046875
0 0.966552734375 0.6353759765625 0.02490234375 0.023681640625
0 0.9937744140625 0.573974609375 0.011962890625 0.01904296875
0 0.966552734375 0.5731201171875 0.0283203125 0.019287109375
0 0.991943359375 0.6025390625 0.015625 0.037109375
0 0.993896484375 0.6351318359375 0.01171875 0.023193359375
0 0.966064453125 0.6025390625 0.029296875 0.0390625
0 0.5521240234375 0.6201171875 0.003173828125 0.00537109375
0 0.4713134765625 0.6365966796875 0.006591796875 0.015869140625
0 0.594970703125 0.6201171875 0.00341796875 0.0048828125
0 0.58251953125 0.618408203125 0.0029296875 0.00341796875
