0 0.37060546875 0.5234375 0.01611328125 0.0439453125
0 0.3399658203125 0.5157470703125 0.011474609375 0.007080078125
0 0.076904296875 0.535888671875 0.02197265625 0.02197265625
0 0.5009765625 0.525146484375 0.00439453125 0.00537109375
0 0.3536376953125 0.514892578125 0.012451171875 0.00830078125
0 0.3900146484375 0.518310546875 0.003662109375 0.0048828125
0 0.253173828125 0.501220703125 0.00927734375 0.01513671875
0 0.1978759765625 0.535888671875 0.021728515625 0.02099609375
0 0.4588623046875 0.517578125 0.003662109375 0.00439453125
0 0.447509765625 0.524169921875 0.00341796875 0.005859375
0 0.4803466796875 0.4033203125 0.088623046875 0.0517578125
0 0.5655517578125 0.512939453125 0.004150390625 0.00830078125
0 0.565185546875 0.5040283203125 0.00439453125 0.009033203125
0 0.2342529296875 0.491943359375 0.011962890625 0.015625
0 0.6077880859375 0.480712890625 0.012939453125 0.017578125
0 0.590576171875 0.5113525390625 0.0048828125 0.006591796875
0 0.510498046875 0.5316162109375 0.0048828125 0.015869140625
