0 0.6407470703125 0.306640625 0.057861328125 0.07568359375
0 0.6405029296875 0.2314453125 0.056884765625 0.0751953125
0 0.3975830078125 0.5648193359375 0.005615234375 0.007080078125
0 0.6435546875 0.3858642578125 0.0595703125 0.078857421875
0 0.45556640625 0.5582275390625 0.00634765625 0.009033203125
0 0.5279541015625 0.5433349609375 0.006591796875 0.012451171875
0 0.517333984375 0.502685546875 0.0166015625 0.02880859375
0 0.64501953125 0.4639892578125 0.025390625 0.077392578125
0 0.5172119140625 0.5224609375 0.016845703125 0.0087890625
0 0.4482421875 0.5618896484375 0.00732421875 0.009521484375
