0 0.8382568359375 0.31689453125 0.073974609375 0.0927734375
0 0.6910400390625 0.43896484375 0.031494140625 0.04052734375
0 0.8382568359375 0.4114990234375 0.071533203125 0.093017578125
0 0.6915283203125 0.4691162109375 0.026123046875 0.017822265625
0 0.5361328125 0.5517578125 0.00830078125 0.01123046875
0 0.50732421875 0.5577392578125 0.00341796875 0.001708984375
0 0.69189453125 0.4866943359375 0.02587890625 0.017822265625
0 0.5369873046875 0.5623779296875 0.005615234375 0.007568359375
0 0.5384521484375 0.5703125 0.005126953125 0.0068359375
0 0.50732421875 0.553955078125 0.0029296875 0.0048828125
0 0.692626953125 0.508056640625 0.0078125 0.02294921875
0 0.5594482421875 0.5299072265625 0.014404296875 0.019775390625
