0 0.502197265625 0.6220703125 0.04931640625 0.06982421875
0 0.609619140625 0.455810546875 0.16748046875 0.1943359375
0 0.6402587890625 0.69580078125 0.009033203125 0.0126953125
0 0.57373046875 0.6845703125 0.01953125 0.033203125
0 0.4031982421875 0.518310546875 0.029052734375 0.02685546875
0 0.7025146484375 0.748046875 0.004638671875 0.009765625
0 0.392578125 0.55322265625 0.01806640625 0.0576171875
0 0.5986328125 0.4404296875 0.0107421875 0.01513671875
0 0.6195068359375 0.502685546875 0.010986328125 0.01416015625
0 0.4072265625 0.5545654296875 0.01806640625 0.052001953125
0 0.5439453125 0.524658203125 0.013671875 0.0185546875
0 0.837646484375 0.7601318359375 0.00927734375 0.004150390625
