0 0.355224609375 0.506591796875 0.0078125 0.0107421875
0 0.44970703125 0.540771484375 0.00537109375 0.00732421875
0 0.191162109375 0.5670166015625 0.01171875 0.024169921875
0 0.5362548828125 0.527587890625 0.004150390625 0.01220703125
0 0.5853271484375 0.5516357421875 0.004638671875 0.008544921875
0 0.3555908203125 0.5103759765625 0.010498046875 0.020263671875
0 0.1923828125 0.5657958984375 0.0078125 0.010986328125
0 0.4495849609375 0.5478515625 0.003662109375 0.0078125
0 0.5360107421875 0.515869140625 0.010009765625 0.01123046875
0 0.2230224609375 0.423095703125 0.009033203125 0.03759765625
0 0.796142578125 0.4722900390625 0.0341796875 0.010009765625
