0 0.7039794921875 0.4844970703125 0.051513671875 0.064697265625
0 0.4134521484375 0.4918212890625 0.032958984375 0.022216796875
0 0.9833984375 0.35107421875 0.03173828125 0.18408203125
0 0.582763671875 0.502685546875 0.05078125 0.02001953125
0 0.7030029296875 0.38623046875 0.149658203125 0.11328125
0 0.5751953125 0.54541015625 0.01904296875 0.02197265625
0 0.538330078125 0.5264892578125 0.0166015625 0.040771484375
0 0.5914306640625 0.5186767578125 0.023193359375 0.009521484375
0 0.4031982421875 0.540771484375 0.023681640625 0.01513671875
0 0.383544921875 0.5040283203125 0.025390625 0.006103515625
0 0.413818359375 0.5147705078125 0.03271484375 0.020263671875
0 0.4246826171875 0.531005859375 0.013427734375 0.00634765625
0 0.38232421875 0.5184326171875 0.0263671875 0.016845703125
0 0.425537109375 0.54638671875 0.015625 0.00341796875
0 0.403076171875 0.5257568359375 0.02392578125 0.010986328125
0 0.42529296875 0.539306640625 0.013671875 0.00634765625
