0 0.58740234375 0.4661865234375 0.0224609375 0.040771484375
0 0.1981201171875 0.560302734375 0.005615234375 0.0107421875
0 0.5260009765625 0.5125732421875 0.008056640625 0.017822265625
0 0.6875 0.4154052734375 0.0498046875 0.105712890625
0 0.32568359375 0.541748046875 0.00390625 0.0107421875
0 0.4854736328125 0.52001953125 0.007080078125 0.015625
0 0.5889892578125 0.495361328125 0.010498046875 0.017578125
0 0.3880615234375 0.535400390625 0.004638671875 0.01171875
0 0.55859375 0.473876953125 0.01220703125 0.01123046875
0 0.55859375 0.48974609375 0.01513671875 0.01953125
0 0.55908203125 0.5076904296875 0.01220703125 0.015869140625
