0 0.2178955078125 0.2606201171875 0.048583984375 0.068115234375
0 0.650146484375 0.256591796875 0.01123046875 0.01318359375
0 0.64892578125 0.270751953125 0.00927734375 0.01318359375
0 0.46435546875 0.2833251953125 0.01025390625 0.012451171875
0 0.6627197265625 0.239501953125 0.011962890625 0.0380859375
0 0.744140625 0.215576171875 0.0166015625 0.05224609375
0 0.460205078125 0.3037109375 0.00830078125 0.01171875
0 0.2171630859375 0.17724609375 0.021240234375 0.1005859375
0 0.7421875 0.2520751953125 0.01513671875 0.025146484375
0 0.6614990234375 0.266845703125 0.010009765625 0.01806640625
0 0.639404296875 0.3050537109375 0.0087890625 0.014404296875
