0 0.5714111328125 0.5955810546875 0.013916015625 0.004150390625
0 0.571533203125 0.5982666015625 0.013671875 0.003662109375
0 0.5718994140625 0.6024169921875 0.014404296875 0.003662109375
0 0.572265625 0.6060791015625 0.01416015625 0.003662109375
0 0.572265625 0.6092529296875 0.0146484375 0.003662109375
0 0.5694580078125 0.61865234375 0.024658203125 0.00830078125
0 0.163818359375 0.6007080078125 0.00732421875 0.016357421875
0 0.512451171875 0.61083984375 0.005859375 0.01025390625
0 0.348388671875 0.615966796875 0.00927734375 0.01318359375
0 0.03369140625 0.537841796875 0.04345703125 0.05419921875
0 0.7554931640625 0.5260009765625 0.015869140625 0.065673828125
0 0.0247802734375 0.60986328125 0.011474609375 0.0126953125
