0 0.4801025390625 0.5428466796875 0.010009765625 0.011962890625
0 0.494384765625 0.5321044921875 0.01708984375 0.009521484375
0 0.4942626953125 0.5419921875 0.016845703125 0.01220703125
0 0.5924072265625 0.5367431640625 0.066162109375 0.035888671875
0 0.374267578125 0.564697265625 0.01806640625 0.0224609375
0 0.3980712890625 0.5650634765625 0.028564453125 0.021240234375
0 0.14599609375 0.5718994140625 0.005859375 0.002685546875
0 0.4940185546875 0.5267333984375 0.003662109375 0.003662109375
0 0.640869140625 0.5511474609375 0.03173828125 0.063720703125
0 0.4254150390625 0.588134765625 0.006591796875 0.0078125
0 0.42578125 0.5948486328125 0.0048828125 0.006103515625
0 0.426025390625 0.599853515625 0.00537109375 0.00390625
0 0.7764892578125 0.607666015625 0.012451171875 0.037109375
0 0.38525390625 0.57373046875 0.033203125 0.01611328125
0 0.5927734375 0.5655517578125 0.06494140625 0.025146484375
0 0.6214599609375 0.5615234375 0.005126953125 0.0078125
