0 0.6336669921875 0.2696533203125 0.031982421875 0.044677734375
0 0.63525390625 0.3360595703125 0.03173828125 0.049072265625
0 0.698974609375 0.48486328125 0.0166015625 0.0810546875
0 0.5904541015625 0.406982421875 0.028564453125 0.05419921875
0 0.6337890625 0.407470703125 0.03076171875 0.0478515625
0 0.1436767578125 0.51953125 0.012939453125 0.01953125
0 0.6075439453125 0.33056640625 0.111083984375 0.255859375
0 0.4251708984375 0.5606689453125 0.009521484375 0.014404296875
0 0.6458740234375 0.2252197265625 0.017333984375 0.024658203125
0 0.754638671875 0.55859375 0.07275390625 0.14111328125
0 0.474853515625 0.43701171875 0.029296875 0.05859375
0 0.73974609375 0.5665283203125 0.0244140625 0.050537109375
0 0.473876953125 0.45166015625 0.013671875 0.02490234375
0 0.76611328125 0.5623779296875 0.025390625 0.050048828125
