0 0.6246337890625 0.506103515625 0.015380859375 0.0205078125
0 0.38818359375 0.4693603515625 0.044921875 0.061767578125
0 0.4627685546875 0.5037841796875 0.005615234375 0.005126953125
0 0.316650390625 0.54345703125 0.0263671875 0.0400390625
0 0.4173583984375 0.50341796875 0.019287109375 0.0126953125
0 0.6671142578125 0.4185791015625 0.017333984375 0.022216796875
0 0.3875732421875 0.5291748046875 0.015869140625 0.055908203125
0 0.4366455078125 0.5025634765625 0.008056640625 0.010498046875
0 0.4989013671875 0.505859375 0.007080078125 0.00927734375
0 0.4986572265625 0.5089111328125 0.008544921875 0.015869140625
