0 0.5772705078125 0.3594970703125 0.169677734375 0.154052734375
0 0.4083251953125 0.36865234375 0.159912109375 0.10791015625
0 0.918212890625 0.6031494140625 0.01171875 0.013427734375
0 0.461181640625 0.550537109375 0.0302734375 0.02099609375
0 0.2025146484375 0.523681640625 0.033447265625 0.0263671875
0 0.1917724609375 0.5946044921875 0.033935546875 0.042236328125
0 0.1964111328125 0.5526123046875 0.032958984375 0.039794921875
0 0.5728759765625 0.345703125 0.030517578125 0.0390625
0 0.381103515625 0.3453369140625 0.03857421875 0.038818359375
0 0.6202392578125 0.27587890625 0.079345703125 0.033203125
0 0.5244140625 0.343994140625 0.0400390625 0.04248046875
