0 0.9451904296875 0.511962890625 0.018310546875 0.05712890625
0 0.9000244140625 0.380859375 0.074951171875 0.119140625
0 0.5072021484375 0.4688720703125 0.013916015625 0.023193359375
0 0.437744140625 0.439697265625 0.01318359375 0.03271484375
0 0.49853515625 0.4322509765625 0.02587890625 0.044677734375
0 0.7269287109375 0.4486083984375 0.009033203125 0.017333984375
0 0.3590087890625 0.337890625 0.190185546875 0.18310546875
0 0.591796875 0.4486083984375 0.00634765625 0.017333984375
0 0.8790283203125 0.4678955078125 0.048583984375 0.046142578125
0 0.3087158203125 0.3145751953125 0.031982421875 0.058349609375
