0 0.6051025390625 0.5657958984375 0.095947265625 0.104248046875
0 0.8321533203125 0.7054443359375 0.027099609375 0.044189453125
0 0.7904052734375 0.759033203125 0.009033203125 0.01416015625
0 0.4356689453125 0.75537109375 0.007568359375 0.0107421875
0 0.5726318359375 0.7625732421875 0.010498046875 0.009521484375
0 0.7896728515625 0.7615966796875 0.004638671875 0.005126953125
0 0.6990966796875 0.5758056640625 0.021240234375 0.027587890625
0 0.6051025390625 0.530517578125 0.026611328125 0.02587890625
0 0.6231689453125 0.5079345703125 0.060302734375 0.020263671875
0 0.72802734375 0.587646484375 0.1376953125 0.0771484375
0 0.75927734375 0.544921875 0.06982421875 0.0205078125
