0 0.567138671875 0.5726318359375 0.01220703125 0.017333984375
0 0.0855712890625 0.4908447265625 0.079345703125 0.038818359375
0 0.836181640625 0.588134765625 0.005859375 0.02001953125
0 0.8182373046875 0.6011962890625 0.009521484375 0.015869140625
0 0.6402587890625 0.5660400390625 0.012939453125 0.027587890625
0 0.8309326171875 0.6026611328125 0.005126953125 0.012939453125
0 0.8187255859375 0.586181640625 0.009521484375 0.01611328125
0 0.8355712890625 0.603515625 0.005126953125 0.01171875
0 0.848876953125 0.6064453125 0.01123046875 0.01806640625
0 0.8485107421875 0.5894775390625 0.011474609375 0.018310546875
0 0.08740234375 0.4534912109375 0.07958984375 0.040771484375
0 0.8309326171875 0.587158203125 0.006103515625 0.01806640625
