0 0.6650390625 0.3426513671875 0.05126953125 0.068603515625
0 0.6160888671875 0.335205078125 0.048583984375 0.06640625
0 0.4571533203125 0.6302490234375 0.019287109375 0.012451171875
0 0.531494140625 0.6375732421875 0.0087890625 0.012451171875
0 0.344970703125 0.6099853515625 0.01416015625 0.022216796875
0 0.4755859375 0.5894775390625 0.04248046875 0.034423828125
0 0.7745361328125 0.381591796875 0.033447265625 0.02197265625
0 0.7724609375 0.3370361328125 0.05126953125 0.064208984375
0 0.53173828125 0.64453125 0.0107421875 0.03076171875
0 0.592529296875 0.6552734375 0.005859375 0.009765625
0 0.5927734375 0.6656494140625 0.00390625 0.009521484375
