0 0.437744140625 0.4586181640625 0.01513671875 0.020263671875
0 0.7330322265625 0.358154296875 0.087158203125 0.07470703125
0 0.626220703125 0.3502197265625 0.07763671875 0.070068359375
0 0.7926025390625 0.4842529296875 0.028076171875 0.046142578125
0 0.4998779296875 0.4539794921875 0.036376953125 0.031494140625
0 0.737548828125 0.3067626953125 0.08447265625 0.031005859375
0 0.612548828125 0.339111328125 0.009765625 0.0126953125
0 0.25439453125 0.436279296875 0.0166015625 0.02197265625
0 0.62548828125 0.3397216796875 0.01025390625 0.013427734375
0 0.7052001953125 0.3411865234375 0.013916015625 0.019775390625
0 0.732666015625 0.3558349609375 0.01220703125 0.011474609375
0 0.63818359375 0.34033203125 0.00927734375 0.01318359375
