0 0.451904296875 0.6595458984375 0.01171875 0.016357421875
0 0.3353271484375 0.661865234375 0.012451171875 0.01611328125
0 0.389892578125 0.6697998046875 0.00732421875 0.010009765625
0 0.420166015625 0.673583984375 0.00390625 0.00341796875
0 0.463134765625 0.672607421875 0.00390625 0.00390625
0 0.463134765625 0.668212890625 0.0048828125 0.005859375
0 0.4205322265625 0.66943359375 0.005126953125 0.00634765625
0 0.335693359375 0.6734619140625 0.00927734375 0.007568359375
0 0.4527587890625 0.670654296875 0.009521484375 0.00537109375
0 0.44921875 0.668701171875 0.00537109375 0.00830078125
