0 0.3250732421875 0.7039794921875 0.010986328125 0.015869140625
0 0.6849365234375 0.755126953125 0.012939453125 0.0126953125
0 0.655517578125 0.731201171875 0.0146484375 0.021484375
0 0.619140625 0.7496337890625 0.00927734375 0.010498046875
0 0.6627197265625 0.735107421875 0.010986328125 0.01025390625
0 0.68701171875 0.72802734375 0.0146484375 0.01123046875
0 0.3231201171875 0.7161865234375 0.005615234375 0.007080078125
0 0.6651611328125 0.705322265625 0.012451171875 0.01025390625
0 0.6884765625 0.71875 0.01220703125 0.01025390625
0 0.6641845703125 0.7200927734375 0.016845703125 0.020263671875
0 0.61865234375 0.7578125 0.0068359375 0.0068359375
0 0.685791015625 0.740478515625 0.013671875 0.01904296875
0 0.630615234375 0.76220703125 0.00537109375 0.00634765625
0 0.6195068359375 0.7423095703125 0.007568359375 0.007568359375
0 0.6318359375 0.7540283203125 0.00732421875 0.010009765625
0 0.6319580078125 0.7464599609375 0.007080078125 0.005126953125
