0 0.398681640625 0.5699462890625 0.0107421875 0.016845703125
0 0.513671875 0.576171875 0.00341796875 0.00634765625
0 0.4840087890625 0.4610595703125 0.040283203125 0.012939453125
0 0.4366455078125 0.4652099609375 0.035888671875 0.013427734375
0 0.471435546875 0.5980224609375 0.0029296875 0.008056640625
0 0.602294921875 0.536376953125 0.0078125 0.01416015625
0 0.3309326171875 0.6187744140625 0.003173828125 0.005126953125
0 0.4346923828125 0.436279296875 0.033447265625 0.0126953125
0 0.406982421875 0.5618896484375 0.005859375 0.014404296875
0 0.5755615234375 0.5654296875 0.003662109375 0.01025390625
0 0.4747314453125 0.5849609375 0.002685546875 0.0068359375
0 0.482666015625 0.45068359375 0.0380859375 0.0126953125
0 0.471923828125 0.603271484375 0.00244140625 0.00439453125
0 0.4407958984375 0.4442138671875 0.045654296875 0.011474609375
0 0.334716796875 0.611083984375 0.00244140625 0.0048828125
0 0.3045654296875 0.5960693359375 0.004638671875 0.007568359375
0 0.4027099609375 0.579833984375 0.004150390625 0.00537109375
0 0.3673095703125 0.59912109375 0.003173828125 0.00634765625
0 0.2940673828125 0.61572265625 0.002685546875 0.00439453125
0 0.21240234375 0.6029052734375 0.0048828125 0.008056640625
0 0.3170166015625 0.5980224609375 0.004150390625 0.007080078125
0 0.61474609375 0.572021484375 0.00390625 0.0078125
0 0.3880615234375 0.5631103515625 0.006591796875 0.011474609375
0 0.547607421875 0.564453125 0.0048828125 0.00927734375
0 0.3988037109375 0.554931640625 0.007080078125 0.01220703125
0 0.211669921875 0.581298828125 0.00927734375 0.01513671875
0 0.53271484375 0.5635986328125 0.0078125 0.013916015625
0 0.406494140625 0.594482421875 0.00537109375 0.015625
0 0.4364013671875 0.45556640625 0.035400390625 0.01220703125
