0 0.914794921875 0.6456298828125 0.06201171875 0.048583984375
0 0.545654296875 0.6881103515625 0.01025390625 0.013427734375
0 0.089599609375 0.6258544921875 0.03076171875 0.012939453125
0 0.7080078125 0.6761474609375 0.0234375 0.010498046875
0 0.9171142578125 0.7259521484375 0.020751953125 0.029052734375
0 0.9278564453125 0.7003173828125 0.020751953125 0.029541015625
0 0.905517578125 0.6983642578125 0.02099609375 0.028564453125
0 0.9151611328125 0.676513671875 0.037353515625 0.02099609375
0 0.544677734375 0.6978759765625 0.00732421875 0.005126953125
0 0.35400390625 0.703857421875 0.0078125 0.01171875
0 0.569580078125 0.72216796875 0.00732421875 0.01123046875
0 0.507080078125 0.6949462890625 0.00244140625 0.005615234375
