0 0.3924560546875 0.325927734375 0.005126953125 0.0126953125
0 0.6063232421875 0.3238525390625 0.022705078125 0.031494140625
0 0.301025390625 0.3583984375 0.0029296875 0.0107421875
0 0.3040771484375 0.3580322265625 0.001708984375 0.010986328125
0 0.2757568359375 0.3326416015625 0.005615234375 0.008056640625
0 0.3123779296875 0.359130859375 0.002685546875 0.01123046875
0 0.307861328125 0.3587646484375 0.00244140625 0.010498046875
0 0.3203125 0.337158203125 0.00390625 0.00634765625
0 0.2359619140625 0.32568359375 0.003662109375 0.00537109375
0 0.3927001953125 0.3375244140625 0.004150390625 0.009521484375
