0 0.68115234375 0.115234375 0.0361328125 0.0576171875
0 0.820556640625 0.4163818359375 0.03271484375 0.025634765625
0 0.4813232421875 0.5003662109375 0.007568359375 0.012451171875
0 0.14111328125 0.130859375 0.0400390625 0.0625
0 0.5867919921875 0.532958984375 0.042236328125 0.03125
0 0.5479736328125 0.56640625 0.009521484375 0.01611328125
0 0.407958984375 0.501953125 0.0078125 0.01171875
0 0.4454345703125 0.5015869140625 0.007568359375 0.012939453125
0 0.32373046875 0.13134765625 0.0390625 0.0615234375
0 0.822265625 0.4757080078125 0.0322265625 0.027099609375
0 0.819091796875 0.37548828125 0.03466796875 0.0546875
0 0.4981689453125 0.124755859375 0.036865234375 0.06103515625
0 0.9024658203125 0.2813720703125 0.192626953125 0.194580078125
0 0.8216552734375 0.445556640625 0.033935546875 0.02734375
0 0.55419921875 0.5714111328125 0.005859375 0.010009765625
0 0.5205078125 0.496826171875 0.0078125 0.0126953125
