0 0.41259765625 0.769775390625 0.017578125 0.03857421875
0 0.155029296875 0.7584228515625 0.02294921875 0.042236328125
0 0.646484375 0.7711181640625 0.01416015625 0.031494140625
0 0.6749267578125 0.888671875 0.042724609375 0.05126953125
0 0.347900390625 0.759521484375 0.0224609375 0.037109375
0 0.0372314453125 0.7427978515625 0.016357421875 0.009521484375
0 0.1025390625 0.784423828125 0.00634765625 0.0048828125
0 0.8843994140625 0.8629150390625 0.029052734375 0.040771484375
0 0.0469970703125 0.7713623046875 0.004638671875 0.006591796875
0 0.06689453125 0.758544921875 0.0224609375 0.00634765625
