0 0.5167236328125 0.8173828125 0.027099609375 0.0380859375
0 0.5784912109375 0.852783203125 0.003173828125 0.00537109375
0 0.8316650390625 0.68505859375 0.049072265625 0.060546875
0 0.7767333984375 0.7840576171875 0.031005859375 0.035888671875
0 0.468017578125 0.838134765625 0.0078125 0.01220703125
0 0.409423828125 0.82666015625 0.0048828125 0.00927734375
0 0.5787353515625 0.843017578125 0.005615234375 0.01513671875
0 0.8406982421875 0.8253173828125 0.006103515625 0.010009765625
0 0.515380859375 0.8453369140625 0.009765625 0.015380859375
0 0.5823974609375 0.8394775390625 0.004638671875 0.012451171875
0 0.789306640625 0.810791015625 0.025390625 0.04150390625
0 0.9765625 0.6591796875 0.04638671875 0.08740234375
0 0.7904052734375 0.8394775390625 0.014404296875 0.014892578125
0 0.383056640625 0.8270263671875 0.005859375 0.010009765625
0 0.7781982421875 0.809326171875 0.019287109375 0.01123046875
0 0.474365234375 0.8394775390625 0.0283203125 0.037841796875
0 0.9212646484375 0.707275390625 0.087646484375 0.10693359375
0 0.8721923828125 0.70703125 0.249755859375 0.14013671875
0 0.53125 0.8367919921875 0.00390625 0.013916015625
