0 0.62646484375 0.6397705078125 0.025390625 0.033447265625
0 0.850830078125 0.554931640625 0.02783203125 0.02001953125
0 0.3994140625 0.642578125 0.0087890625 0.013671875
0 0.162841796875 0.6905517578125 0.0146484375 0.012939453125
0 0.69580078125 0.679931640625 0.0107421875 0.0146484375
0 0.164306640625 0.6636962890625 0.021484375 0.007568359375
0 0.6448974609375 0.6771240234375 0.004638671875 0.014404296875
0 0.6470947265625 0.6884765625 0.004150390625 0.00634765625
0 0.7001953125 0.6654052734375 0.00830078125 0.015869140625
0 0.176513671875 0.7137451171875 0.01318359375 0.010498046875
0 0.1646728515625 0.67529296875 0.022216796875 0.01416015625
0 0.1644287109375 0.6529541015625 0.017822265625 0.010498046875
0 0.565673828125 0.7005615234375 0.0078125 0.010986328125
0 0.4921875 0.6502685546875 0.0234375 0.008056640625
0 0.4464111328125 0.697265625 0.006591796875 0.0107421875
0 0.8585205078125 0.6151123046875 0.025634765625 0.024169921875
0 0.8765869140625 0.6492919921875 0.013916015625 0.013916015625
0 0.8543701171875 0.5838623046875 0.036865234375 0.041259765625
0 0.009521484375 0.59765625 0.01904296875 0.02099609375
0 0.62841796875 0.6617431640625 0.01318359375 0.014892578125
0 0.5877685546875 0.67822265625 0.014892578125 0.01171875
0 0.8736572265625 0.6251220703125 0.026123046875 0.034912109375
0 0.5550537109375 0.692626953125 0.012939453125 0.017578125
0 0.5853271484375 0.651123046875 0.030517578125 0.0419921875
0 0.904052734375 0.637451171875 0.0205078125 0.02392578125
0 0.1785888671875 0.7025146484375 0.016357421875 0.011962890625
0 0.03369140625 0.71044921875 0.0048828125 0.0185546875
