0 0.463134765625 0.2510986328125 0.0234375 0.051513671875
0 0.6695556640625 0.5035400390625 0.003173828125 0.024169921875
0 0.0966796875 0.5074462890625 0.0029296875 0.004638671875
0 0.09814453125 0.498046875 0.01611328125 0.009765625
0 0.591796875 0.4678955078125 0.005859375 0.006103515625
0 0.99169921875 0.5924072265625 0.01611328125 0.100341796875
0 0.607421875 0.5003662109375 0.02294921875 0.046142578125
0 0.9593505859375 0.536376953125 0.015380859375 0.05322265625
0 0.9141845703125 0.050537109375 0.040771484375 0.10107421875
0 0.669677734375 0.4713134765625 0.00927734375 0.017822265625
0 0.591552734375 0.498291015625 0.00732421875 0.01220703125
0 0.6370849609375 0.50341796875 0.006591796875 0.01953125
0 0.1212158203125 0.4793701171875 0.009033203125 0.007080078125
0 0.5478515625 0.258544921875 0.0556640625 0.0400390625
0 0.5987548828125 0.4395751953125 0.024169921875 0.022705078125
0 0.5797119140625 0.5018310546875 0.005615234375 0.010986328125
0 0.2178955078125 0.22998046875 0.027587890625 0.0458984375
0 0.7227783203125 0.1759033203125 0.022216796875 0.044189453125
0 0.0965576171875 0.4990234375 0.005126953125 0.0107421875
0 0.5916748046875 0.48828125 0.006591796875 0.0068359375
0 0.591796875 0.4779052734375 0.0068359375 0.011474609375
