0 0.5904541015625 0.413818359375 0.012451171875 0.009765625
0 0.505859375 0.381103515625 0.04248046875 0.02685546875
0 0.57763671875 0.4141845703125 0.01318359375 0.009521484375
0 0.5689697265625 0.4169921875 0.009033203125 0.015625
0 0.45166015625 0.3831787109375 0.01220703125 0.015380859375
0 0.5198974609375 0.3658447265625 0.012451171875 0.005126953125
0 0.5113525390625 0.3643798828125 0.005615234375 0.006591796875
0 0.5133056640625 0.372314453125 0.005126953125 0.00830078125
0 0.4517822265625 0.3851318359375 0.006591796875 0.007080078125
0 0.49951171875 0.373291015625 0.00732421875 0.00732421875
0 0.4515380859375 0.3720703125 0.005126953125 0.00634765625
