0 0.541015625 0.4942626953125 0.052734375 0.014892578125
0 0.280517578125 0.5013427734375 0.00390625 0.005615234375
0 0.91259765625 0.40771484375 0.06494140625 0.12744140625
0 0.43896484375 0.50390625 0.00732421875 0.009765625
0 0.5283203125 0.47705078125 0.02734375 0.0185546875
0 0.605224609375 0.500732421875 0.00244140625 0.00732421875
0 0.4384765625 0.5130615234375 0.00390625 0.009521484375
0 0.2340087890625 0.4923095703125 0.003662109375 0.003662109375
0 0.4296875 0.5003662109375 0.00390625 0.004150390625
0 0.2381591796875 0.5 0.010498046875 0.0048828125
