0 0.8834228515625 0.662109375 0.018310546875 0.0234375
0 0.494873046875 0.696533203125 0.00732421875 0.00439453125
0 0.5892333984375 0.72607421875 0.004638671875 0.005859375
0 0.4813232421875 0.6956787109375 0.010986328125 0.005126953125
0 0.7178955078125 0.7421875 0.004638671875 0.00927734375
0 0.55615234375 0.717529296875 0.0087890625 0.00732421875
0 0.769287109375 0.742431640625 0.001953125 0.0146484375
0 0.3680419921875 0.6700439453125 0.004150390625 0.006591796875
0 0.552734375 0.722900390625 0.00244140625 0.00341796875
0 0.294677734375 0.714599609375 0.0068359375 0.01708984375
0 0.17578125 0.6466064453125 0.00732421875 0.007568359375
0 0.17431640625 0.658203125 0.00732421875 0.01708984375
0 0.1732177734375 0.6741943359375 0.004638671875 0.014404296875
0 0.5711669921875 0.7257080078125 0.004638671875 0.007080078125
0 0.7091064453125 0.68505859375 0.024658203125 0.02490234375
0 0.414306640625 0.7264404296875 0.00732421875 0.010009765625
0 0.709228515625 0.6873779296875 0.02978515625 0.063232421875
0 0.1412353515625 0.7030029296875 0.025146484375 0.032958984375
0 0.1771240234375 0.63818359375 0.006103515625 0.01220703125
0 0.7086181640625 0.736572265625 0.012939453125 0.00927734375
