0 0.49169921875 0.5811767578125 0.00634765625 0.008544921875
0 0.0150146484375 0.526611328125 0.010498046875 0.0146484375
0 0.5887451171875 0.535400390625 0.023193359375 0.03076171875
0 0.6051025390625 0.540283203125 0.009521484375 0.0126953125
0 0.0927734375 0.6063232421875 0.00341796875 0.007080078125
0 0.1744384765625 0.578857421875 0.005126953125 0.0087890625
0 0.0594482421875 0.548095703125 0.020263671875 0.02685546875
0 0.0267333984375 0.5263671875 0.010498046875 0.013671875
0 0.0201416015625 0.5384521484375 0.035400390625 0.051513671875
0 0.059326171875 0.5706787109375 0.017578125 0.017333984375
0 0.5572509765625 0.545654296875 0.016357421875 0.0205078125
