0 0.0269775390625 0.4814453125 0.029052734375 0.02978515625
0 0.9580078125 0.5399169921875 0.00634765625 0.009033203125
0 0.975830078125 0.555419921875 0.015625 0.01708984375
0 0.697021484375 0.231201171875 0.04736328125 0.03271484375
0 0.828125 0.546875 0.01416015625 0.01806640625
0 0.5718994140625 0.525390625 0.004638671875 0.005859375
0 0.700927734375 0.5916748046875 0.06201171875 0.076416015625
0 0.85693359375 0.5277099609375 0.00390625 0.010986328125
0 0.810546875 0.5296630859375 0.00537109375 0.013427734375
0 0.572021484375 0.5279541015625 0.00732421875 0.012939453125
