0 0.739501953125 0.4044189453125 0.0224609375 0.029052734375
0 0.64013671875 0.4490966796875 0.01416015625 0.018798828125
0 0.766357421875 0.51806640625 0.00927734375 0.0126953125
0 0.7518310546875 0.4952392578125 0.007080078125 0.011474609375
0 0.7398681640625 0.4466552734375 0.024658203125 0.017822265625
0 0.5313720703125 0.4969482421875 0.004638671875 0.005126953125
0 0.739501953125 0.4288330078125 0.02392578125 0.017333984375
0 0.5718994140625 0.4959716796875 0.005615234375 0.007080078125
0 0.7515869140625 0.506103515625 0.007080078125 0.00634765625
0 0.7508544921875 0.53076171875 0.005126953125 0.02099609375
0 0.5989990234375 0.4930419921875 0.006103515625 0.009033203125
0 0.7403564453125 0.485107421875 0.009033203125 0.0146484375
0 0.7398681640625 0.4647216796875 0.023681640625 0.017822265625
0 0.7958984375 0.5159912109375 0.0068359375 0.014404296875
