0 0.2100830078125 0.1322021484375 0.019287109375 0.029541015625
0 0.35693359375 0.31201171875 0.01953125 0.03271484375
0 0.10498046875 0.1219482421875 0.0205078125 0.034912109375
0 0.4339599609375 0.419189453125 0.014892578125 0.02490234375
0 0.183837890625 0.1295166015625 0.0205078125 0.031982421875
0 0.057373046875 0.43408203125 0.00732421875 0.01123046875
0 0.15771484375 0.1270751953125 0.02001953125 0.031982421875
0 0.13134765625 0.1251220703125 0.0205078125 0.033447265625
0 0.1240234375 0.3367919921875 0.0185546875 0.029052734375
0 0.05712890625 0.447265625 0.00732421875 0.0146484375
