0 0.4893798828125 0.7418212890625 0.005126953125 0.015869140625
0 0.7569580078125 0.639892578125 0.014404296875 0.0478515625
0 0.342041015625 0.668701171875 0.00439453125 0.0126953125
0 0.887451171875 0.6898193359375 0.00439453125 0.013427734375
0 0.9676513671875 0.6549072265625 0.008056640625 0.010986328125
0 0.9681396484375 0.6763916015625 0.005615234375 0.014892578125
0 0.8853759765625 0.63818359375 0.010498046875 0.02783203125
0 0.638427734375 0.7608642578125 0.0029296875 0.024169921875
0 0.75830078125 0.6707763671875 0.01318359375 0.016845703125
0 0.88623046875 0.665771484375 0.01220703125 0.0322265625
0 0.4888916015625 0.70556640625 0.011962890625 0.0068359375
