0 0.0750732421875 0.51806640625 0.014404296875 0.017578125
0 0.432861328125 0.508544921875 0.00537109375 0.00732421875
0 0.507080078125 0.5089111328125 0.0048828125 0.007568359375
0 0.3726806640625 0.5108642578125 0.005126953125 0.006591796875
0 0.15673828125 0.5150146484375 0.01416015625 0.017822265625
0 0.450439453125 0.5074462890625 0.00537109375 0.007568359375
0 0.4508056640625 0.5126953125 0.005126953125 0.0029296875
0 0.50732421875 0.5140380859375 0.00439453125 0.002685546875
0 0.500732421875 0.5111083984375 0.00390625 0.003662109375
0 0.4619140625 0.50732421875 0.00390625 0.00439453125
0 0.03173828125 0.5206298828125 0.00634765625 0.006591796875
0 0.0101318359375 0.5218505859375 0.005615234375 0.007080078125
0 0.4615478515625 0.511474609375 0.003662109375 0.0029296875
0 0.5003662109375 0.5069580078125 0.003662109375 0.005126953125
0 0.372314453125 0.5157470703125 0.0048828125 0.002685546875
