0 0.9420166015625 0.448974609375 0.094482421875 0.05419921875
0 0.1771240234375 0.51953125 0.100830078125 0.10400390625
0 0.495361328125 0.334716796875 0.04931640625 0.0625
0 0.49658203125 0.3773193359375 0.05078125 0.023681640625
0 0.4974365234375 0.45556640625 0.049072265625 0.0234375
0 0.49755859375 0.4835205078125 0.04931640625 0.036865234375
0 0.2933349609375 0.5390625 0.010009765625 0.033203125
0 0.941162109375 0.398193359375 0.09619140625 0.0595703125
0 0.4962158203125 0.413818359375 0.055908203125 0.224609375
0 0.498046875 0.5113525390625 0.04931640625 0.022705078125
0 0.49658203125 0.427734375 0.0498046875 0.033203125
0 0.49609375 0.3994140625 0.0498046875 0.02392578125
0 0.3388671875 0.53857421875 0.01318359375 0.041015625
