0 0.5494384765625 0.605712890625 0.002685546875 0.00341796875
0 0.5592041015625 0.6058349609375 0.002685546875 0.004150390625
0 0.5697021484375 0.60595703125 0.002685546875 0.00341796875
0 0.562744140625 0.6182861328125 0.001953125 0.004638671875
0 0.578369140625 0.6044921875 0.0029296875 0.00341796875
0 0.5816650390625 0.6048583984375 0.003173828125 0.003662109375
0 0.5823974609375 0.6204833984375 0.004638671875 0.004638671875
0 0.6234130859375 0.6175537109375 0.003662109375 0.006591796875
0 0.623291015625 0.62451171875 0.0029296875 0.00439453125
0 0.6422119140625 0.6204833984375 0.004638671875 0.005615234375
0 0.641845703125 0.6259765625 0.00439453125 0.005859375
0 0.9736328125 0.6265869140625 0.005859375 0.009033203125
0 0.9827880859375 0.514404296875 0.029541015625 0.05615234375
0 0.8304443359375 0.6280517578125 0.004638671875 0.006103515625
0 0.8297119140625 0.6224365234375 0.008056640625 0.010498046875
