0 0.4681396484375 0.5643310546875 0.009521484375 0.004638671875
0 0.8955078125 0.568359375 0.00634765625 0.00732421875
0 0.659912109375 0.55615234375 0.01171875 0.017578125
0 0.739013671875 0.5552978515625 0.01513671875 0.027099609375
0 0.7032470703125 0.55029296875 0.011962890625 0.02099609375
0 0.44091796875 0.5556640625 0.01220703125 0.00732421875
0 0.38623046875 0.5408935546875 0.00390625 0.012939453125
0 0.42822265625 0.542724609375 0.0078125 0.01123046875
0 0.759765625 0.5435791015625 0.009765625 0.020263671875
0 0.63623046875 0.5506591796875 0.0078125 0.003173828125
0 0.6815185546875 0.55419921875 0.010498046875 0.017578125
0 0.89599609375 0.5537109375 0.0185546875 0.017578125
0 0.9007568359375 0.4697265625 0.066650390625 0.076171875
0 0.8973388671875 0.525390625 0.018798828125 0.03515625
0 0.8958740234375 0.5718994140625 0.018798828125 0.018798828125
0 0.638916015625 0.55859375 0.00537109375 0.009765625
