0 0.4093017578125 0.640869140625 0.013916015625 0.02587890625
0 0.279052734375 0.60400390625 0.02099609375 0.02783203125
0 0.3931884765625 0.66162109375 0.059814453125 0.017578125
0 0.5927734375 0.6234130859375 0.0263671875 0.016845703125
0 0.562255859375 0.447021484375 0.01708984375 0.0263671875
0 0.56298828125 0.684326171875 0.0361328125 0.00732421875
0 0.2779541015625 0.62744140625 0.020751953125 0.0234375
0 0.280517578125 0.5726318359375 0.0166015625 0.034912109375
0 0.406982421875 0.684326171875 0.01513671875 0.02978515625
0 0.5494384765625 0.679443359375 0.013916015625 0.00537109375
0 0.54736328125 0.6927490234375 0.00244140625 0.003662109375
0 0.59619140625 0.6927490234375 0.00244140625 0.003662109375
