0 0.8392333984375 0.4420166015625 0.013916015625 0.022216796875
0 0.3681640625 0.4775390625 0.01416015625 0.0244140625
0 0.2498779296875 0.461181640625 0.018310546875 0.0263671875
0 0.3662109375 0.4521484375 0.01708984375 0.02490234375
0 0.075439453125 0.517822265625 0.013671875 0.01904296875
0 0.7037353515625 0.484375 0.010009765625 0.0087890625
0 0.70361328125 0.468017578125 0.01025390625 0.0234375
0 0.8272705078125 0.4573974609375 0.012939453125 0.019775390625
0 0.8514404296875 0.433349609375 0.010986328125 0.01953125
0 0.839111328125 0.463623046875 0.01123046875 0.02001953125
0 0.74609375 0.4932861328125 0.00537109375 0.009521484375
0 0.87939453125 0.2847900390625 0.103515625 0.125732421875
0 0.9075927734375 0.280517578125 0.032470703125 0.048828125
0 0.655029296875 0.46875 0.01123046875 0.02001953125
0 0.25146484375 0.488525390625 0.01708984375 0.02783203125
0 0.6119384765625 0.478759765625 0.010498046875 0.0185546875
0 0.9266357421875 0.40771484375 0.015380859375 0.02587890625
0 0.8729248046875 0.281982421875 0.033935546875 0.05078125
0 0.8089599609375 0.3297119140625 0.034912109375 0.054931640625
0 0.4088134765625 0.47265625 0.012451171875 0.02197265625
0 0.076904296875 0.5374755859375 0.01220703125 0.018310546875
0 0.578369140625 0.4652099609375 0.01220703125 0.021240234375
0 0.580810546875 0.5311279296875 0.01123046875 0.029541015625
