0 0.35107421875 0.580810546875 0.017578125 0.0048828125
0 0.6925048828125 0.5203857421875 0.019775390625 0.040283203125
0 0.56787109375 0.6148681640625 0.005859375 0.015380859375
0 0.566650390625 0.5963134765625 0.00830078125 0.021240234375
0 0.5655517578125 0.57275390625 0.012451171875 0.02587890625
0 0.383056640625 0.607421875 0.00634765625 0.0126953125
0 0.2591552734375 0.58154296875 0.006103515625 0.01025390625
0 0.326904296875 0.63232421875 0.00390625 0.0078125
0 0.2908935546875 0.58056640625 0.006103515625 0.01171875
0 0.2149658203125 0.65234375 0.006103515625 0.0107421875
0 0.1527099609375 0.6536865234375 0.007568359375 0.010009765625
0 0.6514892578125 0.539794921875 0.021240234375 0.0166015625
0 0.6500244140625 0.5294189453125 0.008544921875 0.008544921875
0 0.650146484375 0.5174560546875 0.0380859375 0.015380859375
0 0.3675537109375 0.610107421875 0.010009765625 0.00341796875
0 0.334716796875 0.633544921875 0.005859375 0.00927734375
0 0.32666015625 0.638916015625 0.00244140625 0.005859375
