0 0.56201171875 0.7161865234375 0.00439453125 0.006591796875
0 0.56298828125 0.730224609375 0.00341796875 0.01123046875
0 0.6925048828125 0.6375732421875 0.039794921875 0.030517578125
0 0.693115234375 0.659912109375 0.0390625 0.015625
0 0.55078125 0.723876953125 0.00439453125 0.013671875
0 0.4681396484375 0.7283935546875 0.003173828125 0.004638671875
0 0.5726318359375 0.718505859375 0.003662109375 0.00537109375
0 0.612060546875 0.712890625 0.00341796875 0.00537109375
0 0.41748046875 0.6627197265625 0.00830078125 0.011474609375
0 0.3909912109375 0.7159423828125 0.008056640625 0.006103515625
0 0.454833984375 0.6632080078125 0.00830078125 0.010986328125
0 0.612060546875 0.719970703125 0.00244140625 0.0087890625
0 0.63671875 0.680419921875 0.009765625 0.01220703125
0 0.6370849609375 0.6898193359375 0.009033203125 0.006103515625
0 0.5789794921875 0.6495361328125 0.009033203125 0.012451171875
0 0.0606689453125 0.73828125 0.014404296875 0.01708984375
0 0.718017578125 0.525390625 0.052734375 0.06591796875
0 0.53857421875 0.656494140625 0.0087890625 0.0126953125
0 0.390869140625 0.6925048828125 0.01123046875 0.015380859375
0 0.7117919921875 0.4617919921875 0.052001953125 0.062744140625
0 0.6348876953125 0.6650390625 0.010986328125 0.0146484375
0 0.5506591796875 0.7142333984375 0.004150390625 0.006591796875
0 0.3909912109375 0.70703125 0.009521484375 0.01220703125
0 0.49609375 0.6612548828125 0.0087890625 0.011474609375
0 0.5621337890625 0.7216796875 0.004150390625 0.0048828125
