0 0.5919189453125 0.6806640625 0.027587890625 0.052734375
0 0.441650390625 0.78759765625 0.005859375 0.0126953125
0 0.59326171875 0.7161865234375 0.021484375 0.023681640625
0 0.477294921875 0.74609375 0.00439453125 0.01123046875
0 0.5081787109375 0.7354736328125 0.014404296875 0.024658203125
0 0.4942626953125 0.7711181640625 0.003662109375 0.010009765625
0 0.5211181640625 0.778076171875 0.006103515625 0.01513671875
0 0.478515625 0.772705078125 0.00341796875 0.009765625
0 0.44677734375 0.7984619140625 0.00830078125 0.010009765625
0 0.521484375 0.7913818359375 0.005859375 0.010009765625
0 0.5050048828125 0.7315673828125 0.004150390625 0.009033203125
0 0.4979248046875 0.7440185546875 0.005615234375 0.004150390625
0 0.3587646484375 0.806884765625 0.005615234375 0.005859375
0 0.3160400390625 0.802490234375 0.006591796875 0.0068359375
