0 0.240234375 0.86962890625 0.01806640625 0.0361328125
0 0.8983154296875 0.940673828125 0.008056640625 0.01025390625
0 0.917724609375 0.98291015625 0.02001953125 0.01513671875
0 0.274169921875 0.8502197265625 0.01611328125 0.015869140625
0 0.9010009765625 0.96630859375 0.012451171875 0.00634765625
0 0.9063720703125 0.9752197265625 0.027587890625 0.014892578125
0 0.89306640625 0.9500732421875 0.0068359375 0.009521484375
0 0.7357177734375 0.9520263671875 0.007568359375 0.013427734375
0 0.8934326171875 0.9619140625 0.006103515625 0.00927734375
0 0.82958984375 0.8936767578125 0.07666015625 0.025146484375
0 0.27294921875 0.8668212890625 0.0146484375 0.014404296875
0 0.9013671875 0.9727783203125 0.00439453125 0.003173828125
0 0.900390625 0.954345703125 0.0107421875 0.0146484375
