0 0.1605224609375 0.35595703125 0.007568359375 0.0068359375
0 0.158935546875 0.37548828125 0.00830078125 0.0322265625
0 0.16064453125 0.3382568359375 0.01025390625 0.027099609375
0 0.4720458984375 0.42626953125 0.008056640625 0.01025390625
0 0.46142578125 0.4248046875 0.00830078125 0.01025390625
0 0.6505126953125 0.45166015625 0.004638671875 0.013671875
0 0.7069091796875 0.46923828125 0.008544921875 0.0205078125
0 0.710205078125 0.44091796875 0.01806640625 0.0361328125
0 0.904541015625 0.4501953125 0.0078125 0.01416015625
0 0.9046630859375 0.4669189453125 0.006591796875 0.015380859375
0 0.9049072265625 0.4810791015625 0.006103515625 0.008056640625
0 0.93701171875 0.418701171875 0.0029296875 0.03369140625
0 0.267333984375 0.41015625 0.0068359375 0.01025390625
