0 0.2080078125 0.41845703125 0.01123046875 0.02197265625
0 0.1103515625 0.4864501953125 0.03759765625 0.049072265625
0 0.6175537109375 0.2432861328125 0.060302734375 0.033447265625
0 0.614501953125 0.254638671875 0.12353515625 0.1630859375
0 0.5733642578125 0.2548828125 0.011962890625 0.01708984375
0 0.5340576171875 0.27978515625 0.038818359375 0.0185546875
0 0.622314453125 0.308349609375 0.0634765625 0.03076171875
0 0.4224853515625 0.4432373046875 0.030517578125 0.043701171875
0 0.61474609375 0.3463134765625 0.11181640625 0.047607421875
0 0.6473388671875 0.198974609375 0.016845703125 0.02685546875
0 0.3817138671875 0.4339599609375 0.024169921875 0.034423828125
