0 0.6370849609375 0.35205078125 0.019287109375 0.0126953125
0 0.685546875 0.2578125 0.044921875 0.06103515625
0 0.580078125 0.358154296875 0.0107421875 0.0146484375
0 0.4163818359375 0.2728271484375 0.042236328125 0.017822265625
0 0.4449462890625 0.2857666015625 0.013427734375 0.017822265625
0 0.69091796875 0.281005859375 0.02587890625 0.04833984375
0 0.6802978515625 0.318603515625 0.013916015625 0.01416015625
0 0.6920166015625 0.345947265625 0.010498046875 0.01416015625
0 0.685546875 0.26611328125 0.017578125 0.02490234375
0 0.5540771484375 0.2977294921875 0.008544921875 0.006103515625
0 0.416015625 0.2421875 0.04296875 0.04345703125
0 0.4061279296875 0.2786865234375 0.021728515625 0.028564453125
