0 0.4385986328125 0.4727783203125 0.042724609375 0.059326171875
0 0.5245361328125 0.4627685546875 0.043701171875 0.058837890625
0 0.491455078125 0.5831298828125 0.044921875 0.041259765625
0 0.611572265625 0.4522705078125 0.04541015625 0.059814453125
0 0.8038330078125 0.4337158203125 0.058837890625 0.072021484375
0 0.447265625 0.5885009765625 0.04296875 0.040771484375
0 0.3148193359375 0.5380859375 0.052978515625 0.07080078125
0 0.50146484375 0.5736083984375 0.0078125 0.011474609375
0 0.4798583984375 0.576171875 0.008056640625 0.01123046875
0 0.7188720703125 0.6331787109375 0.006103515625 0.013916015625
0 0.715576171875 0.6439208984375 0.01416015625 0.018310546875
0 0.979736328125 0.6240234375 0.0400390625 0.0439453125
0 0.76806640625 0.6446533203125 0.00927734375 0.013916015625
