0 0.1529541015625 0.36083984375 0.070556640625 0.1142578125
0 0.157958984375 0.2467041015625 0.0712890625 0.114501953125
0 0.0933837890625 0.246337890625 0.049072265625 0.07666015625
0 0.2618408203125 0.44189453125 0.052490234375 0.0830078125
0 0.09033203125 0.30517578125 0.04833984375 0.0439453125
0 0.4412841796875 0.57861328125 0.010498046875 0.01953125
0 0.4517822265625 0.57861328125 0.010498046875 0.02001953125
0 0.1510009765625 0.43603515625 0.073486328125 0.044921875
0 0.440673828125 0.5933837890625 0.01025390625 0.010498046875
0 0.463623046875 0.601806640625 0.0341796875 0.01171875
0 0.4686279296875 0.576416015625 0.019287109375 0.01220703125
0 0.4512939453125 0.593505859375 0.010986328125 0.0107421875
