0 0.7576904296875 0.744384765625 0.024169921875 0.04541015625
0 0.44384765625 0.7545166015625 0.03173828125 0.028564453125
0 0.41015625 0.60986328125 0.11376953125 0.1005859375
0 0.3746337890625 0.5484619140625 0.041259765625 0.034912109375
0 0.4935302734375 0.748046875 0.029052734375 0.03564453125
0 0.6614990234375 0.6195068359375 0.107666015625 0.065185546875
0 0.5196533203125 0.5906982421875 0.106201171875 0.127685546875
0 0.69140625 0.57568359375 0.04296875 0.02197265625
0 0.4166259765625 0.59716796875 0.020751953125 0.02734375
0 0.43408203125 0.73583984375 0.01123046875 0.00927734375
0 0.4007568359375 0.794677734375 0.011962890625 0.02099609375
0 0.48779296875 0.569580078125 0.021484375 0.0302734375
0 0.646728515625 0.77587890625 0.01220703125 0.01953125
0 0.55615234375 0.5682373046875 0.0166015625 0.027099609375
0 0.7733154296875 0.78173828125 0.007568359375 0.0146484375
0 0.4495849609375 0.5966796875 0.015869140625 0.02685546875
0 0.520751953125 0.5693359375 0.01708984375 0.02734375
0 0.540283203125 0.7879638671875 0.01171875 0.020263671875
0 0.4940185546875 0.74267578125 0.004638671875 0.00830078125
0 0.4366455078125 0.751708984375 0.005126953125 0.0087890625
0 0.445556640625 0.7513427734375 0.005859375 0.008544921875
0 0.485107421875 0.7430419921875 0.00537109375 0.008544921875
0 0.503662109375 0.742919921875 0.00537109375 0.00830078125
0 0.383544921875 0.59912109375 0.01708984375 0.02783203125
0 0.45458984375 0.7509765625 0.00439453125 0.0087890625
0 0.447021484375 0.7838134765625 0.0166015625 0.009521484375
