0 0.447998046875 0.48779296875 0.0537109375 0.04345703125
0 0.4881591796875 0.56787109375 0.006103515625 0.0078125
0 0.5535888671875 0.492919921875 0.061767578125 0.0517578125
0 0.1015625 0.40185546875 0.033203125 0.10693359375
0 0.4395751953125 0.4769287109375 0.010009765625 0.012939453125
0 0.4085693359375 0.5657958984375 0.006103515625 0.008544921875
0 0.636474609375 0.5653076171875 0.01708984375 0.023193359375
0 0.49609375 0.581298828125 0.00341796875 0.01806640625
0 0.408203125 0.573486328125 0.00537109375 0.005859375
0 0.5947265625 0.56640625 0.00537109375 0.01171875
0 0.4178466796875 0.58447265625 0.003662109375 0.0048828125
0 0.04931640625 0.552490234375 0.00439453125 0.0048828125
0 0.5399169921875 0.4801025390625 0.011962890625 0.016357421875
0 0.5882568359375 0.5836181640625 0.003662109375 0.004638671875
0 0.487548828125 0.57568359375 0.00439453125 0.0068359375
