0 0.433349609375 0.3934326171875 0.00927734375 0.012451171875
0 0.43359375 0.3660888671875 0.00927734375 0.012939453125
0 0.3192138671875 0.5841064453125 0.008544921875 0.010498046875
0 0.2894287109375 0.5882568359375 0.010986328125 0.013916015625
0 0.1617431640625 0.577880859375 0.008056640625 0.00830078125
0 0.4637451171875 0.3765869140625 0.082275390625 0.091552734375
0 0.442626953125 0.3226318359375 0.01025390625 0.013427734375
0 0.31884765625 0.5948486328125 0.0078125 0.011474609375
0 0.4627685546875 0.3212890625 0.081787109375 0.02099609375
0 0.4287109375 0.5711669921875 0.02197265625 0.010986328125
0 0.4293212890625 0.55859375 0.022705078125 0.009765625
0 0.527099609375 0.552490234375 0.0146484375 0.01708984375
0 0.3189697265625 0.5743408203125 0.008056640625 0.009521484375
