0 0.4281005859375 0.1204833984375 0.038818359375 0.072998046875
0 0.725341796875 0.2562255859375 0.01318359375 0.006591796875
0 0.7904052734375 0.26025390625 0.005126953125 0.01220703125
0 0.7305908203125 0.2723388671875 0.004638671875 0.013427734375
0 0.7720947265625 0.2650146484375 0.005126953125 0.011962890625
0 0.784423828125 0.2454833984375 0.00830078125 0.013427734375
0 0.783935546875 0.26123046875 0.0068359375 0.01318359375
0 0.884765625 0.23583984375 0.017578125 0.02197265625
0 0.9156494140625 0.2347412109375 0.027587890625 0.017822265625
0 0.8204345703125 0.2506103515625 0.010009765625 0.018798828125
0 0.64892578125 0.126953125 0.03955078125 0.07177734375
0 0.858154296875 0.2457275390625 0.021484375 0.013427734375
0 0.7720947265625 0.2418212890625 0.007568359375 0.014892578125
0 0.8009033203125 0.2484130859375 0.009033203125 0.015380859375
0 0.7052001953125 0.2486572265625 0.007568359375 0.013427734375
0 0.7308349609375 0.2554931640625 0.008056640625 0.013916015625
0 0.7041015625 0.19970703125 0.04248046875 0.04052734375
0 0.7254638671875 0.272216796875 0.007568359375 0.00537109375
0 0.828369140625 0.25244140625 0.009765625 0.0078125
