0 0.30517578125 0.27734375 0.0537109375 0.125
0 0.79248046875 0.288330078125 0.02587890625 0.02783203125
0 0.6988525390625 0.288818359375 0.025634765625 0.0263671875
0 0.6048583984375 0.2884521484375 0.026123046875 0.026123046875
0 0.9266357421875 0.37255859375 0.022705078125 0.02734375
0 0.8653564453125 0.28564453125 0.023681640625 0.02685546875
0 0.675048828125 0.463623046875 0.00634765625 0.00830078125
0 0.4471435546875 0.4686279296875 0.010498046875 0.012939453125
0 0.4957275390625 0.427001953125 0.021728515625 0.03076171875
0 0.6685791015625 0.4676513671875 0.007080078125 0.008544921875
0 0.814208984375 0.4315185546875 0.00927734375 0.015869140625
0 0.6953125 0.4468994140625 0.00634765625 0.008544921875
0 0.6954345703125 0.4549560546875 0.007080078125 0.007568359375
0 0.926513671875 0.4052734375 0.015625 0.03759765625
0 0.988037109375 0.427734375 0.00537109375 0.00439453125
0 0.974853515625 0.4312744140625 0.0126953125 0.005126953125
0 0.02880859375 0.4881591796875 0.01025390625 0.014404296875
0 0.0294189453125 0.5 0.010498046875 0.01123046875
0 0.36865234375 0.3524169921875 0.01171875 0.015869140625
0 0.3843994140625 0.3514404296875 0.012451171875 0.016845703125
0 0.004150390625 0.5032958984375 0.00830078125 0.010498046875
0 0.0048828125 0.5135498046875 0.009765625 0.010009765625
0 0.8314208984375 0.28662109375 0.007568359375 0.01806640625
0 0.552001953125 0.277099609375 0.00927734375 0.0166015625
0 0.846435546875 0.275634765625 0.0078125 0.01806640625
