0 0.9229736328125 0.5504150390625 0.020263671875 0.029541015625
0 0.50634765625 0.52294921875 0.0234375 0.0302734375
0 0.26123046875 0.531982421875 0.02392578125 0.03125
0 0.3680419921875 0.279296875 0.088134765625 0.05419921875
0 0.2603759765625 0.4908447265625 0.038330078125 0.118408203125
0 0.600341796875 0.2796630859375 0.0888671875 0.053955078125
0 0.108642578125 0.277099609375 0.0966796875 0.05517578125
0 0.426025390625 0.27880859375 0.02978515625 0.05224609375
0 0.658447265625 0.2779541015625 0.02685546875 0.053466796875
0 0.9232177734375 0.559326171875 0.026611328125 0.05810546875
0 0.1715087890625 0.2779541015625 0.028564453125 0.053466796875
0 0.5048828125 0.483154296875 0.0361328125 0.11474609375
0 0.50634765625 0.4630126953125 0.02001953125 0.028076171875
0 0.26025390625 0.4697265625 0.0185546875 0.0263671875
