0 0.692626953125 0.7615966796875 0.01904296875 0.040771484375
0 0.6484375 0.770263671875 0.015625 0.0234375
0 0.669189453125 0.767822265625 0.00439453125 0.00830078125
0 0.52587890625 0.7557373046875 0.01318359375 0.016357421875
0 0.5076904296875 0.7559814453125 0.007568359375 0.010009765625
0 0.54638671875 0.7716064453125 0.005859375 0.010009765625
0 0.84521484375 0.76708984375 0.00390625 0.005859375
0 0.4810791015625 0.7537841796875 0.008056640625 0.008056640625
0 0.403076171875 0.7490234375 0.0029296875 0.0048828125
0 0.7449951171875 0.289306640625 0.075439453125 0.068359375
