0 0.7138671875 0.649169921875 0.04541015625 0.0576171875
0 0.4573974609375 0.6907958984375 0.017822265625 0.011962890625
0 0.5169677734375 0.684326171875 0.025146484375 0.01904296875
0 0.4993896484375 0.687744140625 0.007080078125 0.02685546875
0 0.552490234375 0.6856689453125 0.0078125 0.012939453125
0 0.648193359375 0.69091796875 0.00439453125 0.01416015625
0 0.66943359375 0.6871337890625 0.017578125 0.006591796875
0 0.5081787109375 0.7010498046875 0.005615234375 0.014404296875
0 0.5247802734375 0.7020263671875 0.005126953125 0.012451171875
0 0.3564453125 0.6961669921875 0.00732421875 0.006591796875
0 0.4515380859375 0.698974609375 0.003173828125 0.005859375
0 0.32421875 0.6942138671875 0.0068359375 0.010009765625
