0 0.633056640625 0.5894775390625 0.0078125 0.013427734375
0 0.6063232421875 0.5926513671875 0.007568359375 0.013427734375
0 0.673095703125 0.5770263671875 0.01025390625 0.015869140625
0 0.8380126953125 0.551025390625 0.007080078125 0.0087890625
0 0.8583984375 0.45703125 0.04150390625 0.052734375
0 0.499755859375 0.6011962890625 0.00634765625 0.009521484375
0 0.6529541015625 0.5819091796875 0.008544921875 0.014404296875
0 0.83544921875 0.5003662109375 0.00830078125 0.010498046875
0 0.4713134765625 0.6015625 0.008544921875 0.01220703125
0 0.85302734375 0.3883056640625 0.03662109375 0.018310546875
0 0.85986328125 0.4964599609375 0.02099609375 0.024658203125
0 0.8369140625 0.530517578125 0.0078125 0.009765625
0 0.364990234375 0.58935546875 0.01318359375 0.0068359375
0 0.33154296875 0.6197509765625 0.0029296875 0.006591796875
0 0.3302001953125 0.626220703125 0.002685546875 0.00537109375
0 0.669189453125 0.56494140625 0.00537109375 0.009765625
0 0.38427734375 0.6119384765625 0.00537109375 0.005615234375
0 0.8359375 0.505615234375 0.013671875 0.0234375
0 0.6690673828125 0.5628662109375 0.003662109375 0.004150390625
0 0.6734619140625 0.5618896484375 0.003173828125 0.006591796875
0 0.67333984375 0.5611572265625 0.00244140625 0.004150390625
0 0.5523681640625 0.5965576171875 0.006591796875 0.007568359375
0 0.551513671875 0.5797119140625 0.00341796875 0.005615234375
0 0.5546875 0.5885009765625 0.0029296875 0.006103515625
