0 0.4759521484375 0.749267578125 0.011962890625 0.01318359375
0 0.4298095703125 0.7568359375 0.015380859375 0.0205078125
0 0.744384765625 0.7667236328125 0.01220703125 0.015869140625
0 0.0816650390625 0.70263671875 0.015380859375 0.01953125
0 0.02880859375 0.7132568359375 0.00732421875 0.010009765625
0 0.31396484375 0.76806640625 0.00634765625 0.01123046875
0 0.0799560546875 0.71728515625 0.016845703125 0.01123046875
0 0.0277099609375 0.7197265625 0.006591796875 0.00439453125
0 0.18798828125 0.7696533203125 0.01904296875 0.008544921875
0 0.475830078125 0.7779541015625 0.00732421875 0.010986328125
0 0.0018310546875 0.7069091796875 0.003662109375 0.013427734375
0 0.5653076171875 0.75341796875 0.011962890625 0.01318359375
0 0.4285888671875 0.783447265625 0.006591796875 0.033203125
0 0.6575927734375 0.80322265625 0.018310546875 0.0087890625
0 0.7451171875 0.7794189453125 0.01220703125 0.008056640625
