0 0.6279296875 0.2071533203125 0.04541015625 0.081298828125
0 0.483154296875 0.333740234375 0.00439453125 0.00830078125
0 0.8402099609375 0.314453125 0.009521484375 0.041015625
0 0.6234130859375 0.2852783203125 0.031494140625 0.019775390625
0 0.467529296875 0.3360595703125 0.01123046875 0.020263671875
0 0.6915283203125 0.3438720703125 0.004638671875 0.024169921875
0 0.4229736328125 0.318359375 0.008544921875 0.02001953125
0 0.4678955078125 0.349609375 0.010986328125 0.0078125
0 0.474609375 0.3299560546875 0.02490234375 0.030517578125
0 0.4266357421875 0.35888671875 0.008056640625 0.009765625
