0 0.120361328125 0.5169677734375 0.01611328125 0.037841796875
0 0.1026611328125 0.5164794921875 0.015869140625 0.035400390625
0 0.1177978515625 0.564208984375 0.015869140625 0.03759765625
0 0.3251953125 0.6292724609375 0.0078125 0.016357421875
0 0.369384765625 0.5069580078125 0.0205078125 0.029052734375
0 0.1007080078125 0.5625 0.016845703125 0.03759765625
0 0.110107421875 0.5546875 0.0419921875 0.14111328125
0 0.345947265625 0.5064697265625 0.02294921875 0.031005859375
0 0.4171142578125 0.6339111328125 0.007568359375 0.015380859375
0 0.4171142578125 0.6455078125 0.006103515625 0.00732421875
