0 0.61474609375 0.5142822265625 0.0126953125 0.007568359375
0 0.5970458984375 0.4686279296875 0.016357421875 0.009033203125
0 0.4052734375 0.46484375 0.0107421875 0.015625
0 0.527587890625 0.4815673828125 0.04248046875 0.009033203125
0 0.5882568359375 0.4788818359375 0.032958984375 0.014892578125
0 0.5892333984375 0.4814453125 0.005126953125 0.00634765625
0 0.5843505859375 0.4813232421875 0.004638671875 0.006103515625
0 0.4146728515625 0.4654541015625 0.006591796875 0.006591796875
0 0.412353515625 0.4697265625 0.001953125 0.00390625
0 0.32421875 0.4873046875 0.00244140625 0.00341796875
0 0.32421875 0.491943359375 0.00244140625 0.0029296875
0 0.3516845703125 0.489990234375 0.002685546875 0.00341796875
0 0.3514404296875 0.494873046875 0.002685546875 0.00390625
0 0.027099609375 0.4825439453125 0.00390625 0.004638671875
0 0.329833984375 0.49267578125 0.00244140625 0.00390625
