0 0.44091796875 0.3951416015625 0.0068359375 0.010986328125
0 0.4415283203125 0.3818359375 0.009521484375 0.01416015625
0 0.2540283203125 0.3934326171875 0.006591796875 0.013916015625
0 0.49951171875 0.393798828125 0.0244140625 0.0087890625
0 0.36083984375 0.385498046875 0.013671875 0.005859375
0 0.25341796875 0.4073486328125 0.005859375 0.013427734375
0 0.426025390625 0.4071044921875 0.0068359375 0.009033203125
0 0.4404296875 0.4034423828125 0.005859375 0.004638671875
0 0.4993896484375 0.3768310546875 0.025634765625 0.008056640625
0 0.2537841796875 0.418701171875 0.002685546875 0.00830078125
0 0.34521484375 0.390869140625 0.01123046875 0.00537109375
0 0.4989013671875 0.3851318359375 0.026123046875 0.009521484375
