0 0.4173583984375 0.5028076171875 0.012939453125 0.017333984375
0 0.70654296875 0.59033203125 0.025390625 0.02294921875
0 0.7362060546875 0.537109375 0.024169921875 0.021484375
0 0.754638671875 0.5909423828125 0.06201171875 0.070556640625
0 0.146728515625 0.571044921875 0.00732421875 0.021484375
0 0.70751953125 0.563232421875 0.0283203125 0.03515625
0 0.738525390625 0.4854736328125 0.02783203125 0.017822265625
0 0.7103271484375 0.485595703125 0.026123046875 0.01708984375
0 0.73779296875 0.50927734375 0.0263671875 0.0341796875
0 0.396728515625 0.608642578125 0.00244140625 0.00830078125
0 0.416015625 0.60693359375 0.00244140625 0.00732421875
0 0.7093505859375 0.5107421875 0.026123046875 0.033203125
0 0.7081298828125 0.5367431640625 0.023681640625 0.020263671875
0 0.744873046875 0.5947265625 0.01220703125 0.0146484375
0 0.753662109375 0.57177734375 0.0126953125 0.01513671875
0 0.98681640625 0.4134521484375 0.02587890625 0.149658203125
