0 0.192138671875 0.6473388671875 0.00390625 0.008056640625
0 0.3033447265625 0.634521484375 0.008544921875 0.01025390625
0 0.55517578125 0.614013671875 0.02783203125 0.01123046875
0 0.555908203125 0.5775146484375 0.02783203125 0.010986328125
0 0.555908203125 0.5684814453125 0.02734375 0.010009765625
0 0.555908203125 0.55908203125 0.02685546875 0.00927734375
0 0.68896484375 0.6727294921875 0.009765625 0.012939453125
0 0.5552978515625 0.6053466796875 0.026611328125 0.010498046875
0 0.555908203125 0.5865478515625 0.02685546875 0.010986328125
0 0.548828125 0.56787109375 0.00244140625 0.00390625
0 0.5555419921875 0.5955810546875 0.027099609375 0.010009765625
