0 0.445556640625 0.56005859375 0.01416015625 0.025390625
0 0.8690185546875 0.54736328125 0.017333984375 0.04052734375
0 0.5635986328125 0.6053466796875 0.006103515625 0.010986328125
0 0.6754150390625 0.5863037109375 0.014404296875 0.026611328125
0 0.504638671875 0.6015625 0.005859375 0.009765625
0 0.4443359375 0.5919189453125 0.0048828125 0.014404296875
0 0.445068359375 0.577880859375 0.00439453125 0.013671875
0 0.8662109375 0.49951171875 0.0263671875 0.06103515625
0 0.6279296875 0.5924072265625 0.00390625 0.009521484375
0 0.59619140625 0.60302734375 0.00244140625 0.009765625
0 0.469482421875 0.5855712890625 0.0029296875 0.010009765625
0 0.6275634765625 0.605224609375 0.004638671875 0.01220703125
0 0.46923828125 0.59521484375 0.0029296875 0.009765625
0 0.5966796875 0.595703125 0.00244140625 0.00830078125
