0 0.858642578125 0.388916015625 0.0634765625 0.1064453125
0 0.591552734375 0.5399169921875 0.005859375 0.007568359375
0 0.8748779296875 0.479736328125 0.047119140625 0.07373046875
0 0.55419921875 0.5460205078125 0.00341796875 0.006103515625
0 0.6033935546875 0.5343017578125 0.001708984375 0.006103515625
0 0.372314453125 0.5374755859375 0.00390625 0.010009765625
0 0.4588623046875 0.5303955078125 0.011962890625 0.008056640625
0 0.372802734375 0.5450439453125 0.00341796875 0.005126953125
0 0.4581298828125 0.5360107421875 0.007568359375 0.006591796875
0 0.2188720703125 0.5418701171875 0.005615234375 0.008056640625
0 0.5289306640625 0.548583984375 0.002685546875 0.0048828125
