0 0.5989990234375 0.8028564453125 0.008544921875 0.011962890625
0 0.04638671875 0.8515625 0.00537109375 0.01220703125
0 0.2572021484375 0.82470703125 0.010498046875 0.0146484375
0 0.20068359375 0.8502197265625 0.013671875 0.016845703125
0 0.39453125 0.844482421875 0.01025390625 0.0166015625
0 0.1026611328125 0.8330078125 0.012451171875 0.01611328125
0 0.781005859375 0.849365234375 0.01123046875 0.01806640625
0 0.6009521484375 0.8035888671875 0.038818359375 0.069580078125
0 0.099853515625 0.8577880859375 0.0068359375 0.009033203125
0 0.1024169921875 0.8465576171875 0.009521484375 0.010986328125
0 0.1026611328125 0.8187255859375 0.012939453125 0.011962890625
0 0.4239501953125 0.84228515625 0.013916015625 0.0205078125
0 0.4093017578125 0.8447265625 0.014404296875 0.01953125
0 0.106201171875 0.8609619140625 0.0068359375 0.009033203125
0 0.78125 0.8480224609375 0.0048828125 0.007080078125
