0 0.75390625 0.482666015625 0.06884765625 0.09033203125
0 0.04345703125 0.5679931640625 0.072265625 0.096923828125
0 0.15869140625 0.7083740234375 0.01611328125 0.047607421875
0 0.529541015625 0.5821533203125 0.01708984375 0.029052734375
0 0.53076171875 0.6065673828125 0.01025390625 0.016845703125
0 0.3695068359375 0.6309814453125 0.008544921875 0.012451171875
0 0.423095703125 0.6241455078125 0.00537109375 0.010498046875
0 0.371337890625 0.6441650390625 0.00634765625 0.010498046875
0 0.4039306640625 0.625732421875 0.005126953125 0.01123046875
0 0.4359130859375 0.6239013671875 0.005126953125 0.010986328125
