0 0.1593017578125 0.6121826171875 0.008056640625 0.011962890625
0 0.797607421875 0.6419677734375 0.0107421875 0.006591796875
0 0.7890625 0.654052734375 0.0078125 0.0048828125
0 0.8489990234375 0.6124267578125 0.021240234375 0.012939453125
0 0.7886962890625 0.659912109375 0.007568359375 0.0048828125
0 0.7742919921875 0.6690673828125 0.003662109375 0.007568359375
0 0.799072265625 0.6571044921875 0.01171875 0.008056640625
0 0.798828125 0.649169921875 0.01220703125 0.00732421875
0 0.7972412109375 0.6331787109375 0.011962890625 0.006591796875
0 0.8499755859375 0.627685546875 0.022705078125 0.013671875
0 0.56103515625 0.5760498046875 0.02001953125 0.027587890625
0 0.7880859375 0.6463623046875 0.0087890625 0.010986328125
0 0.8245849609375 0.5933837890625 0.020263671875 0.024658203125
0 0.8465576171875 0.5916748046875 0.021728515625 0.027099609375
0 0.77392578125 0.6617431640625 0.0029296875 0.004150390625
0 0.7958984375 0.621826171875 0.0126953125 0.01611328125
0 0.826904296875 0.619384765625 0.0224609375 0.0263671875
0 0.8509521484375 0.641845703125 0.021240234375 0.015625
0 0.78955078125 0.66552734375 0.0087890625 0.00537109375
