0 0.3992919921875 0.3587646484375 0.020263671875 0.038818359375
0 0.12646484375 0.290283203125 0.1103515625 0.0380859375
0 0.1185302734375 0.3448486328125 0.054443359375 0.035888671875
0 0.3997802734375 0.39111328125 0.020751953125 0.02783203125
0 0.5009765625 0.376708984375 0.0068359375 0.0166015625
0 0.578125 0.38427734375 0.00634765625 0.0166015625
0 0.435546875 0.3604736328125 0.02783203125 0.026611328125
0 0.1512451171875 0.3258056640625 0.050537109375 0.032958984375
0 0.180908203125 0.35498046875 0.04736328125 0.02978515625
0 0.152099609375 0.351806640625 0.013671875 0.02294921875
