0 0.388427734375 0.579833984375 0.01513671875 0.0234375
0 0.4190673828125 0.58642578125 0.032470703125 0.01171875
0 0.164306640625 0.6375732421875 0.00830078125 0.011474609375
0 0.1900634765625 0.63916015625 0.009521484375 0.0126953125
0 0.4669189453125 0.60986328125 0.003173828125 0.00341796875
0 0.4578857421875 0.6295166015625 0.007568359375 0.010498046875
0 0.1881103515625 0.546142578125 0.035400390625 0.044921875
0 0.25 0.5560302734375 0.0068359375 0.016357421875
0 0.2486572265625 0.57861328125 0.007568359375 0.01416015625
0 0.3641357421875 0.615966796875 0.004638671875 0.005859375
0 0.760009765625 0.6544189453125 0.01611328125 0.022705078125
0 0.0755615234375 0.6373291015625 0.011474609375 0.010986328125
0 0.4854736328125 0.6217041015625 0.015869140625 0.020263671875
0 0.10595703125 0.640625 0.0107421875 0.00927734375
