0 0.537841796875 0.5201416015625 0.01904296875 0.046142578125
0 0.1011962890625 0.5994873046875 0.012451171875 0.028564453125
0 0.4339599609375 0.4912109375 0.030517578125 0.080078125
0 0.3917236328125 0.492431640625 0.052490234375 0.08203125
0 0.4593505859375 0.5906982421875 0.011962890625 0.040283203125
0 0.3428955078125 0.495361328125 0.046142578125 0.08251953125
0 0.4072265625 0.6072998046875 0.00390625 0.008544921875
0 0.5379638671875 0.555908203125 0.016845703125 0.02001953125
0 0.416015625 0.5970458984375 0.00732421875 0.016357421875
0 0.42919921875 0.5985107421875 0.017578125 0.020263671875
0 0.41064453125 0.5860595703125 0.00341796875 0.014404296875
0 0.429443359375 0.58349609375 0.017578125 0.0107421875
0 0.4005126953125 0.586181640625 0.008544921875 0.01513671875
0 0.4478759765625 0.5858154296875 0.011962890625 0.022216796875
0 0.4471435546875 0.562744140625 0.011474609375 0.02197265625
