0 0.4384765625 0.679443359375 0.01025390625 0.00634765625
0 0.3323974609375 0.4249267578125 0.256591796875 0.115966796875
0 0.5826416015625 0.4013671875 0.138427734375 0.1484375
0 0.28125 0.507568359375 0.0263671875 0.037109375
0 0.3818359375 0.5052490234375 0.0263671875 0.036865234375
0 0.377685546875 0.6890869140625 0.005859375 0.005126953125
0 0.450927734375 0.6785888671875 0.00830078125 0.007080078125
0 0.5831298828125 0.4334716796875 0.033447265625 0.022705078125
0 0.364013671875 0.4544677734375 0.02587890625 0.020751953125
0 0.302978515625 0.4549560546875 0.0302734375 0.021728515625
0 0.1839599609375 0.697265625 0.013427734375 0.01025390625
0 0.2691650390625 0.4549560546875 0.025634765625 0.021240234375
0 0.3973388671875 0.454345703125 0.029541015625 0.02197265625
