0 0.57177734375 0.6397705078125 0.0107421875 0.019775390625
0 0.530517578125 0.6761474609375 0.01904296875 0.011962890625
0 0.52978515625 0.6251220703125 0.00634765625 0.011962890625
0 0.5062255859375 0.6246337890625 0.006591796875 0.011962890625
0 0.617431640625 0.6494140625 0.0400390625 0.04345703125
0 0.5614013671875 0.6846923828125 0.012451171875 0.012939453125
0 0.5115966796875 0.6632080078125 0.003662109375 0.006103515625
0 0.5155029296875 0.6904296875 0.012451171875 0.0087890625
0 0.5379638671875 0.66259765625 0.003173828125 0.005859375
0 0.495849609375 0.6907958984375 0.00830078125 0.008544921875
0 0.571044921875 0.678466796875 0.015625 0.00732421875
0 0.45947265625 0.625 0.00634765625 0.01220703125
0 0.482177734375 0.625 0.00634765625 0.01220703125
0 0.5252685546875 0.6630859375 0.003662109375 0.005859375
0 0.5579833984375 0.6932373046875 0.005615234375 0.004150390625
0 0.4993896484375 0.6624755859375 0.003662109375 0.006591796875
