0 0.7950439453125 0.52392578125 0.026123046875 0.03857421875
0 0.7662353515625 0.522216796875 0.021728515625 0.02099609375
0 0.3709716796875 0.5672607421875 0.013916015625 0.034912109375
0 0.748779296875 0.528076171875 0.0087890625 0.01123046875
0 0.7486572265625 0.51416015625 0.008056640625 0.0107421875
0 0.7364501953125 0.514404296875 0.009033203125 0.0126953125
0 0.4248046875 0.5364990234375 0.01904296875 0.020263671875
0 0.723388671875 0.5335693359375 0.01220703125 0.018798828125
0 0.7362060546875 0.5401611328125 0.008544921875 0.011962890625
0 0.748779296875 0.5404052734375 0.00830078125 0.011474609375
0 0.74169921875 0.525634765625 0.025390625 0.044921875
0 0.17724609375 0.5146484375 0.02294921875 0.02001953125
0 0.7364501953125 0.5269775390625 0.010009765625 0.012451171875
