0 0.807861328125 0.5579833984375 0.0166015625 0.018310546875
0 0.133056640625 0.5936279296875 0.0107421875 0.021240234375
0 0.4716796875 0.560791015625 0.033203125 0.01611328125
0 0.437255859375 0.56298828125 0.0322265625 0.01513671875
0 0.2841796875 0.5540771484375 0.05029296875 0.037841796875
0 0.420654296875 0.6025390625 0.0078125 0.0126953125
0 0.3436279296875 0.6363525390625 0.005126953125 0.009521484375
0 0.7529296875 0.4749755859375 0.017578125 0.025634765625
0 0.817626953125 0.4317626953125 0.07373046875 0.087158203125
0 0.45166015625 0.526611328125 0.005859375 0.01904296875
0 0.451416015625 0.5103759765625 0.005859375 0.019287109375
0 0.1796875 0.6424560546875 0.01171875 0.008056640625
0 0.421142578125 0.6177978515625 0.01123046875 0.014892578125
0 0.4525146484375 0.54296875 0.005126953125 0.01953125
0 0.7513427734375 0.4593505859375 0.015380859375 0.027099609375
