0 0.236328125 0.3883056640625 0.00830078125 0.055908203125
0 0.7303466796875 0.401611328125 0.029541015625 0.06591796875
0 0.5823974609375 0.4422607421875 0.019775390625 0.029541015625
0 0.6434326171875 0.4002685546875 0.019287109375 0.036376953125
0 0.572265625 0.44384765625 0.01611328125 0.02392578125
0 0.691650390625 0.403564453125 0.02685546875 0.04150390625
0 0.5849609375 0.462158203125 0.02587890625 0.01904296875
0 0.5736083984375 0.4639892578125 0.016357421875 0.015380859375
0 0.5394287109375 0.427490234375 0.004638671875 0.00732421875
0 0.4971923828125 0.4066162109375 0.008544921875 0.012451171875
