0 0.58203125 0.5919189453125 0.00634765625 0.008544921875
0 0.4146728515625 0.5828857421875 0.011962890625 0.015869140625
0 0.6243896484375 0.555908203125 0.057373046875 0.05859375
0 0.4583740234375 0.5921630859375 0.004638671875 0.005126953125
0 0.6217041015625 0.551513671875 0.004638671875 0.00634765625
0 0.642578125 0.5333251953125 0.01025390625 0.004638671875
0 0.7032470703125 0.5799560546875 0.005126953125 0.007080078125
0 0.6309814453125 0.5733642578125 0.005615234375 0.005615234375
0 0.53466796875 0.5919189453125 0.0029296875 0.004150390625
0 0.42626953125 0.5947265625 0.00390625 0.00634765625
0 0.5823974609375 0.6016845703125 0.005615234375 0.011962890625
