0 0.4212646484375 0.6602783203125 0.012451171875 0.012939453125
0 0.603271484375 0.603271484375 0.01953125 0.03955078125
0 0.3975830078125 0.6468505859375 0.007568359375 0.011474609375
0 0.365234375 0.6656494140625 0.00341796875 0.008056640625
0 0.3621826171875 0.6678466796875 0.004638671875 0.005615234375
0 0.371826171875 0.6751708984375 0.00244140625 0.003173828125
0 0.34033203125 0.67529296875 0.00244140625 0.00390625
0 0.326904296875 0.6751708984375 0.00244140625 0.004638671875
0 0.3553466796875 0.6761474609375 0.002197265625 0.003662109375
0 0.3978271484375 0.665771484375 0.015380859375 0.021484375
0 0.3980712890625 0.6668701171875 0.005615234375 0.010498046875
