0 0.10107421875 0.504150390625 0.005859375 0.00732421875
0 0.6671142578125 0.506591796875 0.012939453125 0.03662109375
0 0.174072265625 0.47802734375 0.01318359375 0.01513671875
0 0.0634765625 0.5040283203125 0.005859375 0.007080078125
0 0.038818359375 0.50146484375 0.00439453125 0.0068359375
0 0.28466796875 0.50439453125 0.00390625 0.0068359375
0 0.08203125 0.4847412109375 0.0107421875 0.013427734375
0 0.04833984375 0.4935302734375 0.013671875 0.027099609375
0 0.2850341796875 0.5079345703125 0.008056640625 0.020263671875
0 0.0157470703125 0.4896240234375 0.009033203125 0.010498046875
0 0.258056640625 0.43798828125 0.013671875 0.021484375
0 0.7491455078125 0.474365234375 0.006103515625 0.0146484375
0 0.438232421875 0.44970703125 0.0146484375 0.0234375
0 0.323974609375 0.4615478515625 0.01318359375 0.020751953125
0 0.5020751953125 0.4923095703125 0.011962890625 0.009521484375
0 0.04833984375 0.487060546875 0.009765625 0.01123046875
0 0.174072265625 0.4864501953125 0.017578125 0.037353515625
0 0.501953125 0.4820556640625 0.0068359375 0.011962890625
0 0.3236083984375 0.47314453125 0.019287109375 0.048828125
0 0.082275390625 0.4923095703125 0.0146484375 0.030029296875
0 0.258056640625 0.449462890625 0.0185546875 0.05029296875
0 0.43798828125 0.462890625 0.0205078125 0.05712890625
0 0.7493896484375 0.4798583984375 0.006591796875 0.026123046875
0 0.0159912109375 0.4962158203125 0.012451171875 0.026123046875
0 0.2845458984375 0.510986328125 0.004150390625 0.00634765625
