0 0.365966796875 0.46923828125 0.00927734375 0.02001953125
0 0.531982421875 0.4852294921875 0.00830078125 0.010986328125
0 0.0654296875 0.4654541015625 0.017578125 0.027587890625
0 0.6751708984375 0.3726806640625 0.033935546875 0.047119140625
0 0.0772705078125 0.47119140625 0.016845703125 0.01708984375
0 0.1805419921875 0.4893798828125 0.006103515625 0.014892578125
0 0.090576171875 0.4647216796875 0.01318359375 0.029052734375
0 0.0958251953125 0.4884033203125 0.017822265625 0.027099609375
0 0.531982421875 0.493896484375 0.01025390625 0.00634765625
0 0.429931640625 0.504150390625 0.00390625 0.0068359375
0 0.49365234375 0.4932861328125 0.0078125 0.010986328125
0 0.6768798828125 0.405029296875 0.023193359375 0.0185546875
0 0.0992431640625 0.4801025390625 0.007568359375 0.024169921875
0 0.5123291015625 0.5040283203125 0.005126953125 0.007568359375
0 0.4420166015625 0.5047607421875 0.004638671875 0.006591796875
