0 0.4661865234375 0.7310791015625 0.009521484375 0.012939453125
0 0.55224609375 0.7431640625 0.0048828125 0.00732421875
0 0.619140625 0.741943359375 0.005859375 0.0078125
0 0.2630615234375 0.7275390625 0.075927734375 0.07666015625
0 0.5296630859375 0.739501953125 0.014404296875 0.01220703125
0 0.474853515625 0.7313232421875 0.03125 0.022216796875
0 0.551513671875 0.7464599609375 0.00830078125 0.003173828125
0 0.5599365234375 0.74755859375 0.001708984375 0.0048828125
0 0.5185546875 0.74609375 0.00244140625 0.00390625
0 0.533203125 0.746337890625 0.001953125 0.00390625
