0 0.7606201171875 0.4820556640625 0.058349609375 0.070556640625
0 0.7352294921875 0.2626953125 0.031494140625 0.04248046875
0 0.50732421875 0.35498046875 0.0107421875 0.01513671875
0 0.5841064453125 0.3541259765625 0.034423828125 0.017822265625
0 0.815673828125 0.451904296875 0.0146484375 0.01123046875
0 0.7889404296875 0.458740234375 0.007080078125 0.01806640625
0 0.6787109375 0.470703125 0.0234375 0.02392578125
0 0.71630859375 0.43896484375 0.01611328125 0.01220703125
0 0.6104736328125 0.4783935546875 0.013427734375 0.029052734375
0 0.0550537109375 0.501220703125 0.014892578125 0.0068359375
0 0.8897705078125 0.42236328125 0.013427734375 0.01611328125
0 0.7274169921875 0.4627685546875 0.024658203125 0.022216796875
0 0.05810546875 0.5047607421875 0.013671875 0.020751953125
0 0.716796875 0.449462890625 0.015625 0.01123046875
