0 0.310791015625 0.3731689453125 0.056640625 0.085693359375
0 0.3092041015625 0.45947265625 0.056884765625 0.08447265625
0 0.86669921875 0.41748046875 0.05322265625 0.07861328125
0 0.8704833984375 0.5001220703125 0.055419921875 0.079833984375
0 0.4075927734375 0.5758056640625 0.007568359375 0.008544921875
0 0.4083251953125 0.5650634765625 0.008056640625 0.012939453125
0 0.487060546875 0.5120849609375 0.00537109375 0.009521484375
0 0.43994140625 0.5885009765625 0.00537109375 0.009033203125
0 0.532958984375 0.5992431640625 0.00390625 0.006103515625
0 0.5628662109375 0.5919189453125 0.005615234375 0.009521484375
0 0.6165771484375 0.5777587890625 0.008056640625 0.013916015625
