0 0.40380859375 0.42724609375 0.017578125 0.03173828125
0 0.536865234375 0.5303955078125 0.08544921875 0.046630859375
0 0.460205078125 0.697265625 0.01513671875 0.01123046875
0 0.5118408203125 0.700927734375 0.007568359375 0.01416015625
0 0.4205322265625 0.462890625 0.095947265625 0.02490234375
0 0.4183349609375 0.6966552734375 0.004150390625 0.007568359375
0 0.4210205078125 0.428466796875 0.094970703125 0.04931640625
0 0.3802490234375 0.4842529296875 0.009033203125 0.013916015625
0 0.2230224609375 0.6903076171875 0.009033203125 0.020263671875
0 0.419921875 0.5115966796875 0.09521484375 0.074951171875
0 0.4224853515625 0.39599609375 0.020751953125 0.01416015625
0 0.5369873046875 0.490234375 0.085205078125 0.03564453125
