0 0.3363037109375 0.5447998046875 0.027099609375 0.010498046875
0 0.30908203125 0.529541015625 0.01953125 0.01513671875
0 0.4393310546875 0.4210205078125 0.050537109375 0.020263671875
0 0.4217529296875 0.6300048828125 0.003662109375 0.004150390625
0 0.3856201171875 0.6160888671875 0.015869140625 0.015869140625
0 0.357421875 0.6302490234375 0.005859375 0.011474609375
0 0.351806640625 0.6295166015625 0.005859375 0.008056640625
0 0.3760986328125 0.588134765625 0.016357421875 0.01708984375
0 0.463623046875 0.625244140625 0.0068359375 0.0087890625
0 0.4871826171875 0.625 0.004150390625 0.0078125
0 0.5042724609375 0.405029296875 0.037353515625 0.0478515625
0 0.357421875 0.6278076171875 0.00390625 0.005126953125
