0 0.70849609375 0.42822265625 0.0263671875 0.03466796875
0 0.0816650390625 0.4044189453125 0.008056640625 0.024169921875
0 0.048095703125 0.4010009765625 0.02294921875 0.027587890625
0 0.5111083984375 0.4183349609375 0.014404296875 0.020263671875
0 0.7030029296875 0.459716796875 0.017822265625 0.02587890625
0 0.5294189453125 0.4217529296875 0.003173828125 0.013427734375
0 0.5299072265625 0.4366455078125 0.004150390625 0.013916015625
0 0.497314453125 0.4344482421875 0.00439453125 0.009521484375
0 0.481201171875 0.4337158203125 0.00439453125 0.005615234375
0 0.4119873046875 0.4300537109375 0.004150390625 0.006103515625
0 0.40576171875 0.4295654296875 0.0068359375 0.008544921875
