0 0.5963134765625 0.7158203125 0.006591796875 0.01220703125
0 0.891357421875 0.7359619140625 0.03173828125 0.039794921875
0 0.721435546875 0.6807861328125 0.02392578125 0.031494140625
0 0.6546630859375 0.707275390625 0.016357421875 0.02490234375
0 0.88330078125 0.678955078125 0.05419921875 0.072265625
0 0.5474853515625 0.7281494140625 0.004638671875 0.007568359375
0 0.52294921875 0.7117919921875 0.00634765625 0.003173828125
0 0.467041015625 0.699951171875 0.00439453125 0.00634765625
0 0.596435546875 0.7071533203125 0.0068359375 0.003662109375
0 0.630859375 0.716796875 0.0126953125 0.017578125
0 0.722412109375 0.70751953125 0.02392578125 0.021484375
