0 0.5926513671875 0.3551025390625 0.028564453125 0.050537109375
0 0.30224609375 0.4248046875 0.01025390625 0.0185546875
0 0.5689697265625 0.308837890625 0.025634765625 0.04736328125
0 0.32421875 0.45703125 0.0078125 0.013671875
0 0.7392578125 0.39208984375 0.005859375 0.02490234375
0 0.591796875 0.4033203125 0.021484375 0.03857421875
0 0.4788818359375 0.454833984375 0.006591796875 0.01611328125
0 0.4849853515625 0.4530029296875 0.007568359375 0.017333984375
0 0.04052734375 0.394287109375 0.0283203125 0.0703125
0 0.4786376953125 0.4654541015625 0.005615234375 0.005126953125
0 0.673828125 0.387939453125 0.00439453125 0.02197265625
