0 0.550537109375 0.5025634765625 0.00439453125 0.008056640625
0 0.6463623046875 0.4920654296875 0.009033203125 0.015380859375
0 0.6578369140625 0.5902099609375 0.007568359375 0.014404296875
0 0.7122802734375 0.41650390625 0.066650390625 0.0634765625
0 0.7142333984375 0.4947509765625 0.033935546875 0.079345703125
0 0.2501220703125 0.4674072265625 0.049072265625 0.057373046875
0 0.2498779296875 0.538818359375 0.024169921875 0.06787109375
0 0.6513671875 0.583251953125 0.02587890625 0.03564453125
0 0.4893798828125 0.508056640625 0.004150390625 0.0078125
0 0.58984375 0.49853515625 0.00732421875 0.01904296875
