0 0.41748046875 0.3232421875 0.013671875 0.01806640625
0 0.4326171875 0.343017578125 0.01318359375 0.017578125
0 0.4171142578125 0.342529296875 0.013427734375 0.0185546875
0 0.3375244140625 0.32275390625 0.107666015625 0.0712890625
0 0.417236328125 0.3621826171875 0.01318359375 0.017822265625
0 0.4251708984375 0.3463134765625 0.032470703125 0.071533203125
0 0.5120849609375 0.3177490234375 0.107177734375 0.071044921875
0 0.4317626953125 0.32275390625 0.013427734375 0.01806640625
0 0.42431640625 0.301025390625 0.0322265625 0.01953125
0 0.45263671875 0.4810791015625 0.009765625 0.013427734375
