0 0.705810546875 0.4693603515625 0.03076171875 0.033447265625
0 0.2789306640625 0.5716552734375 0.043701171875 0.056884765625
0 0.281005859375 0.505126953125 0.044921875 0.05859375
0 0.4588623046875 0.5142822265625 0.008544921875 0.010986328125
0 0.463623046875 0.5079345703125 0.0048828125 0.007568359375
0 0.704833984375 0.5208740234375 0.025390625 0.016357421875
0 0.7047119140625 0.5416259765625 0.025146484375 0.025146484375
0 0.608642578125 0.5123291015625 0.01416015625 0.045166015625
0 0.5009765625 0.5224609375 0.0029296875 0.00537109375
0 0.50537109375 0.522216796875 0.0029296875 0.0048828125
0 0.5240478515625 0.5072021484375 0.004638671875 0.005615234375
0 0.5216064453125 0.5074462890625 0.003173828125 0.009033203125
0 0.53271484375 0.5167236328125 0.00390625 0.005126953125
0 0.983154296875 0.544921875 0.033203125 0.0693359375
0 0.7054443359375 0.499267578125 0.029052734375 0.025390625
0 0.576171875 0.4949951171875 0.0048828125 0.008056640625
0 0.60888671875 0.5096435546875 0.00732421875 0.009033203125
