0 0.33837890625 0.6722412109375 0.013671875 0.018798828125
0 0.6407470703125 0.6585693359375 0.010498046875 0.011474609375
0 0.5338134765625 0.6861572265625 0.009033203125 0.011962890625
0 0.3837890625 0.6783447265625 0.0244140625 0.013427734375
0 0.503173828125 0.696533203125 0.00390625 0.00390625
0 0.565185546875 0.6773681640625 0.00927734375 0.010986328125
0 0.5640869140625 0.66162109375 0.010498046875 0.00341796875
0 0.5640869140625 0.656982421875 0.008544921875 0.005859375
0 0.5654296875 0.666748046875 0.0107421875 0.00732421875
0 0.337646484375 0.6890869140625 0.013671875 0.013427734375
