0 0.50244140625 0.5810546875 0.095703125 0.03955078125
0 0.5548095703125 0.57958984375 0.006103515625 0.0126953125
0 0.4498291015625 0.5970458984375 0.006103515625 0.006591796875
0 0.4498291015625 0.5909423828125 0.006103515625 0.006103515625
0 0.44970703125 0.5819091796875 0.00634765625 0.012451171875
0 0.602783203125 0.6685791015625 0.00439453125 0.004638671875
0 0.6026611328125 0.6719970703125 0.005126953125 0.002197265625
0 0.5770263671875 0.6605224609375 0.004150390625 0.008544921875
0 0.5728759765625 0.660400390625 0.004638671875 0.0087890625
0 0.5750732421875 0.6680908203125 0.007080078125 0.006103515625
0 0.5604248046875 0.6357421875 0.006103515625 0.0078125
0 0.5677490234375 0.6356201171875 0.005615234375 0.007568359375
0 0.579345703125 0.6356201171875 0.005859375 0.008544921875
0 0.5859375 0.634765625 0.00634765625 0.00830078125
0 0.4501953125 0.6563720703125 0.00244140625 0.003173828125
0 0.6339111328125 0.5777587890625 0.048583984375 0.038330078125
0 0.554931640625 0.5887451171875 0.005859375 0.006103515625
0 0.5550537109375 0.594970703125 0.006103515625 0.00634765625
