0 0.758056640625 0.703369140625 0.0390625 0.02294921875
0 0.2060546875 0.727783203125 0.005859375 0.0068359375
0 0.7218017578125 0.7052001953125 0.008056640625 0.010498046875
0 0.7476806640625 0.6800537109375 0.007080078125 0.009033203125
0 0.75341796875 0.66796875 0.00634765625 0.00390625
0 0.7403564453125 0.6798095703125 0.006591796875 0.009521484375
0 0.756103515625 0.6876220703125 0.0068359375 0.007080078125
0 0.7677001953125 0.666748046875 0.007080078125 0.00390625
0 0.748291015625 0.6881103515625 0.0068359375 0.008056640625
0 0.7635498046875 0.687744140625 0.007080078125 0.00634765625
0 0.7603759765625 0.667236328125 0.005615234375 0.0048828125
0 0.768310546875 0.671630859375 0.0068359375 0.0048828125
0 0.7550048828125 0.6800537109375 0.007080078125 0.009033203125
0 0.7623291015625 0.6793212890625 0.007080078125 0.008544921875
0 0.7413330078125 0.688232421875 0.007080078125 0.00732421875
0 0.771240234375 0.6873779296875 0.00732421875 0.006591796875
0 0.5078125 0.697509765625 0.005859375 0.0087890625
0 0.77001953125 0.67919921875 0.00732421875 0.009765625
0 0.4136962890625 0.7093505859375 0.002197265625 0.012939453125
0 0.6094970703125 0.705322265625 0.002685546875 0.01025390625
