0 0.0347900390625 0.380615234375 0.069580078125 0.09716796875
0 0.837646484375 0.3934326171875 0.02099609375 0.037841796875
0 0.5250244140625 0.4561767578125 0.012451171875 0.020751953125
0 0.449951171875 0.456298828125 0.00927734375 0.01806640625
0 0.1441650390625 0.4072265625 0.035400390625 0.06103515625
0 0.412353515625 0.40380859375 0.03271484375 0.0546875
0 0.7667236328125 0.285888671875 0.033447265625 0.0302734375
0 0.7113037109375 0.2884521484375 0.034912109375 0.032470703125
0 0.7122802734375 0.336181640625 0.033447265625 0.05859375
0 0.712890625 0.388427734375 0.0322265625 0.0419921875
0 0.76904296875 0.3875732421875 0.03369140625 0.042724609375
