0 0.520263671875 0.290283203125 0.015625 0.00927734375
0 0.452880859375 0.262451171875 0.01416015625 0.01123046875
0 0.345947265625 0.1883544921875 0.03173828125 0.024658203125
0 0.308837890625 0.2457275390625 0.01416015625 0.054443359375
0 0.2647705078125 0.2232666015625 0.018310546875 0.066162109375
0 0.4998779296875 0.289306640625 0.005615234375 0.0078125
0 0.5087890625 0.2894287109375 0.005859375 0.008056640625
0 0.4178466796875 0.3179931640625 0.007080078125 0.009033203125
0 0.371337890625 0.1806640625 0.01953125 0.02685546875
0 0.58740234375 0.290283203125 0.00390625 0.00732421875
0 0.5765380859375 0.3133544921875 0.002197265625 0.029052734375
0 0.4281005859375 0.29638671875 0.004150390625 0.0205078125
0 0.3717041015625 0.201171875 0.013427734375 0.0107421875
