0 0.4918212890625 0.5802001953125 0.006591796875 0.009521484375
0 0.9013671875 0.3673095703125 0.09375 0.111572265625
0 0.4661865234375 0.6280517578125 0.023681640625 0.011474609375
0 0.2698974609375 0.5810546875 0.007568359375 0.0107421875
0 0.728271484375 0.5689697265625 0.03515625 0.030517578125
0 0.47021484375 0.615234375 0.0419921875 0.015625
0 0.65673828125 0.605712890625 0.015625 0.00537109375
0 0.8345947265625 0.630615234375 0.113037109375 0.04345703125
0 0.6571044921875 0.6121826171875 0.015869140625 0.006103515625
0 0.0560302734375 0.5838623046875 0.005615234375 0.008056640625
0 0.4638671875 0.5994873046875 0.04248046875 0.016845703125
0 0.3748779296875 0.5772705078125 0.008056640625 0.012939453125
0 0.656494140625 0.616455078125 0.00927734375 0.00439453125
0 0.6546630859375 0.6220703125 0.016357421875 0.00634765625
