0 0.58740234375 0.3294677734375 0.01025390625 0.014892578125
0 0.5858154296875 0.3740234375 0.004638671875 0.0068359375
0 0.592041015625 0.3717041015625 0.00537109375 0.007080078125
0 0.8011474609375 0.3046875 0.011962890625 0.015625
0 0.8004150390625 0.317626953125 0.011962890625 0.01513671875
0 0.3564453125 0.07861328125 0.06298828125 0.115234375
0 0.512451171875 0.3165283203125 0.013671875 0.019287109375
0 0.5872802734375 0.341552734375 0.010986328125 0.00830078125
0 0.35400390625 0.215087890625 0.033203125 0.10986328125
0 0.5858154296875 0.3818359375 0.005126953125 0.0068359375
0 0.8006591796875 0.3292236328125 0.011962890625 0.010498046875
0 0.5538330078125 0.3310546875 0.007080078125 0.01611328125
