0 0.2801513671875 0.4345703125 0.013427734375 0.015625
0 0.587158203125 0.345703125 0.01171875 0.01806640625
0 0.2982177734375 0.43212890625 0.011962890625 0.01416015625
0 0.27001953125 0.4547119140625 0.01318359375 0.014892578125
0 0.5875244140625 0.36376953125 0.015380859375 0.01220703125
0 0.595458984375 0.3946533203125 0.00341796875 0.011962890625
0 0.595458984375 0.383544921875 0.00341796875 0.00927734375
0 0.595703125 0.4073486328125 0.00390625 0.010986328125
0 0.2689208984375 0.4393310546875 0.010009765625 0.011474609375
0 0.4056396484375 0.6492919921875 0.114013671875 0.457275390625
