0 0.511474609375 0.5885009765625 0.0654296875 0.090087890625
0 0.453369140625 0.65966796875 0.0048828125 0.0087890625
0 0.463623046875 0.6434326171875 0.00634765625 0.011474609375
0 0.46826171875 0.6055908203125 0.01123046875 0.017333984375
0 0.4681396484375 0.625 0.010986328125 0.02001953125
0 0.501708984375 0.6121826171875 0.01123046875 0.007568359375
0 0.5018310546875 0.62744140625 0.011474609375 0.0205078125
0 0.502685546875 0.6512451171875 0.02294921875 0.025634765625
0 0.5130615234375 0.55810546875 0.004638671875 0.00830078125
0 0.5230712890625 0.6082763671875 0.004150390625 0.009521484375
0 0.491943359375 0.60107421875 0.005859375 0.0087890625
0 0.5040283203125 0.5775146484375 0.006103515625 0.009521484375
