0 0.264404296875 0.7608642578125 0.0791015625 0.047119140625
0 0.265869140625 0.75048828125 0.01220703125 0.0166015625
0 0.2847900390625 0.760009765625 0.021240234375 0.02880859375
0 0.4268798828125 0.667236328125 0.017333984375 0.0419921875
0 0.8695068359375 0.7333984375 0.058837890625 0.025390625
0 0.267578125 0.7117919921875 0.0751953125 0.050048828125
0 0.7064208984375 0.7484130859375 0.025146484375 0.006591796875
0 0.15380859375 0.776123046875 0.01220703125 0.03369140625
0 0.6871337890625 0.7366943359375 0.007080078125 0.010498046875
0 0.3800048828125 0.81103515625 0.002685546875 0.00927734375
0 0.841552734375 0.7069091796875 0.0263671875 0.029052734375
0 0.6876220703125 0.7420654296875 0.009033203125 0.023193359375
0 0.885009765625 0.7955322265625 0.0146484375 0.017822265625
0 0.9791259765625 0.8072509765625 0.006103515625 0.023681640625
0 0.7911376953125 0.7962646484375 0.010498046875 0.006591796875
0 0.8038330078125 0.798583984375 0.015380859375 0.00341796875
0 0.979248046875 0.8048095703125 0.0048828125 0.012451171875
