0 0.361083984375 0.462158203125 0.009765625 0.01904296875
0 0.7987060546875 0.5179443359375 0.020751953125 0.044677734375
0 0.4293212890625 0.3642578125 0.050048828125 0.03564453125
0 0.445556640625 0.4736328125 0.02783203125 0.02197265625
0 0.4874267578125 0.4068603515625 0.008056640625 0.015869140625
0 0.1192626953125 0.40478515625 0.010986328125 0.01904296875
0 0.35986328125 0.477783203125 0.0048828125 0.0126953125
0 0.5152587890625 0.5037841796875 0.015380859375 0.013427734375
0 0.436279296875 0.487060546875 0.00634765625 0.00732421875
0 0.44189453125 0.48974609375 0.0048828125 0.0078125
0 0.3101806640625 0.367431640625 0.009033203125 0.01611328125
0 0.34130859375 0.48193359375 0.00439453125 0.013671875
0 0.315185546875 0.4649658203125 0.01123046875 0.007080078125
