0 0.8017578125 0.3604736328125 0.04833984375 0.081787109375
0 0.533447265625 0.3770751953125 0.02001953125 0.025634765625
0 0.6103515625 0.3994140625 0.01025390625 0.0224609375
0 0.1502685546875 0.3914794921875 0.044677734375 0.077880859375
0 0.5096435546875 0.378173828125 0.021240234375 0.02294921875
0 0.8009033203125 0.3115234375 0.027099609375 0.0166015625
0 0.568603515625 0.401611328125 0.01953125 0.01806640625
0 0.505615234375 0.37255859375 0.00439453125 0.00732421875
0 0.5418701171875 0.40087890625 0.008056640625 0.0087890625
0 0.544189453125 0.39501953125 0.00341796875 0.0029296875
0 0.5333251953125 0.4010009765625 0.008056640625 0.009033203125
0 0.5330810546875 0.369140625 0.005126953125 0.0068359375
0 0.537109375 0.3609619140625 0.01171875 0.006103515625
0 0.15283203125 0.344970703125 0.025390625 0.015625
