0 0.5587158203125 0.4437255859375 0.006103515625 0.008544921875
0 0.3360595703125 0.40234375 0.007568359375 0.0048828125
0 0.685546875 0.3536376953125 0.01953125 0.026611328125
0 0.3359375 0.406494140625 0.00732421875 0.00439453125
0 0.3360595703125 0.414794921875 0.008544921875 0.0048828125
0 0.3343505859375 0.397705078125 0.010498046875 0.00537109375
0 0.3359375 0.410888671875 0.0078125 0.00390625
0 0.322509765625 0.4241943359375 0.0029296875 0.012451171875
0 0.1455078125 0.429443359375 0.005859375 0.01318359375
0 0.1456298828125 0.4141845703125 0.007568359375 0.017822265625
0 0.461181640625 0.4354248046875 0.01123046875 0.015380859375
0 0.449951171875 0.4493408203125 0.00634765625 0.009033203125
0 0.5496826171875 0.43310546875 0.009033203125 0.01171875
0 0.5584716796875 0.4527587890625 0.006591796875 0.008544921875
0 0.6923828125 0.3553466796875 0.0576171875 0.059326171875
0 0.33642578125 0.4193115234375 0.0078125 0.004150390625
