0 0.4879150390625 0.6094970703125 0.013916015625 0.006591796875
0 0.6336669921875 0.570068359375 0.006103515625 0.01513671875
0 0.188720703125 0.655029296875 0.00537109375 0.00537109375
0 0.2091064453125 0.6141357421875 0.008056640625 0.009521484375
0 0.3359375 0.5926513671875 0.00732421875 0.010498046875
0 0.326416015625 0.5927734375 0.00732421875 0.0107421875
0 0.4688720703125 0.6422119140625 0.004150390625 0.008056640625
0 0.4879150390625 0.6016845703125 0.006591796875 0.008056640625
0 0.7113037109375 0.5633544921875 0.032470703125 0.041259765625
0 0.553466796875 0.602783203125 0.0029296875 0.009765625
0 0.712646484375 0.59814453125 0.01318359375 0.02587890625
0 0.5943603515625 0.558837890625 0.005126953125 0.0146484375
