0 0.3905029296875 0.53759765625 0.007568359375 0.00341796875
0 0.93212890625 0.48876953125 0.01904296875 0.03466796875
0 0.0732421875 0.459228515625 0.0185546875 0.00830078125
0 0.2347412109375 0.5494384765625 0.007568359375 0.010009765625
0 0.2568359375 0.54248046875 0.0087890625 0.009765625
0 0.2568359375 0.5533447265625 0.0087890625 0.011474609375
0 0.256103515625 0.5648193359375 0.009765625 0.010986328125
0 0.5418701171875 0.5538330078125 0.003662109375 0.012939453125
0 0.626708984375 0.5643310546875 0.0048828125 0.006591796875
0 0.45458984375 0.555419921875 0.00244140625 0.0107421875
0 0.389892578125 0.5333251953125 0.00634765625 0.005126953125
