0 0.3453369140625 0.5238037109375 0.012939453125 0.024658203125
0 0.884521484375 0.61865234375 0.01220703125 0.0322265625
0 0.713623046875 0.44482421875 0.02099609375 0.0595703125
0 0.887451171875 0.611083984375 0.0048828125 0.01123046875
0 0.4788818359375 0.477783203125 0.015869140625 0.00927734375
0 0.2413330078125 0.4464111328125 0.010498046875 0.025634765625
0 0.5255126953125 0.39697265625 0.009521484375 0.0087890625
0 0.885986328125 0.4605712890625 0.01171875 0.022705078125
0 0.0411376953125 0.478759765625 0.014404296875 0.0927734375
0 0.1192626953125 0.344970703125 0.017333984375 0.03564453125
0 0.7147216796875 0.3046875 0.033935546875 0.03857421875
0 0.7108154296875 0.2584228515625 0.052001953125 0.092041015625
0 0.7281494140625 0.464599609375 0.024169921875 0.02685546875
0 0.770263671875 0.47509765625 0.048828125 0.13720703125
0 0.5257568359375 0.3841552734375 0.010009765625 0.016845703125
0 0.1234130859375 0.30322265625 0.028076171875 0.08251953125
0 0.6416015625 0.5028076171875 0.01220703125 0.008544921875
