0 0.0958251953125 0.562255859375 0.063720703125 0.08349609375
0 0.5113525390625 0.5755615234375 0.013427734375 0.018310546875
0 0.6224365234375 0.5389404296875 0.029541015625 0.038330078125
0 0.3582763671875 0.58056640625 0.013427734375 0.01708984375
0 0.5675048828125 0.55908203125 0.023193359375 0.03662109375
0 0.3056640625 0.5712890625 0.02587890625 0.0390625
0 0.451904296875 0.6119384765625 0.00439453125 0.007568359375
0 0.095947265625 0.6494140625 0.0234375 0.08544921875
0 0.381591796875 0.619384765625 0.00390625 0.013671875
0 0.990478515625 0.313232421875 0.0185546875 0.09228515625
