0 0.5947265625 0.44970703125 0.07958984375 0.10595703125
0 0.435302734375 0.5224609375 0.00146484375 0.0078125
0 0.53515625 0.5406494140625 0.00390625 0.015869140625
0 0.3905029296875 0.5284423828125 0.003662109375 0.017822265625
0 0.5350341796875 0.5211181640625 0.010009765625 0.012451171875
0 0.3902587890625 0.506591796875 0.011474609375 0.013671875
0 0.5654296875 0.4437255859375 0.0048828125 0.007080078125
0 0.5347900390625 0.5296630859375 0.006591796875 0.005126953125
0 0.6241455078125 0.446044921875 0.010009765625 0.00830078125
0 0.3900146484375 0.5164794921875 0.007568359375 0.005615234375
