0 0.48193359375 0.487060546875 0.01220703125 0.01708984375
0 0.527587890625 0.4888916015625 0.00634765625 0.010986328125
0 0.580322265625 0.4852294921875 0.00439453125 0.007568359375
0 0.481689453125 0.5003662109375 0.009765625 0.006591796875
0 0.63330078125 0.4837646484375 0.00390625 0.005615234375
0 0.5928955078125 0.4658203125 0.012451171875 0.00439453125
0 0.5933837890625 0.4727783203125 0.012451171875 0.007080078125
0 0.593505859375 0.479736328125 0.01220703125 0.0048828125
0 0.5938720703125 0.4853515625 0.012451171875 0.0048828125
0 0.77001953125 0.4619140625 0.00927734375 0.00927734375
