0 0.198486328125 0.5924072265625 0.04736328125 0.061767578125
0 0.300048828125 0.6749267578125 0.037109375 0.043701171875
0 0.3017578125 0.7142333984375 0.02685546875 0.036376953125
0 0.6763916015625 0.63330078125 0.028564453125 0.03466796875
0 0.19970703125 0.6380615234375 0.0478515625 0.026123046875
0 0.4842529296875 0.706787109375 0.014404296875 0.02490234375
0 0.7813720703125 0.6055908203125 0.077880859375 0.097412109375
0 0.230224609375 0.685302734375 0.0615234375 0.0302734375
0 0.4302978515625 0.713134765625 0.016357421875 0.02734375
0 0.4576416015625 0.7159423828125 0.023193359375 0.020263671875
