0 0.7374267578125 0.4869384765625 0.015869140625 0.025634765625
0 0.5706787109375 0.51171875 0.011474609375 0.0146484375
0 0.8951416015625 0.449462890625 0.034423828125 0.0146484375
0 0.4678955078125 0.49853515625 0.032470703125 0.013671875
0 0.5635986328125 0.5157470703125 0.007568359375 0.010009765625
0 0.5753173828125 0.5230712890625 0.005615234375 0.006591796875
0 0.563232421875 0.52587890625 0.00439453125 0.009765625
0 0.56787109375 0.523681640625 0.00537109375 0.00439453125
0 0.53564453125 0.5228271484375 0.009765625 0.006591796875
0 0.5748291015625 0.532470703125 0.004150390625 0.013671875
0 0.7352294921875 0.511474609375 0.009033203125 0.021484375
0 0.60546875 0.5274658203125 0.00341796875 0.005126953125
0 0.609619140625 0.5247802734375 0.00341796875 0.005126953125
