0 0.7957763671875 0.63720703125 0.005126953125 0.00830078125
0 0.8519287109375 0.634521484375 0.004638671875 0.00634765625
0 0.7862548828125 0.6448974609375 0.004638671875 0.007568359375
0 0.7650146484375 0.63427734375 0.019287109375 0.015625
0 0.7960205078125 0.640380859375 0.009521484375 0.021484375
0 0.8519287109375 0.647705078125 0.004638671875 0.0068359375
0 0.851806640625 0.6365966796875 0.00830078125 0.015380859375
0 0.7861328125 0.63232421875 0.0048828125 0.00732421875
0 0.7861328125 0.6343994140625 0.00732421875 0.014892578125
0 0.852783203125 0.6522216796875 0.0048828125 0.007080078125
