0 0.957763671875 0.49853515625 0.00341796875 0.00732421875
0 0.794921875 0.509765625 0.0068359375 0.0126953125
0 0.5120849609375 0.503662109375 0.001220703125 0.00244140625
0 0.524658203125 0.5064697265625 0.001953125 0.005126953125
0 0.511962890625 0.506103515625 0.0009765625 0.001953125
0 0.5228271484375 0.5067138671875 0.001708984375 0.004150390625
0 0.0399169921875 0.4976806640625 0.004150390625 0.004638671875
0 0.528564453125 0.5052490234375 0.00244140625 0.004150390625
0 0.2735595703125 0.558349609375 0.011962890625 0.0302734375
0 0.9390869140625 0.5029296875 0.002197265625 0.00927734375
0 0.9691162109375 0.504150390625 0.002685546875 0.0029296875
0 0.12890625 0.5455322265625 0.009765625 0.017822265625
0 0.03515625 0.4912109375 0.00439453125 0.00927734375
0 0.89013671875 0.4991455078125 0.0029296875 0.008056640625
0 0.1290283203125 0.48681640625 0.015380859375 0.041015625
0 0.889892578125 0.4906005859375 0.0029296875 0.008544921875
0 0.035400390625 0.50048828125 0.0048828125 0.00927734375
0 0.0400390625 0.490966796875 0.00439453125 0.00927734375
0 0.12890625 0.52294921875 0.01025390625 0.02978515625
0 0.5286865234375 0.499267578125 0.003173828125 0.00634765625
0 0.5286865234375 0.5086669921875 0.002685546875 0.002685546875
0 0.9688720703125 0.4998779296875 0.002685546875 0.005615234375
