0 0.369873046875 0.257080078125 0.0810546875 0.0439453125
0 0.596435546875 0.390380859375 0.0068359375 0.01220703125
0 0.3736572265625 0.3714599609375 0.009033203125 0.012939453125
0 0.53759765625 0.35791015625 0.029296875 0.0419921875
0 0.52587890625 0.3768310546875 0.0244140625 0.040771484375
0 0.1982421875 0.3199462890625 0.0380859375 0.052978515625
0 0.392333984375 0.23193359375 0.03466796875 0.01708984375
0 0.45263671875 0.2620849609375 0.0849609375 0.053955078125
0 0.4779052734375 0.2294921875 0.034423828125 0.01513671875
0 0.387939453125 0.3719482421875 0.0126953125 0.010009765625
0 0.4456787109375 0.3973388671875 0.002685546875 0.004638671875
0 0.451171875 0.3961181640625 0.00244140625 0.005126953125
0 0.3983154296875 0.3883056640625 0.002685546875 0.004638671875
0 0.3486328125 0.38623046875 0.005859375 0.005859375
0 0.43017578125 0.392333984375 0.0146484375 0.01220703125
0 0.5965576171875 0.39990234375 0.002685546875 0.00732421875
