0 0.3770751953125 0.6512451171875 0.018798828125 0.011962890625
0 0.404052734375 0.6513671875 0.0185546875 0.01171875
0 0.6842041015625 0.689697265625 0.006591796875 0.00927734375
0 0.3902587890625 0.6676025390625 0.006591796875 0.004638671875
0 0.4090576171875 0.6427001953125 0.009033203125 0.005126953125
0 0.39013671875 0.67578125 0.0068359375 0.0048828125
0 0.6728515625 0.699951171875 0.00439453125 0.0068359375
0 0.5828857421875 0.6724853515625 0.025146484375 0.010498046875
0 0.7481689453125 0.6827392578125 0.010986328125 0.005615234375
0 0.76708984375 0.68359375 0.01708984375 0.01123046875
0 0.6845703125 0.7001953125 0.00732421875 0.0126953125
0 0.7689208984375 0.6121826171875 0.015380859375 0.015869140625
0 0.2513427734375 0.6168212890625 0.013916015625 0.023193359375
