0 0.2552490234375 0.4285888671875 0.024169921875 0.032470703125
0 0.314697265625 0.4788818359375 0.03564453125 0.013427734375
0 0.4886474609375 0.574951171875 0.004150390625 0.005859375
0 0.394775390625 0.5799560546875 0.00634765625 0.008056640625
0 0.466064453125 0.4761962890625 0.0087890625 0.010986328125
0 0.4183349609375 0.47607421875 0.009033203125 0.01123046875
0 0.4788818359375 0.4654541015625 0.081787109375 0.047607421875
0 0.1915283203125 0.5406494140625 0.012939453125 0.006103515625
0 0.22607421875 0.445556640625 0.01611328125 0.00634765625
0 0.468017578125 0.5712890625 0.01220703125 0.01123046875
0 0.3834228515625 0.4658203125 0.099853515625 0.04833984375
0 0.5596923828125 0.465576171875 0.027099609375 0.03662109375
0 0.4775390625 0.5732421875 0.0048828125 0.0068359375
0 0.2265625 0.425537109375 0.0244140625 0.0322265625
0 0.192138671875 0.5302734375 0.0126953125 0.0146484375
0 0.3031005859375 0.51416015625 0.011962890625 0.01611328125
0 0.3482666015625 0.47607421875 0.008544921875 0.0107421875
0 0.4771728515625 0.5682373046875 0.005615234375 0.003662109375
