0 0.58251953125 0.629638671875 0.01318359375 0.01806640625
0 0.4227294921875 0.670166015625 0.009033203125 0.00732421875
0 0.42333984375 0.643798828125 0.01220703125 0.01513671875
0 0.3018798828125 0.6524658203125 0.039306640625 0.055419921875
0 0.4228515625 0.6593017578125 0.01171875 0.014404296875
0 0.30126953125 0.5662841796875 0.0400390625 0.056884765625
0 0.5633544921875 0.6611328125 0.011962890625 0.013671875
0 0.56396484375 0.6448974609375 0.009765625 0.012939453125
0 0.581787109375 0.6109619140625 0.01318359375 0.018310546875
0 0.87353515625 0.5831298828125 0.0439453125 0.058349609375
0 0.5828857421875 0.647216796875 0.013427734375 0.01953125
0 0.4952392578125 0.6654052734375 0.005615234375 0.005615234375
0 0.4439697265625 0.665771484375 0.005126953125 0.0048828125
0 0.3673095703125 0.6727294921875 0.004638671875 0.005126953125
0 0.4442138671875 0.6708984375 0.005615234375 0.00439453125
0 0.4951171875 0.67041015625 0.0048828125 0.00439453125
0 0.48291015625 0.67041015625 0.00341796875 0.00390625
0 0.383544921875 0.6732177734375 0.00390625 0.005615234375
0 0.3944091796875 0.6744384765625 0.002685546875 0.004638671875
0 0.56298828125 0.67138671875 0.00830078125 0.00732421875
