0 0.399169921875 0.8125 0.00927734375 0.01220703125
0 0.5606689453125 0.8262939453125 0.003173828125 0.006591796875
0 0.6270751953125 0.8282470703125 0.003173828125 0.006103515625
0 0.6600341796875 0.799072265625 0.018310546875 0.0712890625
0 0.39453125 0.42724609375 0.17626953125 0.1591796875
0 0.15966796875 0.395263671875 0.04052734375 0.0478515625
0 0.496337890625 0.822509765625 0.00390625 0.0078125
0 0.3555908203125 0.42138671875 0.040283203125 0.0498046875
0 0.4356689453125 0.8187255859375 0.004638671875 0.009033203125
0 0.356689453125 0.8182373046875 0.005859375 0.007568359375
0 0.203369140625 0.4185791015625 0.1787109375 0.135498046875
0 0.5286865234375 0.8238525390625 0.004150390625 0.006591796875
0 0.4312744140625 0.429443359375 0.040283203125 0.05078125
0 0.4659423828125 0.8192138671875 0.004150390625 0.007568359375
0 0.5933837890625 0.8275146484375 0.003173828125 0.005615234375
0 0.3746337890625 0.8153076171875 0.006103515625 0.009033203125
0 0.3197021484375 0.812744140625 0.006591796875 0.00732421875
0 0.296630859375 0.82470703125 0.0029296875 0.00439453125
