0 0.626953125 0.6357421875 0.005859375 0.0078125
0 0.58203125 0.63916015625 0.0048828125 0.00634765625
0 0.686279296875 0.602294921875 0.03759765625 0.025390625
0 0.5821533203125 0.6473388671875 0.005615234375 0.009521484375
0 0.7447509765625 0.6461181640625 0.017822265625 0.011962890625
0 0.6488037109375 0.6397705078125 0.007568359375 0.039794921875
0 0.5821533203125 0.6544189453125 0.005126953125 0.003662109375
0 0.7440185546875 0.594482421875 0.023193359375 0.0234375
0 0.626953125 0.6519775390625 0.005859375 0.023681640625
0 0.7442626953125 0.622314453125 0.017822265625 0.033203125
