0 0.47509765625 0.4263916015625 0.005859375 0.015380859375
0 0.446533203125 0.478759765625 0.01123046875 0.01318359375
0 0.4630126953125 0.47119140625 0.010009765625 0.01171875
0 0.6373291015625 0.547119140625 0.010498046875 0.013671875
0 0.0887451171875 0.3812255859375 0.047607421875 0.093505859375
0 0.468994140625 0.462890625 0.0068359375 0.00830078125
0 0.0772705078125 0.2735595703125 0.044677734375 0.057373046875
0 0.076904296875 0.2669677734375 0.07275390625 0.138916015625
0 0.427734375 0.4979248046875 0.0146484375 0.017333984375
0 0.5184326171875 0.4261474609375 0.004150390625 0.009033203125
0 0.4337158203125 0.4600830078125 0.007568359375 0.012939453125
0 0.5489501953125 0.4735107421875 0.003662109375 0.005615234375
0 0.53955078125 0.4296875 0.00341796875 0.005859375
