0 0.485595703125 0.5654296875 0.01611328125 0.0078125
0 0.604736328125 0.6287841796875 0.00537109375 0.024658203125
0 0.7962646484375 0.609130859375 0.007568359375 0.02734375
0 0.6531982421875 0.602294921875 0.015380859375 0.0107421875
0 0.65380859375 0.6168212890625 0.01611328125 0.018798828125
0 0.56982421875 0.6429443359375 0.0068359375 0.007080078125
0 0.5455322265625 0.644287109375 0.010986328125 0.0078125
0 0.5870361328125 0.638671875 0.007080078125 0.01611328125
0 0.5323486328125 0.6463623046875 0.004638671875 0.007080078125
0 0.6539306640625 0.6324462890625 0.010498046875 0.010498046875
