0 0.1304931640625 0.3988037109375 0.015380859375 0.023681640625
0 0.8516845703125 0.4019775390625 0.015869140625 0.027587890625
0 0.436279296875 0.4422607421875 0.02099609375 0.033935546875
0 0.3699951171875 0.348876953125 0.010009765625 0.01708984375
0 0.701171875 0.4244384765625 0.00927734375 0.031005859375
0 0.3826904296875 0.351806640625 0.041259765625 0.03759765625
0 0.4385986328125 0.4669189453125 0.019287109375 0.017333984375
0 0.1307373046875 0.43896484375 0.013916015625 0.01318359375
0 0.3948974609375 0.444580078125 0.007080078125 0.01123046875
0 0.534912109375 0.42431640625 0.0244140625 0.0146484375
0 0.435791015625 0.4140625 0.01416015625 0.02197265625
0 0.130859375 0.421630859375 0.01416015625 0.02099609375
0 0.394775390625 0.4619140625 0.0146484375 0.02294921875
