0 0.7237548828125 0.4652099609375 0.029052734375 0.047119140625
0 0.5435791015625 0.516845703125 0.025634765625 0.0390625
0 0.7208251953125 0.4183349609375 0.025634765625 0.040771484375
0 0.5560302734375 0.8564453125 0.026123046875 0.0205078125
0 0.7447509765625 0.8792724609375 0.022705078125 0.024169921875
0 0.37939453125 0.52099609375 0.03271484375 0.05126953125
0 0.7437744140625 0.8580322265625 0.026611328125 0.020263671875
0 0.3876953125 0.907470703125 0.03076171875 0.0234375
0 0.3775634765625 0.4781494140625 0.028564453125 0.043212890625
0 0.3865966796875 0.8878173828125 0.031494140625 0.028076171875
