0 0.648193359375 0.494140625 0.00634765625 0.0185546875
0 0.0245361328125 0.49560546875 0.002685546875 0.00732421875
0 0.6480712890625 0.5072021484375 0.005126953125 0.008056640625
0 0.27880859375 0.47314453125 0.013671875 0.00537109375
0 0.296630859375 0.5 0.001953125 0.005859375
0 0.2967529296875 0.5052490234375 0.001708984375 0.004638671875
0 0.5107421875 0.484375 0.00244140625 0.001953125
0 0.2679443359375 0.5087890625 0.001220703125 0.00341796875
0 0.517333984375 0.4979248046875 0.00146484375 0.002685546875
0 0.0247802734375 0.501220703125 0.002685546875 0.00390625
