0 0.32763671875 0.5645751953125 0.0146484375 0.018798828125
0 0.5064697265625 0.58154296875 0.012939453125 0.017578125
0 0.5059814453125 0.563720703125 0.012939453125 0.0166015625
0 0.5179443359375 0.5550537109375 0.016357421875 0.017822265625
0 0.4324951171875 0.4012451171875 0.065673828125 0.071044921875
0 0.499755859375 0.5609130859375 0.01025390625 0.015380859375
0 0.515380859375 0.5777587890625 0.00537109375 0.007568359375
0 0.5186767578125 0.568603515625 0.009033203125 0.00537109375
0 0.54736328125 0.578857421875 0.005859375 0.005859375
0 0.4122314453125 0.3787841796875 0.015380859375 0.012451171875
0 0.5477294921875 0.58544921875 0.005126953125 0.0068359375
0 0.50537109375 0.595458984375 0.0048828125 0.00341796875
0 0.4248046875 0.3787841796875 0.0087890625 0.011474609375
