0 0.550537109375 0.4456787109375 0.0126953125 0.026123046875
0 0.6092529296875 0.447509765625 0.004150390625 0.00732421875
0 0.1341552734375 0.4088134765625 0.005615234375 0.011962890625
0 0.3790283203125 0.4339599609375 0.006591796875 0.006103515625
0 0.609130859375 0.4453125 0.00537109375 0.017578125
0 0.379150390625 0.4552001953125 0.00634765625 0.008544921875
0 0.37939453125 0.443603515625 0.0087890625 0.01318359375
0 0.3311767578125 0.4361572265625 0.007080078125 0.012451171875
0 0.251708984375 0.4456787109375 0.005859375 0.007080078125
0 0.054931640625 0.432861328125 0.025390625 0.03759765625
0 0.1246337890625 0.4090576171875 0.006103515625 0.014404296875
