0 0.53076171875 0.4744873046875 0.00830078125 0.016845703125
0 0.77978515625 0.4376220703125 0.00927734375 0.015869140625
0 0.083740234375 0.4539794921875 0.005859375 0.019287109375
0 0.5548095703125 0.402587890625 0.010009765625 0.017578125
0 0.6766357421875 0.40478515625 0.023193359375 0.0107421875
0 0.896728515625 0.334228515625 0.0224609375 0.02001953125
0 0.4178466796875 0.43017578125 0.025146484375 0.04931640625
0 0.2642822265625 0.433349609375 0.016357421875 0.005859375
0 0.12060546875 0.46435546875 0.005859375 0.017578125
0 0.1641845703125 0.452880859375 0.013427734375 0.0166015625
0 0.9945068359375 0.38232421875 0.010498046875 0.00830078125
0 0.9853515625 0.3885498046875 0.02880859375 0.012451171875
0 0.249755859375 0.4378662109375 0.00634765625 0.005126953125
