0 0.821533203125 0.464111328125 0.02001953125 0.0400390625
0 0.5645751953125 0.5228271484375 0.009521484375 0.016845703125
0 0.5423583984375 0.5576171875 0.005126953125 0.00341796875
0 0.6019287109375 0.513916015625 0.017333984375 0.00732421875
0 0.8203125 0.426513671875 0.0205078125 0.0390625
0 0.8182373046875 0.37939453125 0.032470703125 0.05126953125
0 0.5469970703125 0.5347900390625 0.008544921875 0.005126953125
0 0.6134033203125 0.5115966796875 0.006103515625 0.013427734375
0 0.5457763671875 0.522216796875 0.011474609375 0.01953125
0 0.5343017578125 0.5599365234375 0.004638671875 0.011474609375
0 0.5419921875 0.5496826171875 0.00830078125 0.010986328125
0 0.5423583984375 0.542236328125 0.007568359375 0.00244140625
0 0.6409912109375 0.52001953125 0.004150390625 0.01806640625
