0 0.6998291015625 0.494140625 0.022705078125 0.03662109375
0 0.3912353515625 0.545654296875 0.012939453125 0.0205078125
0 0.616943359375 0.5841064453125 0.0322265625 0.026611328125
0 0.6153564453125 0.4820556640625 0.029541015625 0.018798828125
0 0.6185302734375 0.53271484375 0.033935546875 0.01806640625
0 0.61865234375 0.5498046875 0.03271484375 0.02001953125
0 0.6153564453125 0.499755859375 0.030517578125 0.01708984375
0 0.7518310546875 0.5152587890625 0.056396484375 0.028564453125
0 0.6195068359375 0.515869140625 0.034423828125 0.01904296875
0 0.6005859375 0.5655517578125 0.00830078125 0.014892578125
0 0.765625 0.490966796875 0.0107421875 0.01806640625
0 0.7469482421875 0.490234375 0.053466796875 0.0263671875
0 0.599853515625 0.58642578125 0.01171875 0.0244140625
0 0.3880615234375 0.5955810546875 0.014892578125 0.026611328125
0 0.387939453125 0.57373046875 0.0087890625 0.01611328125
0 0.18896484375 0.6168212890625 0.037109375 0.062255859375
0 0.6109619140625 0.6090087890625 0.015869140625 0.029052734375
0 0.734619140625 0.5140380859375 0.01025390625 0.019775390625
0 0.618896484375 0.5684814453125 0.0302734375 0.025634765625
0 0.391845703125 0.5714111328125 0.01220703125 0.029052734375
