0 0.506103515625 0.3431396484375 0.01416015625 0.024658203125
0 0.3143310546875 0.3350830078125 0.014404296875 0.022705078125
0 0.316650390625 0.357421875 0.01416015625 0.0234375
0 0.243408203125 0.3890380859375 0.00830078125 0.014404296875
0 0.4552001953125 0.300048828125 0.027099609375 0.0361328125
0 0.5506591796875 0.3408203125 0.009033203125 0.015625
0 0.6494140625 0.36376953125 0.00439453125 0.00732421875
0 0.5064697265625 0.3653564453125 0.014404296875 0.020263671875
0 0.4752197265625 0.3572998046875 0.003662109375 0.011962890625
0 0.506103515625 0.3277587890625 0.01416015625 0.007568359375
0 0.662109375 0.3695068359375 0.00341796875 0.005126953125
