0 0.96826171875 0.5511474609375 0.052734375 0.059326171875
0 0.697509765625 0.8902587890625 0.005859375 0.007568359375
0 0.783935546875 0.83642578125 0.0166015625 0.02099609375
0 0.1875 0.8641357421875 0.01708984375 0.023193359375
0 0.322265625 0.9345703125 0.00732421875 0.01123046875
0 0.6981201171875 0.8973388671875 0.006103515625 0.009033203125
0 0.903076171875 0.829345703125 0.01513671875 0.03271484375
0 0.76953125 0.905517578125 0.00830078125 0.01025390625
0 0.321533203125 0.94580078125 0.00634765625 0.00830078125
0 0.90771484375 0.853759765625 0.0107421875 0.017578125
0 0.6820068359375 0.91357421875 0.005126953125 0.00537109375
