0 0.1866455078125 0.5628662109375 0.019775390625 0.030517578125
0 0.3480224609375 0.529541015625 0.040771484375 0.02392578125
0 0.34912109375 0.5079345703125 0.01953125 0.021728515625
0 0.3443603515625 0.56982421875 0.002685546875 0.01318359375
0 0.7154541015625 0.4947509765625 0.007568359375 0.010498046875
0 0.672119140625 0.5146484375 0.00830078125 0.0107421875
0 0.671142578125 0.5040283203125 0.0078125 0.011474609375
0 0.985595703125 0.5238037109375 0.00390625 0.010986328125
0 0.984619140625 0.51416015625 0.00439453125 0.01025390625
0 0.98046875 0.4715576171875 0.00634765625 0.020751953125
0 0.9783935546875 0.4521484375 0.007080078125 0.0205078125
0 0.6463623046875 0.5400390625 0.002685546875 0.009765625
0 0.6177978515625 0.5384521484375 0.004150390625 0.004150390625
0 0.570068359375 0.5274658203125 0.00390625 0.006103515625
0 0.4659423828125 0.5406494140625 0.022705078125 0.012451171875
0 0.4681396484375 0.5294189453125 0.006103515625 0.010009765625
0 0.556396484375 0.540283203125 0.0048828125 0.00927734375
0 0.5665283203125 0.5455322265625 0.003662109375 0.004638671875
0 0.5697021484375 0.543701171875 0.003173828125 0.00390625
0 0.938232421875 0.4949951171875 0.0029296875 0.006103515625
0 0.94091796875 0.4945068359375 0.001953125 0.006103515625
0 0.27587890625 0.5919189453125 0.00390625 0.003173828125
0 0.697998046875 0.5224609375 0.005859375 0.00390625
0 0.6614990234375 0.533935546875 0.003662109375 0.00341796875
0 0.6270751953125 0.5283203125 0.003662109375 0.001953125
0 0.4552001953125 0.5179443359375 0.014404296875 0.009033203125
0 0.55810546875 0.533203125 0.013671875 0.00537109375
0 0.286376953125 0.5712890625 0.0078125 0.00439453125
0 0.787841796875 0.437255859375 0.01025390625 0.0224609375
0 0.7164306640625 0.502197265625 0.006591796875 0.005859375
