0 0.3671875 0.764892578125 0.0146484375 0.02001953125
0 0.5574951171875 0.7811279296875 0.015380859375 0.020751953125
0 0.4697265625 0.7996826171875 0.00244140625 0.005126953125
0 0.4619140625 0.799560546875 0.00390625 0.0078125
0 0.477783203125 0.8009033203125 0.00341796875 0.005615234375
0 0.515625 0.808837890625 0.0029296875 0.00341796875
0 0.4930419921875 0.8037109375 0.003173828125 0.0048828125
0 0.486328125 0.8016357421875 0.0029296875 0.004638671875
0 0.47412109375 0.791015625 0.0048828125 0.01025390625
0 0.5025634765625 0.8060302734375 0.003173828125 0.005126953125
