0 0.071044921875 0.5513916015625 0.02880859375 0.034423828125
0 0.6390380859375 0.5411376953125 0.019775390625 0.026611328125
0 0.265380859375 0.5780029296875 0.01416015625 0.021728515625
0 0.0760498046875 0.5093994140625 0.029052734375 0.033935546875
0 0.3516845703125 0.5596923828125 0.012939453125 0.019287109375
0 0.965087890625 0.281005859375 0.0693359375 0.15576171875
0 0.06787109375 0.5771484375 0.0244140625 0.01708984375
0 0.9678955078125 0.441650390625 0.063720703125 0.15478515625
0 0.7386474609375 0.6524658203125 0.008056640625 0.016357421875
0 0.2601318359375 0.561279296875 0.013916015625 0.0078125
0 0.759765625 0.6529541015625 0.0068359375 0.012939453125
