0 0.4033203125 0.440185546875 0.01416015625 0.0283203125
0 0.4031982421875 0.4652099609375 0.008056640625 0.017822265625
0 0.8651123046875 0.446533203125 0.052490234375 0.04150390625
0 0.3663330078125 0.474853515625 0.013916015625 0.02001953125
0 0.3807373046875 0.460693359375 0.006591796875 0.0107421875
0 0.3779296875 0.4451904296875 0.0107421875 0.021728515625
0 0.4326171875 0.468994140625 0.01904296875 0.00830078125
0 0.4461669921875 0.4693603515625 0.008544921875 0.008544921875
0 0.446533203125 0.459716796875 0.0087890625 0.01123046875
0 0.44775390625 0.48095703125 0.005859375 0.01513671875
0 0.4368896484375 0.4637451171875 0.027587890625 0.020263671875
0 0.432861328125 0.4600830078125 0.01904296875 0.012451171875
