0 0.8436279296875 0.429443359375 0.042236328125 0.0263671875
0 0.7203369140625 0.468505859375 0.019775390625 0.03076171875
0 0.849853515625 0.2259521484375 0.05126953125 0.051025390625
0 0.6759033203125 0.4501953125 0.010009765625 0.01708984375
0 0.656005859375 0.3486328125 0.0126953125 0.01220703125
0 0.8111572265625 0.325927734375 0.049072265625 0.0390625
0 0.6561279296875 0.3360595703125 0.014892578125 0.013427734375
0 0.844482421875 0.3917236328125 0.0419921875 0.052978515625
0 0.801513671875 0.1693115234375 0.01806640625 0.058837890625
0 0.183837890625 0.450927734375 0.0068359375 0.0205078125
0 0.8475341796875 0.281982421875 0.049072265625 0.01416015625
0 0.6932373046875 0.3367919921875 0.044677734375 0.014892578125
0 0.7899169921875 0.496337890625 0.027099609375 0.01708984375
0 0.8475341796875 0.2630615234375 0.048095703125 0.024658203125
0 0.640380859375 0.449951171875 0.0048828125 0.001953125
