0 0.152099609375 0.4788818359375 0.0146484375 0.028564453125
0 0.7799072265625 0.566650390625 0.012451171875 0.015625
0 0.8709716796875 0.56298828125 0.008544921875 0.0068359375
0 0.9876708984375 0.568359375 0.008056640625 0.0048828125
0 0.9866943359375 0.56494140625 0.006103515625 0.00439453125
0 0.9542236328125 0.6219482421875 0.003662109375 0.008056640625
0 0.8701171875 0.5703125 0.0087890625 0.0068359375
0 0.779541015625 0.578369140625 0.00927734375 0.009765625
0 0.9244384765625 0.5263671875 0.016845703125 0.01025390625
0 0.7103271484375 0.53076171875 0.022216796875 0.01318359375
0 0.710205078125 0.5101318359375 0.02392578125 0.027587890625
0 0.654541015625 0.5123291015625 0.017578125 0.022216796875
0 0.60986328125 0.5784912109375 0.00439453125 0.007080078125
0 0.514404296875 0.571044921875 0.00439453125 0.0068359375
0 0.6094970703125 0.5836181640625 0.002685546875 0.003662109375
0 0.523681640625 0.5811767578125 0.00390625 0.006591796875
0 0.4925537109375 0.5687255859375 0.007080078125 0.011474609375
0 0.4925537109375 0.560302734375 0.004638671875 0.0078125
0 0.6431884765625 0.5848388671875 0.020751953125 0.028564453125
0 0.4290771484375 0.46337890625 0.013427734375 0.02001953125
0 0.984130859375 0.581787109375 0.01220703125 0.015625
0 0.779541015625 0.552490234375 0.0087890625 0.0126953125
0 0.603759765625 0.5870361328125 0.0048828125 0.008544921875
0 0.9239501953125 0.5108642578125 0.017333984375 0.023193359375
0 0.8995361328125 0.585693359375 0.003662109375 0.01123046875
0 0.5137939453125 0.57763671875 0.004638671875 0.0078125
0 0.34228515625 0.548583984375 0.005859375 0.01025390625
0 0.1455078125 0.5081787109375 0.02490234375 0.019775390625
0 0.4334716796875 0.5560302734375 0.005126953125 0.004150390625
0 0.4774169921875 0.5391845703125 0.007568359375 0.007080078125
0 0.3426513671875 0.5621337890625 0.005615234375 0.014892578125
0 0.4771728515625 0.5455322265625 0.007568359375 0.005126953125
0 0.7799072265625 0.589111328125 0.010498046875 0.01220703125
0 0.5023193359375 0.557373046875 0.005126953125 0.00927734375
