0 0.4918212890625 0.3912353515625 0.010498046875 0.012939453125
0 0.491455078125 0.4005126953125 0.00732421875 0.005126953125
0 0.477783203125 0.3560791015625 0.01025390625 0.014404296875
0 0.4774169921875 0.36767578125 0.009521484375 0.00830078125
0 0.6649169921875 0.4140625 0.004638671875 0.0068359375
0 0.66455078125 0.4212646484375 0.00537109375 0.003662109375
0 0.6641845703125 0.4283447265625 0.005615234375 0.006591796875
0 0.7158203125 0.3900146484375 0.01025390625 0.012939453125
0 0.7198486328125 0.4375 0.005126953125 0.00390625
0 0.719970703125 0.4234619140625 0.0048828125 0.006591796875
0 0.7601318359375 0.419189453125 0.004150390625 0.00830078125
