0 0.2884521484375 0.572265625 0.012451171875 0.01611328125
0 0.26708984375 0.5760498046875 0.01416015625 0.018310546875
0 0.288818359375 0.586669921875 0.01416015625 0.00927734375
0 0.0517578125 0.6513671875 0.01513671875 0.02783203125
0 0.2987060546875 0.48046875 0.119384765625 0.0625
0 0.2891845703125 0.5966796875 0.013916015625 0.00927734375
0 0.0517578125 0.652099609375 0.0107421875 0.0126953125
0 0.34619140625 0.5911865234375 0.00634765625 0.010498046875
0 0.33056640625 0.591552734375 0.00830078125 0.0087890625
0 0.3487548828125 0.6138916015625 0.008056640625 0.009033203125
