0 0.579833984375 0.5635986328125 0.07080078125 0.092529296875
0 0.37353515625 0.7169189453125 0.01416015625 0.005615234375
0 0.21728515625 0.6927490234375 0.01708984375 0.006103515625
0 0.3443603515625 0.7430419921875 0.004638671875 0.007080078125
0 0.5736083984375 0.688720703125 0.018798828125 0.0439453125
0 0.5804443359375 0.63037109375 0.041748046875 0.04248046875
0 0.3321533203125 0.69580078125 0.003662109375 0.00537109375
0 0.3961181640625 0.733154296875 0.004638671875 0.0087890625
0 0.057373046875 0.6329345703125 0.009765625 0.008544921875
0 0.58056640625 0.658447265625 0.015625 0.01220703125
0 0.060791015625 0.6353759765625 0.115234375 0.050048828125
