0 0.71240234375 0.415283203125 0.0048828125 0.0068359375
0 0.01025390625 0.4715576171875 0.01171875 0.013427734375
0 0.0089111328125 0.4580078125 0.011962890625 0.013671875
0 0.3564453125 0.3955078125 0.01611328125 0.07275390625
0 0.7261962890625 0.3753662109375 0.006103515625 0.007568359375
0 0.71435546875 0.3778076171875 0.005859375 0.008544921875
0 0.7127685546875 0.4212646484375 0.016845703125 0.031494140625
0 0.0703125 0.475341796875 0.0078125 0.00927734375
0 0.7301025390625 0.3748779296875 0.015869140625 0.011474609375
0 0.0107421875 0.4833984375 0.01025390625 0.01123046875
0 0.7088623046875 0.3782958984375 0.005615234375 0.008056640625
0 0.356689453125 0.4344482421875 0.005859375 0.004150390625
0 0.0950927734375 0.47412109375 0.004638671875 0.0048828125
