0 0.6868896484375 0.52880859375 0.006591796875 0.00927734375
0 0.6251220703125 0.5296630859375 0.006591796875 0.008544921875
0 0.48291015625 0.4586181640625 0.03369140625 0.035888671875
0 0.9024658203125 0.4986572265625 0.005126953125 0.006591796875
0 0.7120361328125 0.51318359375 0.003662109375 0.0048828125
0 0.66259765625 0.510009765625 0.0498046875 0.0244140625
0 0.9815673828125 0.498291015625 0.035400390625 0.06640625
0 0.786865234375 0.5068359375 0.0048828125 0.0068359375
0 0.7213134765625 0.5157470703125 0.004150390625 0.005126953125
0 0.673583984375 0.5224609375 0.0068359375 0.00830078125
0 0.6571044921875 0.542236328125 0.010498046875 0.0380859375
0 0.6942138671875 0.5155029296875 0.003173828125 0.017822265625
0 0.4700927734375 0.4561767578125 0.004150390625 0.006103515625
0 0.6485595703125 0.525390625 0.003173828125 0.00341796875
0 0.9024658203125 0.499755859375 0.007568359375 0.00927734375
0 0.6080322265625 0.5302734375 0.003662109375 0.005859375
