0 0.7080078125 0.8060302734375 0.02099609375 0.031005859375
0 0.75732421875 0.815673828125 0.01318359375 0.01904296875
0 0.6229248046875 0.90283203125 0.008544921875 0.0380859375
0 0.6580810546875 0.901123046875 0.009033203125 0.03271484375
0 0.684814453125 0.8974609375 0.00830078125 0.0302734375
0 0.7615966796875 0.81787109375 0.014404296875 0.0048828125
0 0.6395263671875 0.9010009765625 0.008056640625 0.035888671875
0 0.9454345703125 0.8748779296875 0.108642578125 0.122802734375
0 0.345458984375 0.9132080078125 0.0146484375 0.053466796875
0 0.7587890625 0.83251953125 0.013671875 0.0146484375
0 0.9337158203125 0.7296142578125 0.132080078125 0.210205078125
0 0.347412109375 0.8653564453125 0.0302734375 0.042236328125
0 0.6175537109375 0.7901611328125 0.035400390625 0.052978515625
0 0.0274658203125 0.899169921875 0.011474609375 0.0166015625
0 0.5809326171875 0.8704833984375 0.011962890625 0.016357421875
0 0.8499755859375 0.81982421875 0.022216796875 0.013671875
0 0.8072509765625 0.821044921875 0.018798828125 0.0263671875
