0 0.462890625 0.6475830078125 0.0048828125 0.006591796875
0 0.8470458984375 0.597900390625 0.008544921875 0.0107421875
0 0.86962890625 0.340087890625 0.07666015625 0.08837890625
0 0.8349609375 0.604736328125 0.0078125 0.01025390625
0 0.0379638671875 0.6527099609375 0.006103515625 0.014892578125
0 0.036865234375 0.6656494140625 0.005859375 0.011962890625
0 0.4273681640625 0.6544189453125 0.004638671875 0.006103515625
0 0.5684814453125 0.62646484375 0.006591796875 0.009765625
0 0.4366455078125 0.6346435546875 0.005126953125 0.006591796875
0 0.4630126953125 0.654541015625 0.003173828125 0.0068359375
0 0.5772705078125 0.638916015625 0.004150390625 0.00830078125
0 0.56494140625 0.6322021484375 0.01513671875 0.016845703125
0 0.5596923828125 0.6336669921875 0.008056640625 0.014404296875
0 0.552001953125 0.625732421875 0.00439453125 0.00634765625
0 0.569580078125 0.6561279296875 0.0048828125 0.007568359375
