0 0.2818603515625 0.5560302734375 0.026123046875 0.006591796875
0 0.375732421875 0.318115234375 0.11962890625 0.02685546875
0 0.5618896484375 0.5811767578125 0.008544921875 0.007080078125
0 0.0262451171875 0.496826171875 0.011962890625 0.03759765625
0 0.0703125 0.5767822265625 0.0087890625 0.021240234375
0 0.0810546875 0.44384765625 0.04736328125 0.076171875
0 0.15478515625 0.45068359375 0.07177734375 0.06396484375
0 0.623779296875 0.48095703125 0.060546875 0.0576171875
0 0.89697265625 0.5587158203125 0.01318359375 0.020751953125
0 0.8975830078125 0.5794677734375 0.010986328125 0.017333984375
0 0.915771484375 0.6151123046875 0.021484375 0.019287109375
