0 0.273681640625 0.541259765625 0.01416015625 0.0234375
0 0.3695068359375 0.2637939453125 0.065185546875 0.112548828125
0 0.1910400390625 0.2813720703125 0.060302734375 0.103759765625
0 0.2822265625 0.264892578125 0.0625 0.111328125
0 0.424072265625 0.2657470703125 0.02099609375 0.039306640625
0 0.4478759765625 0.2823486328125 0.020751953125 0.038818359375
0 0.45751953125 0.261962890625 0.1015625 0.11279296875
0 0.273193359375 0.5570068359375 0.013671875 0.010498046875
0 0.173828125 0.2845458984375 0.0146484375 0.029541015625
0 0.273193359375 0.5740966796875 0.013671875 0.023193359375
0 0.350341796875 0.2745361328125 0.0205078125 0.025634765625
