0 0.526123046875 0.556640625 0.00732421875 0.0126953125
0 0.5260009765625 0.572998046875 0.007080078125 0.01220703125
0 0.6773681640625 0.62841796875 0.004150390625 0.0068359375
0 0.673583984375 0.628173828125 0.00341796875 0.005859375
0 0.7197265625 0.627685546875 0.001953125 0.00341796875
0 0.6754150390625 0.6298828125 0.009521484375 0.0107421875
0 0.6453857421875 0.642333984375 0.004638671875 0.005859375
0 0.58056640625 0.6007080078125 0.0068359375 0.011962890625
0 0.6680908203125 0.645751953125 0.006591796875 0.00732421875
0 0.525634765625 0.58154296875 0.00537109375 0.00634765625
0 0.5260009765625 0.564697265625 0.005126953125 0.00439453125
