0 0.35498046875 0.5595703125 0.01123046875 0.01611328125
0 0.44677734375 0.47802734375 0.033203125 0.04052734375
0 0.1932373046875 0.582763671875 0.009521484375 0.01171875
0 0.35546875 0.541259765625 0.01513671875 0.01953125
0 0.3316650390625 0.5711669921875 0.008544921875 0.011474609375
0 0.3321533203125 0.581787109375 0.009521484375 0.01123046875
0 0.4466552734375 0.5174560546875 0.029052734375 0.036376953125
0 0.19287109375 0.595947265625 0.0087890625 0.01123046875
0 0.3319091796875 0.5931396484375 0.009033203125 0.011962890625
0 0.3558349609375 0.5750732421875 0.010986328125 0.014404296875
0 0.5008544921875 0.6641845703125 0.118408203125 0.072509765625
0 0.3424072265625 0.59619140625 0.005126953125 0.0078125
0 0.3424072265625 0.6024169921875 0.005126953125 0.006103515625
