0 0.503662109375 0.4356689453125 0.01171875 0.014892578125
0 0.4422607421875 0.4364013671875 0.006103515625 0.008544921875
0 0.0208740234375 0.3272705078125 0.013427734375 0.041748046875
0 0.239013671875 0.42236328125 0.0078125 0.009765625
0 0.02001953125 0.3555908203125 0.00927734375 0.019775390625
0 0.4420166015625 0.4378662109375 0.008056640625 0.015380859375
0 0.2384033203125 0.42431640625 0.009033203125 0.017578125
0 0.228515625 0.4244384765625 0.01025390625 0.019287109375
0 0.4642333984375 0.466064453125 0.005126953125 0.0107421875
0 0.4466552734375 0.4705810546875 0.005126953125 0.010009765625
0 0.451416015625 0.438232421875 0.0078125 0.015625
0 0.3094482421875 0.451904296875 0.005615234375 0.00390625
