0 0.5919189453125 0.599609375 0.011962890625 0.01611328125
0 0.5596923828125 0.5908203125 0.009033203125 0.01171875
0 0.4808349609375 0.5325927734375 0.009521484375 0.012939453125
0 0.391357421875 0.6002197265625 0.009765625 0.012451171875
0 0.5533447265625 0.598876953125 0.009033203125 0.0126953125
0 0.56005859375 0.6046142578125 0.00537109375 0.004638671875
0 0.5599365234375 0.599365234375 0.005126953125 0.00537109375
0 0.4505615234375 0.615478515625 0.002685546875 0.0048828125
0 0.1416015625 0.6729736328125 0.01416015625 0.073486328125
0 0.1201171875 0.677001953125 0.01611328125 0.08203125
