0 0.3260498046875 0.4501953125 0.022705078125 0.03173828125
0 0.935302734375 0.550537109375 0.05615234375 0.0263671875
0 0.934814453125 0.571533203125 0.05517578125 0.017578125
0 0.9346923828125 0.5872802734375 0.054443359375 0.017333984375
0 0.1312255859375 0.50146484375 0.035888671875 0.0166015625
0 0.1326904296875 0.5133056640625 0.031005859375 0.009521484375
0 0.1324462890625 0.5206298828125 0.030029296875 0.008056640625
0 0.1309814453125 0.529296875 0.029541015625 0.00830078125
0 0.2401123046875 0.55517578125 0.007080078125 0.00927734375
0 0.5799560546875 0.552978515625 0.024658203125 0.0078125
0 0.57958984375 0.561279296875 0.025390625 0.009765625
