0 0.59521484375 0.3572998046875 0.021484375 0.019775390625
0 0.5941162109375 0.320068359375 0.031005859375 0.05517578125
0 0.2904052734375 0.433349609375 0.012939453125 0.0224609375
0 0.58349609375 0.442138671875 0.01611328125 0.00927734375
0 0.6055908203125 0.2108154296875 0.054931640625 0.143798828125
0 0.4801025390625 0.4464111328125 0.007080078125 0.011474609375
0 0.4990234375 0.4345703125 0.009765625 0.0166015625
0 0.499755859375 0.446044921875 0.0068359375 0.00634765625
0 0.6605224609375 0.4803466796875 0.006591796875 0.022705078125
0 0.277587890625 0.384521484375 0.005859375 0.01708984375
0 0.292236328125 0.44775390625 0.00439453125 0.0068359375
0 0.38134765625 0.4669189453125 0.00732421875 0.022705078125
0 0.337890625 0.4700927734375 0.0078125 0.023681640625
0 0.4752197265625 0.4534912109375 0.005615234375 0.015869140625
