0 0.6397705078125 0.635498046875 0.013427734375 0.015625
0 0.455322265625 0.6478271484375 0.00439453125 0.005126953125
0 0.8070068359375 0.6099853515625 0.021240234375 0.027587890625
0 0.622802734375 0.640625 0.03759765625 0.0263671875
0 0.667236328125 0.631103515625 0.017578125 0.00927734375
0 0.4530029296875 0.639404296875 0.004150390625 0.005859375
0 0.161865234375 0.5794677734375 0.00732421875 0.016357421875
0 0.3011474609375 0.599365234375 0.005615234375 0.0087890625
0 0.29833984375 0.62744140625 0.00732421875 0.0048828125
0 0.3851318359375 0.6058349609375 0.005615234375 0.007568359375
0 0.369873046875 0.6324462890625 0.00537109375 0.007568359375
0 0.4544677734375 0.6573486328125 0.003173828125 0.012939453125
0 0.46533203125 0.631103515625 0.00732421875 0.009765625
0 0.51416015625 0.6209716796875 0.005859375 0.008544921875
