0 0.4281005859375 0.5286865234375 0.006591796875 0.009033203125
0 0.841796875 0.5128173828125 0.01171875 0.019287109375
0 0.249755859375 0.525146484375 0.00830078125 0.01025390625
0 0.3082275390625 0.531005859375 0.003173828125 0.00439453125
0 0.3504638671875 0.5311279296875 0.003662109375 0.005126953125
0 0.3658447265625 0.5289306640625 0.003173828125 0.005615234375
0 0.373291015625 0.5301513671875 0.0048828125 0.007080078125
0 0.376220703125 0.5262451171875 0.00390625 0.006103515625
0 0.390869140625 0.5281982421875 0.00341796875 0.005615234375
0 0.4224853515625 0.525146484375 0.004150390625 0.00537109375
0 0.406494140625 0.5272216796875 0.00341796875 0.005126953125
0 0.4146728515625 0.5263671875 0.002685546875 0.00537109375
0 0.4224853515625 0.5299072265625 0.004150390625 0.002685546875
0 0.4200439453125 0.526123046875 0.003173828125 0.005859375
