0 0.358154296875 0.677490234375 0.005859375 0.00927734375
0 0.2911376953125 0.6727294921875 0.009033203125 0.012451171875
0 0.5145263671875 0.69287109375 0.006591796875 0.00634765625
0 0.476806640625 0.6837158203125 0.01318359375 0.008544921875
0 0.5579833984375 0.7244873046875 0.006103515625 0.014892578125
0 0.4141845703125 0.6976318359375 0.007568359375 0.015380859375
0 0.357666015625 0.6861572265625 0.00537109375 0.007080078125
0 0.2952880859375 0.6787109375 0.009521484375 0.013671875
0 0.2886962890625 0.6865234375 0.009033203125 0.01220703125
0 0.310302734375 0.684326171875 0.0146484375 0.01318359375
0 0.4862060546875 0.674072265625 0.013916015625 0.0087890625
