0 0.1141357421875 0.379150390625 0.035888671875 0.01953125
0 0.1126708984375 0.4052734375 0.031982421875 0.0234375
0 0.1131591796875 0.4232177734375 0.031494140625 0.021728515625
0 0.0745849609375 0.3936767578125 0.034912109375 0.024169921875
0 0.0751953125 0.41455078125 0.03466796875 0.0244140625
0 0.760986328125 0.33544921875 0.009765625 0.02099609375
0 0.0919189453125 0.48486328125 0.011962890625 0.01904296875
0 0.0921630859375 0.4991455078125 0.013427734375 0.009521484375
0 0.419677734375 0.495849609375 0.00390625 0.0068359375
0 0.4359130859375 0.504150390625 0.003173828125 0.00341796875
0 0.435791015625 0.508056640625 0.00341796875 0.00341796875
0 0.555419921875 0.4884033203125 0.00927734375 0.011962890625
0 0.7728271484375 0.3643798828125 0.044189453125 0.066650390625
0 0.7750244140625 0.41357421875 0.034912109375 0.03369140625
0 0.3951416015625 0.506591796875 0.003173828125 0.00341796875
0 0.3948974609375 0.5030517578125 0.002685546875 0.003662109375
