0 0.7261962890625 0.2855224609375 0.073486328125 0.097412109375
0 0.40869140625 0.4549560546875 0.01611328125 0.021240234375
0 0.1759033203125 0.376708984375 0.048095703125 0.05908203125
0 0.6219482421875 0.455810546875 0.016845703125 0.021484375
0 0.4078369140625 0.4716796875 0.012451171875 0.00830078125
0 0.6219482421875 0.4716796875 0.012451171875 0.0078125
0 0.7303466796875 0.376708984375 0.075927734375 0.09765625
0 0.1763916015625 0.4234619140625 0.048583984375 0.033935546875
0 0.2879638671875 0.4884033203125 0.005615234375 0.007568359375
0 0.5999755859375 0.4619140625 0.006591796875 0.00830078125
0 0.5994873046875 0.485595703125 0.006591796875 0.0087890625
0 0.5994873046875 0.4530029296875 0.009033203125 0.008056640625
0 0.823486328125 0.423583984375 0.00732421875 0.03125
0 0.736328125 0.4432373046875 0.01123046875 0.021240234375
