0 0.3934326171875 0.4910888671875 0.006591796875 0.011962890625
0 0.4658203125 0.5186767578125 0.01416015625 0.018798828125
0 0.5731201171875 0.46240234375 0.022216796875 0.04736328125
0 0.650390625 0.3521728515625 0.064453125 0.103759765625
0 0.6876220703125 0.36279296875 0.031982421875 0.0791015625
0 0.4669189453125 0.532958984375 0.007080078125 0.00732421875
0 0.571044921875 0.4183349609375 0.02197265625 0.046630859375
0 0.261474609375 0.532470703125 0.0078125 0.00439453125
0 0.208740234375 0.5272216796875 0.01318359375 0.005615234375
0 0.2659912109375 0.546142578125 0.005126953125 0.0029296875
0 0.2568359375 0.5487060546875 0.0078125 0.003662109375
