0 0.103759765625 0.5738525390625 0.015625 0.033935546875
0 0.2724609375 0.6151123046875 0.02734375 0.023193359375
0 0.4952392578125 0.6246337890625 0.008056640625 0.014404296875
0 0.5653076171875 0.588623046875 0.018310546875 0.03125
0 0.46875 0.641845703125 0.00439453125 0.009765625
0 0.259521484375 0.5924072265625 0.0126953125 0.023193359375
0 0.4683837890625 0.6502685546875 0.004150390625 0.008056640625
0 0.46826171875 0.6597900390625 0.00244140625 0.005126953125
0 0.5615234375 0.6207275390625 0.0068359375 0.010986328125
0 0.5653076171875 0.6195068359375 0.022705078125 0.028076171875
