0 0.4830322265625 0.7315673828125 0.026123046875 0.030517578125
0 0.3692626953125 0.78759765625 0.002685546875 0.0078125
0 0.215576171875 0.7940673828125 0.0048828125 0.008056640625
0 0.38330078125 0.77734375 0.01123046875 0.0048828125
0 0.290771484375 0.7850341796875 0.00439453125 0.008544921875
0 0.20849609375 0.7967529296875 0.00244140625 0.005126953125
0 0.3955078125 0.7705078125 0.01171875 0.01611328125
0 0.20849609375 0.789306640625 0.00390625 0.0068359375
0 0.295654296875 0.744140625 0.005859375 0.01123046875
0 0.3831787109375 0.791015625 0.011474609375 0.01318359375
0 0.410400390625 0.7852783203125 0.00537109375 0.012451171875
0 0.178466796875 0.7764892578125 0.00537109375 0.012939453125
0 0.370361328125 0.7777099609375 0.00830078125 0.011474609375
0 0.2376708984375 0.7120361328125 0.011962890625 0.019287109375
0 0.2540283203125 0.7464599609375 0.016357421875 0.009033203125
0 0.3590087890625 0.7149658203125 0.010986328125 0.018310546875
0 0.479248046875 0.7547607421875 0.0068359375 0.017333984375
0 0.3831787109375 0.781982421875 0.008544921875 0.0048828125
0 0.18505859375 0.74462890625 0.01416015625 0.00439453125
