0 0.4083251953125 0.6536865234375 0.029541015625 0.040771484375
0 0.233154296875 0.76220703125 0.01220703125 0.01513671875
0 0.2322998046875 0.774169921875 0.011474609375 0.01025390625
0 0.221923828125 0.7628173828125 0.00390625 0.009521484375
0 0.218017578125 0.7840576171875 0.00537109375 0.004638671875
0 0.2183837890625 0.7763671875 0.006103515625 0.00732421875
0 0.2177734375 0.770751953125 0.00439453125 0.00439453125
0 0.2022705078125 0.7734375 0.003173828125 0.00537109375
0 0.2020263671875 0.777587890625 0.003173828125 0.00341796875
0 0.4071044921875 0.68603515625 0.022216796875 0.0224609375
0 0.2530517578125 0.7532958984375 0.007568359375 0.016845703125
0 0.210693359375 0.7696533203125 0.00439453125 0.009033203125
