0 0.55859375 0.3914794921875 0.0107421875 0.023193359375
0 0.494384765625 0.3897705078125 0.01025390625 0.012939453125
0 0.5445556640625 0.3912353515625 0.010498046875 0.014404296875
0 0.6055908203125 0.4869384765625 0.007080078125 0.004638671875
0 0.5970458984375 0.4854736328125 0.003173828125 0.007080078125
0 0.47021484375 0.4522705078125 0.0029296875 0.004638671875
0 0.605224609375 0.4796142578125 0.00732421875 0.009033203125
0 0.496337890625 0.452392578125 0.005859375 0.00439453125
0 0.51123046875 0.493896484375 0.00341796875 0.00732421875
0 0.7098388671875 0.4512939453125 0.005615234375 0.021728515625
0 0.510986328125 0.46923828125 0.00341796875 0.00634765625
0 0.558349609375 0.388671875 0.00927734375 0.01171875
