0 0.86328125 0.52197265625 0.0888671875 0.099609375
0 0.864990234375 0.5980224609375 0.08935546875 0.055419921875
0 0.44970703125 0.6138916015625 0.0048828125 0.020263671875
0 0.457763671875 0.617431640625 0.00390625 0.02392578125
0 0.4183349609375 0.5980224609375 0.004638671875 0.005615234375
0 0.4688720703125 0.60498046875 0.004150390625 0.00439453125
0 0.4447021484375 0.611328125 0.004638671875 0.0205078125
0 0.4801025390625 0.5889892578125 0.016845703125 0.007568359375
0 0.418212890625 0.603759765625 0.00390625 0.0048828125
0 0.4691162109375 0.599365234375 0.003662109375 0.00634765625
