0 0.1719970703125 0.4141845703125 0.015869140625 0.028076171875
0 0.2742919921875 0.440673828125 0.021728515625 0.02392578125
0 0.186279296875 0.450927734375 0.11669921875 0.12060546875
0 0.1488037109375 0.4320068359375 0.010498046875 0.018310546875
0 0.80419921875 0.51025390625 0.00390625 0.02099609375
0 0.22607421875 0.44873046875 0.02001953125 0.03271484375
0 0.35986328125 0.5169677734375 0.01025390625 0.011962890625
0 0.136962890625 0.4307861328125 0.01025390625 0.018798828125
0 0.3822021484375 0.5291748046875 0.007080078125 0.027099609375
0 0.4754638671875 0.58447265625 0.002197265625 0.00390625
0 0.934814453125 0.4794921875 0.01806640625 0.0087890625
0 0.9482421875 0.467041015625 0.0244140625 0.01318359375
0 0.47509765625 0.5877685546875 0.00244140625 0.003173828125
0 0.35693359375 0.51806640625 0.00390625 0.00732421875
0 0.2685546875 0.4432373046875 0.0078125 0.014892578125
