0 0.336181640625 0.661376953125 0.005859375 0.00830078125
0 0.393310546875 0.6956787109375 0.00439453125 0.017822265625
0 0.3868408203125 0.686767578125 0.004638671875 0.00732421875
0 0.3936767578125 0.675048828125 0.009033203125 0.0146484375
0 0.32861328125 0.6658935546875 0.01513671875 0.019775390625
0 0.313232421875 0.684326171875 0.01123046875 0.015625
0 0.2645263671875 0.7034912109375 0.025146484375 0.032470703125
0 0.2630615234375 0.6571044921875 0.019775390625 0.031005859375
0 0.1422119140625 0.68505859375 0.008056640625 0.01611328125
0 0.1392822265625 0.6619873046875 0.021240234375 0.029052734375
0 0.1402587890625 0.6168212890625 0.014892578125 0.018310546875
0 0.5504150390625 0.62744140625 0.015380859375 0.01953125
0 0.8011474609375 0.5538330078125 0.013427734375 0.019775390625
0 0.6175537109375 0.5887451171875 0.028564453125 0.010498046875
0 0.140380859375 0.5968017578125 0.01611328125 0.021240234375
0 0.7381591796875 0.591552734375 0.039306640625 0.05126953125
0 0.6671142578125 0.6358642578125 0.016845703125 0.017333984375
0 0.61767578125 0.6015625 0.0126953125 0.01708984375
0 0.3470458984375 0.6837158203125 0.003173828125 0.004150390625
0 0.246826171875 0.7176513671875 0.009765625 0.036865234375
0 0.5595703125 0.6436767578125 0.0126953125 0.005126953125
0 0.6165771484375 0.5693359375 0.014404296875 0.01025390625
0 0.6646728515625 0.5843505859375 0.018798828125 0.013427734375
0 0.6651611328125 0.5980224609375 0.019287109375 0.013916015625
0 0.666015625 0.61572265625 0.0234375 0.025390625
0 0.140380859375 0.575927734375 0.01611328125 0.02099609375
0 0.124755859375 0.6329345703125 0.0244140625 0.010986328125
0 0.53369140625 0.6719970703125 0.0078125 0.011474609375
0 0.548095703125 0.658447265625 0.0048828125 0.0078125
0 0.5491943359375 0.6661376953125 0.005615234375 0.008544921875
0 0.55029296875 0.674072265625 0.00732421875 0.0126953125
0 0.61962890625 0.6536865234375 0.01806640625 0.024169921875
0 0.62841796875 0.618408203125 0.00634765625 0.00927734375
0 0.140380859375 0.5614013671875 0.0166015625 0.011962890625
0 0.6170654296875 0.5791015625 0.025146484375 0.01025390625
