0 0.6605224609375 0.6053466796875 0.012939453125 0.015380859375
0 0.660888671875 0.621337890625 0.00732421875 0.0126953125
0 0.638916015625 0.567138671875 0.00732421875 0.0068359375
0 0.5997314453125 0.6201171875 0.007080078125 0.01220703125
0 0.587646484375 0.565185546875 0.0107421875 0.00732421875
0 0.6910400390625 0.5677490234375 0.007568359375 0.006591796875
0 0.484130859375 0.6182861328125 0.0068359375 0.011962890625
0 0.484130859375 0.6317138671875 0.00634765625 0.009033203125
0 0.38037109375 0.626708984375 0.0068359375 0.013671875
0 0.73828125 0.5682373046875 0.0263671875 0.013427734375
0 0.60009765625 0.633056640625 0.0068359375 0.0087890625
0 0.787353515625 0.5697021484375 0.02685546875 0.013427734375
0 0.4815673828125 0.5587158203125 0.034423828125 0.012939453125
0 0.6600341796875 0.634521484375 0.007568359375 0.00927734375
0 0.6304931640625 0.564208984375 0.024169921875 0.01220703125
0 0.5330810546875 0.5614013671875 0.024658203125 0.012451171875
0 0.5997314453125 0.604736328125 0.010986328125 0.013671875
0 0.6829833984375 0.564697265625 0.026123046875 0.01220703125
0 0.3419189453125 0.6220703125 0.009521484375 0.01220703125
0 0.841552734375 0.5723876953125 0.02734375 0.012939453125
0 0.4847412109375 0.6026611328125 0.010009765625 0.015380859375
0 0.58203125 0.56298828125 0.0244140625 0.01171875
0 0.3804931640625 0.62353515625 0.004150390625 0.005859375
