0 0.6185302734375 0.4263916015625 0.012451171875 0.023193359375
0 0.54443359375 0.42333984375 0.00732421875 0.01318359375
0 0.2685546875 0.2984619140625 0.0146484375 0.019287109375
0 0.4649658203125 0.4012451171875 0.007080078125 0.012939453125
0 0.0321044921875 0.24658203125 0.017333984375 0.01708984375
0 0.2674560546875 0.3138427734375 0.010498046875 0.018310546875
0 0.6165771484375 0.4451904296875 0.013916015625 0.019287109375
0 0.6083984375 0.4088134765625 0.01171875 0.034423828125
0 0.8402099609375 0.557861328125 0.005615234375 0.0107421875
0 0.614501953125 0.459716796875 0.01025390625 0.01806640625
0 0.8602294921875 0.4171142578125 0.012451171875 0.090576171875
0 0.8388671875 0.56640625 0.00634765625 0.0087890625
0 0.8253173828125 0.4892578125 0.019287109375 0.03564453125
0 0.6982421875 0.494140625 0.005859375 0.01220703125
0 0.94482421875 0.61376953125 0.0126953125 0.0302734375
0 0.2708740234375 0.2803955078125 0.012939453125 0.025146484375
0 0.967041015625 0.538330078125 0.02734375 0.0361328125
0 0.4139404296875 0.18994140625 0.055908203125 0.05322265625
0 0.2410888671875 0.118896484375 0.012451171875 0.02734375
0 0.3348388671875 0.1610107421875 0.052978515625 0.072998046875
0 0.5074462890625 0.2310791015625 0.068115234375 0.069091796875
0 0.530029296875 0.2310791015625 0.01416015625 0.018798828125
