0 0.4942626953125 0.371337890625 0.009521484375 0.01611328125
0 0.7974853515625 0.39697265625 0.006103515625 0.021484375
0 0.5006103515625 0.436279296875 0.007568359375 0.01123046875
0 0.19140625 0.3797607421875 0.01708984375 0.022216796875
0 0.518798828125 0.373046875 0.0322265625 0.01025390625
0 0.4510498046875 0.3707275390625 0.008544921875 0.014404296875
0 0.3194580078125 0.4459228515625 0.007080078125 0.010009765625
0 0.0966796875 0.3414306640625 0.00830078125 0.019287109375
0 0.1710205078125 0.3709716796875 0.005126953125 0.018798828125
0 0.37109375 0.44921875 0.00390625 0.005859375
0 0.5296630859375 0.4417724609375 0.003662109375 0.007568359375
0 0.61962890625 0.2288818359375 0.02197265625 0.070068359375
