0 0.8291015625 0.7022705078125 0.0146484375 0.030517578125
0 0.7093505859375 0.716552734375 0.007568359375 0.017578125
0 0.7955322265625 0.6483154296875 0.014404296875 0.035888671875
0 0.38916015625 0.739990234375 0.0068359375 0.01123046875
0 0.5784912109375 0.7408447265625 0.017822265625 0.008544921875
0 0.197021484375 0.715576171875 0.00341796875 0.01318359375
0 0.196044921875 0.7266845703125 0.00341796875 0.007568359375
0 0.043212890625 0.6806640625 0.00927734375 0.0185546875
0 0.5977783203125 0.740478515625 0.019775390625 0.01025390625
0 0.958740234375 0.3533935546875 0.03759765625 0.073486328125
0 0.590576171875 0.750732421875 0.02392578125 0.00927734375
0 0.9693603515625 0.40869140625 0.020751953125 0.0576171875
