0 0.68310546875 0.6048583984375 0.02685546875 0.036865234375
0 0.5557861328125 0.788330078125 0.008544921875 0.03369140625
0 0.5020751953125 0.7874755859375 0.003662109375 0.016357421875
0 0.3892822265625 0.80517578125 0.005126953125 0.0283203125
0 0.4407958984375 0.79248046875 0.003173828125 0.01318359375
0 0.4522705078125 0.79248046875 0.002685546875 0.01123046875
0 0.4365234375 0.7955322265625 0.00537109375 0.015869140625
0 0.4189453125 0.7965087890625 0.00537109375 0.023193359375
0 0.3731689453125 0.810791015625 0.011474609375 0.0361328125
0 0.4093017578125 0.800537109375 0.004638671875 0.02294921875
0 0.50537109375 0.7686767578125 0.00341796875 0.005126953125
0 0.2647705078125 0.830810546875 0.016845703125 0.0654296875
0 0.3299560546875 0.7923583984375 0.014892578125 0.010498046875
0 0.4217529296875 0.781494140625 0.007080078125 0.0107421875
0 0.5760498046875 0.7115478515625 0.024658203125 0.035400390625
0 0.3602294921875 0.75927734375 0.013916015625 0.01953125
0 0.1859130859375 0.727294921875 0.034423828125 0.04541015625
0 0.536865234375 0.7452392578125 0.01318359375 0.018310546875
0 0.40771484375 0.7696533203125 0.00830078125 0.011962890625
0 0.3306884765625 0.7760009765625 0.014404296875 0.019775390625
0 0.5985107421875 0.6783447265625 0.013916015625 0.020263671875
0 0.51904296875 0.7587890625 0.005859375 0.00830078125
0 0.54345703125 0.7762451171875 0.00537109375 0.026611328125
