0 0.559814453125 0.5169677734375 0.01806640625 0.023681640625
0 0.44873046875 0.703369140625 0.00244140625 0.00146484375
0 0.418212890625 0.7021484375 0.00390625 0.00439453125
0 0.474853515625 0.7060546875 0.00244140625 0.001953125
0 0.474609375 0.7020263671875 0.00390625 0.005615234375
0 0.4942626953125 0.7001953125 0.005615234375 0.00830078125
0 0.486328125 0.7032470703125 0.00439453125 0.006103515625
0 0.418212890625 0.7049560546875 0.001953125 0.002197265625
0 0.526611328125 0.6942138671875 0.0029296875 0.005615234375
0 0.6112060546875 0.67236328125 0.004638671875 0.01025390625
0 0.6851806640625 0.66748046875 0.016845703125 0.01171875
0 0.7757568359375 0.67138671875 0.006103515625 0.01318359375
0 0.6395263671875 0.5250244140625 0.027587890625 0.018798828125
0 0.485595703125 0.5107421875 0.01806640625 0.02880859375
0 0.68408203125 0.657958984375 0.02294921875 0.01123046875
0 0.5361328125 0.689208984375 0.0048828125 0.0107421875
0 0.44873046875 0.7056884765625 0.00244140625 0.003173828125
