0 0.647705078125 0.4630126953125 0.0068359375 0.008544921875
0 0.985107421875 0.510986328125 0.029296875 0.05517578125
0 0.9952392578125 0.43994140625 0.006591796875 0.013671875
0 0.88330078125 0.45166015625 0.0126953125 0.01513671875
0 0.8829345703125 0.462158203125 0.010986328125 0.005859375
0 0.787841796875 0.4521484375 0.013671875 0.0185546875
0 0.9725341796875 0.4420166015625 0.005126953125 0.006591796875
0 0.9722900390625 0.4490966796875 0.004150390625 0.004638671875
0 0.9853515625 0.4949951171875 0.01513671875 0.018310546875
0 0.555908203125 0.3973388671875 0.0107421875 0.013427734375
0 0.6087646484375 0.340576171875 0.009521484375 0.0126953125
