0 0.7254638671875 0.48828125 0.027587890625 0.0166015625
0 0.113037109375 0.4715576171875 0.0166015625 0.020263671875
0 0.603759765625 0.575439453125 0.01708984375 0.0234375
0 0.5286865234375 0.5662841796875 0.011962890625 0.016845703125
0 0.41552734375 0.557861328125 0.00830078125 0.01123046875
0 0.5103759765625 0.490966796875 0.012451171875 0.0166015625
0 0.4158935546875 0.56689453125 0.004150390625 0.0068359375
0 0.52880859375 0.57861328125 0.00537109375 0.00732421875
0 0.1131591796875 0.48828125 0.012939453125 0.0107421875
0 0.0030517578125 0.614990234375 0.006103515625 0.03125
