0 0.59912109375 0.6156005859375 0.0146484375 0.019775390625
0 0.599609375 0.638427734375 0.01513671875 0.02099609375
0 0.53759765625 0.6759033203125 0.0087890625 0.010498046875
0 0.506103515625 0.6842041015625 0.00439453125 0.006591796875
0 0.4923095703125 0.6861572265625 0.004638671875 0.007568359375
0 0.4920654296875 0.6787109375 0.005126953125 0.0068359375
0 0.4970703125 0.679931640625 0.00439453125 0.0068359375
0 0.189208984375 0.65087890625 0.015625 0.0224609375
0 0.326904296875 0.6510009765625 0.01171875 0.003173828125
0 0.5809326171875 0.677001953125 0.008544921875 0.01220703125
