0 0.416259765625 0.4033203125 0.015625 0.02001953125
0 0.43310546875 0.409912109375 0.0107421875 0.01513671875
0 0.4180908203125 0.2197265625 0.082275390625 0.099609375
0 0.4022216796875 0.3238525390625 0.047607421875 0.061767578125
0 0.43310546875 0.4300537109375 0.0126953125 0.008056640625
0 0.4205322265625 0.429443359375 0.011962890625 0.01513671875
0 0.4334716796875 0.422119140625 0.011962890625 0.00732421875
0 0.43359375 0.438232421875 0.01123046875 0.00732421875
0 0.421630859375 0.424072265625 0.00927734375 0.01416015625
0 0.0133056640625 0.33203125 0.024658203125 0.05615234375
