0 0.24951171875 0.46630859375 0.0107421875 0.01416015625
0 0.3653564453125 0.486572265625 0.003173828125 0.00341796875
0 0.290283203125 0.478271484375 0.0205078125 0.0078125
0 0.35546875 0.4864501953125 0.00439453125 0.005615234375
0 0.33447265625 0.4888916015625 0.00341796875 0.004638671875
0 0.3690185546875 0.485595703125 0.002685546875 0.0048828125
0 0.4989013671875 0.481201171875 0.015869140625 0.00732421875
0 0.4510498046875 0.4068603515625 0.026611328125 0.034423828125
0 0.0655517578125 0.398681640625 0.013916015625 0.01611328125
0 0.29052734375 0.4713134765625 0.0205078125 0.008056640625
0 0.2899169921875 0.48583984375 0.019775390625 0.00830078125
0 0.2906494140625 0.464111328125 0.020263671875 0.0078125
0 0.3348388671875 0.4837646484375 0.003662109375 0.004150390625
0 0.3687744140625 0.48974609375 0.003173828125 0.00390625
0 0.290771484375 0.4569091796875 0.0205078125 0.008056640625
0 0.4990234375 0.4737548828125 0.0166015625 0.008544921875
0 0.36865234375 0.4932861328125 0.0029296875 0.002685546875
0 0.4508056640625 0.4281005859375 0.025146484375 0.008544921875
0 0.8846435546875 0.0819091796875 0.021728515625 0.036865234375
0 0.291259765625 0.4498291015625 0.01953125 0.009033203125
0 0.2501220703125 0.4520263671875 0.010986328125 0.014892578125
0 0.2987060546875 0.4498291015625 0.003173828125 0.004638671875
0 0.504638671875 0.481201171875 0.00341796875 0.0048828125
