0 0.8363037109375 0.3760986328125 0.012451171875 0.006103515625
0 0.046875 0.3968505859375 0.04296875 0.043212890625
0 0.976318359375 0.3582763671875 0.0185546875 0.035888671875
0 0.0338134765625 0.3548583984375 0.044677734375 0.043212890625
0 0.197021484375 0.3717041015625 0.0166015625 0.060791015625
0 0.1605224609375 0.394775390625 0.038818359375 0.0400390625
0 0.9771728515625 0.432373046875 0.010009765625 0.03173828125
0 0.83642578125 0.3656005859375 0.01123046875 0.015869140625
0 0.1094970703125 0.38720703125 0.024658203125 0.02685546875
0 0.8023681640625 0.42578125 0.006103515625 0.01611328125
0 0.1092529296875 0.4017333984375 0.025634765625 0.009521484375
0 0.9730224609375 0.3681640625 0.004150390625 0.00537109375
0 0.0111083984375 0.399169921875 0.021728515625 0.03076171875
0 0.085693359375 0.3983154296875 0.0224609375 0.026123046875
0 0.98046875 0.3670654296875 0.00439453125 0.005126953125
0 0.197021484375 0.4287109375 0.013671875 0.0546875
0 0.5718994140625 0.4224853515625 0.008544921875 0.041748046875
0 0.80224609375 0.4237060546875 0.00537109375 0.007080078125
0 0.975830078125 0.4239501953125 0.0068359375 0.010498046875
