0 0.9598388671875 0.163330078125 0.078857421875 0.171875
0 0.575439453125 0.174560546875 0.0419921875 0.05615234375
0 0.77294921875 0.146484375 0.044921875 0.056640625
0 0.8046875 0.08056640625 0.1494140625 0.060546875
0 0.6044921875 0.2083740234375 0.146484375 0.162353515625
0 0.60107421875 0.1134033203125 0.14111328125 0.057861328125
0 0.5782470703125 0.541748046875 0.006103515625 0.00537109375
0 0.9609375 0.5302734375 0.0078125 0.009765625
0 0.9097900390625 0.5355224609375 0.004638671875 0.006103515625
0 0.84375 0.5382080078125 0.0048828125 0.007080078125
0 0.8077392578125 0.1796875 0.155517578125 0.18212890625
0 0.909423828125 0.5296630859375 0.00830078125 0.008056640625
0 0.814208984375 0.5364990234375 0.0087890625 0.014404296875
0 0.7264404296875 0.5379638671875 0.012939453125 0.019775390625
