0 0.814697265625 0.6044921875 0.03271484375 0.03955078125
0 0.5205078125 0.66015625 0.0146484375 0.02587890625
0 0.58544921875 0.6107177734375 0.02587890625 0.034423828125
0 0.5867919921875 0.6341552734375 0.015869140625 0.011474609375
0 0.85302734375 0.58203125 0.03662109375 0.041015625
0 0.8555908203125 0.6102294921875 0.021728515625 0.015869140625
0 0.8612060546875 0.6497802734375 0.011474609375 0.019775390625
0 0.85400390625 0.5687255859375 0.0224609375 0.037841796875
0 0.810302734375 0.553955078125 0.0498046875 0.0595703125
0 0.657958984375 0.6424560546875 0.01025390625 0.009033203125
0 0.5963134765625 0.6217041015625 0.011962890625 0.005126953125
