0 0.5809326171875 0.2955322265625 0.011474609375 0.015380859375
0 0.5809326171875 0.33447265625 0.013427734375 0.00634765625
0 0.326416015625 0.2882080078125 0.00732421875 0.018798828125
0 0.7994384765625 0.2689208984375 0.012451171875 0.016357421875
0 0.7796630859375 0.2689208984375 0.015380859375 0.020263671875
0 0.769775390625 0.0648193359375 0.04833984375 0.071044921875
0 0.5601806640625 0.058349609375 0.043212890625 0.07470703125
0 0.34423828125 0.048583984375 0.04296875 0.07568359375
0 0.9600830078125 0.35546875 0.021728515625 0.00927734375
0 0.76611328125 0.1217041015625 0.0458984375 0.048095703125
