0 0.717041015625 0.6634521484375 0.03662109375 0.044189453125
0 0.067626953125 0.742919921875 0.0078125 0.0087890625
0 0.5400390625 0.7537841796875 0.00390625 0.011962890625
0 0.5177001953125 0.7547607421875 0.005126953125 0.013427734375
0 0.1932373046875 0.754150390625 0.003173828125 0.01806640625
0 0.0015869140625 0.758056640625 0.003173828125 0.01953125
0 0.6427001953125 0.7451171875 0.003662109375 0.015625
0 0.266845703125 0.7528076171875 0.01953125 0.009033203125
0 0.6549072265625 0.65625 0.011474609375 0.0810546875
0 0.0992431640625 0.7569580078125 0.004150390625 0.020751953125
0 0.62451171875 0.740234375 0.00390625 0.005859375
0 0.57861328125 0.7423095703125 0.00537109375 0.007568359375
0 0.6417236328125 0.7205810546875 0.006103515625 0.011962890625
0 0.529296875 0.7425537109375 0.005859375 0.008544921875
0 0.64208984375 0.73095703125 0.00634765625 0.00830078125
0 0.7197265625 0.759765625 0.01513671875 0.06103515625
0 0.5177001953125 0.7423095703125 0.009033203125 0.012939453125
0 0.2613525390625 0.740234375 0.030029296875 0.0126953125
0 0.3985595703125 0.7205810546875 0.005615234375 0.010009765625
