0 0.8631591796875 0.33056640625 0.022216796875 0.03857421875
0 0.71875 0.3243408203125 0.0048828125 0.006591796875
0 0.7183837890625 0.3350830078125 0.004638671875 0.006591796875
0 0.73291015625 0.322509765625 0.03955078125 0.05078125
0 0.570556640625 0.405029296875 0.01171875 0.01171875
0 0.7481689453125 0.4208984375 0.052490234375 0.0087890625
0 0.90185546875 0.355224609375 0.01611328125 0.0146484375
0 0.8623046875 0.3558349609375 0.0244140625 0.013427734375
0 0.7191162109375 0.3111572265625 0.004638671875 0.005615234375
0 0.7947998046875 0.33056640625 0.081298828125 0.01904296875
0 0.76123046875 0.3328857421875 0.00634765625 0.008544921875
0 0.79052734375 0.29833984375 0.01611328125 0.0087890625
0 0.550048828125 0.409423828125 0.005859375 0.0078125
0 0.2431640625 0.364013671875 0.01416015625 0.03173828125
0 0.748291015625 0.430908203125 0.0517578125 0.01025390625
0 0.2161865234375 0.3465576171875 0.051025390625 0.024658203125
0 0.7960205078125 0.3126220703125 0.057373046875 0.024169921875
0 0.7958984375 0.34619140625 0.05712890625 0.0185546875
0 0.7183837890625 0.3431396484375 0.004150390625 0.005615234375
