0 0.071533203125 0.8682861328125 0.017578125 0.018310546875
0 0.7188720703125 0.7996826171875 0.012939453125 0.004150390625
0 0.2694091796875 0.7830810546875 0.018310546875 0.005126953125
0 0.2835693359375 0.7933349609375 0.013427734375 0.007568359375
0 0.10205078125 0.86083984375 0.00830078125 0.01513671875
0 0.1021728515625 0.873291015625 0.005615234375 0.005859375
0 0.0152587890625 0.857666015625 0.008056640625 0.01123046875
0 0.019287109375 0.848876953125 0.0078125 0.01123046875
0 0.81494140625 0.8172607421875 0.0087890625 0.011962890625
0 0.7801513671875 0.819091796875 0.005126953125 0.00830078125
0 0.751708984375 0.743408203125 0.0107421875 0.00830078125
0 0.7529296875 0.7564697265625 0.0126953125 0.018798828125
0 0.712158203125 0.7886962890625 0.02392578125 0.010009765625
0 0.3121337890625 0.849853515625 0.006591796875 0.0087890625
0 0.4737548828125 0.7708740234375 0.008056640625 0.010009765625
