0 0.6612548828125 0.4820556640625 0.005615234375 0.007568359375
0 0.6378173828125 0.4931640625 0.010498046875 0.01611328125
0 0.6246337890625 0.49365234375 0.005615234375 0.00732421875
0 0.5711669921875 0.521728515625 0.005615234375 0.00732421875
0 0.6365966796875 0.4766845703125 0.015380859375 0.019775390625
0 0.6595458984375 0.47314453125 0.019775390625 0.01171875
0 0.662109375 0.485107421875 0.009765625 0.01611328125
0 0.638427734375 0.50390625 0.0126953125 0.00732421875
0 0.624755859375 0.497314453125 0.0087890625 0.01953125
0 0.4852294921875 0.5264892578125 0.012451171875 0.005126953125
