0 0.5389404296875 0.5841064453125 0.013427734375 0.025146484375
0 0.5484619140625 0.5185546875 0.028564453125 0.01708984375
0 0.92626953125 0.40625 0.09326171875 0.140625
0 0.31103515625 0.5101318359375 0.01123046875 0.034912109375
0 0.1895751953125 0.53759765625 0.054931640625 0.1162109375
0 0.58203125 0.52099609375 0.02880859375 0.01708984375
0 0.3453369140625 0.527099609375 0.006591796875 0.00830078125
0 0.564208984375 0.5572509765625 0.0107421875 0.005126953125
0 0.30859375 0.536865234375 0.01171875 0.015625
0 0.30908203125 0.567138671875 0.00634765625 0.0244140625
