0 0.4234619140625 0.6431884765625 0.021240234375 0.026123046875
0 0.770263671875 0.4464111328125 0.11376953125 0.135009765625
0 0.775634765625 0.5340576171875 0.0859375 0.044677734375
0 0.4486083984375 0.6683349609375 0.060302734375 0.024658203125
0 0.4315185546875 0.686767578125 0.025146484375 0.013671875
0 0.2083740234375 0.680419921875 0.006591796875 0.0078125
0 0.208984375 0.6732177734375 0.00634765625 0.006103515625
0 0.3206787109375 0.685791015625 0.005126953125 0.0029296875
0 0.3211669921875 0.6717529296875 0.007080078125 0.008056640625
0 0.32080078125 0.68017578125 0.00732421875 0.00830078125
