0 0.488037109375 0.4603271484375 0.01513671875 0.019287109375
0 0.5091552734375 0.43017578125 0.077392578125 0.03515625
0 0.4119873046875 0.4580078125 0.011962890625 0.01123046875
0 0.531982421875 0.4595947265625 0.01318359375 0.017822265625
0 0.509765625 0.46044921875 0.01416015625 0.02001953125
0 0.3790283203125 0.4638671875 0.014404296875 0.01611328125
0 0.509033203125 0.460205078125 0.076171875 0.02294921875
0 0.3824462890625 0.4613037109375 0.005126953125 0.007080078125
0 0.3759765625 0.4617919921875 0.00537109375 0.007080078125
0 0.3651123046875 0.4659423828125 0.006103515625 0.010009765625
