0 0.3197021484375 0.4945068359375 0.008056640625 0.010498046875
0 0.8592529296875 0.52197265625 0.008544921875 0.02392578125
0 0.6976318359375 0.4542236328125 0.012939453125 0.017333984375
0 0.411376953125 0.4886474609375 0.01318359375 0.017333984375
0 0.4295654296875 0.458984375 0.008544921875 0.01171875
0 0.6766357421875 0.4412841796875 0.009033203125 0.011962890625
0 0.3480224609375 0.4437255859375 0.028076171875 0.016357421875
0 0.4290771484375 0.464599609375 0.013916015625 0.02490234375
0 0.35546875 0.4296875 0.04736328125 0.0146484375
0 0.676513671875 0.4468994140625 0.01318359375 0.024658203125
0 0.8602294921875 0.5401611328125 0.007568359375 0.012451171875
0 0.232177734375 0.45849609375 0.0068359375 0.02734375
