0 0.56884765625 0.5963134765625 0.00927734375 0.011962890625
0 0.5140380859375 0.611572265625 0.008544921875 0.01025390625
0 0.3896484375 0.606689453125 0.009765625 0.009765625
0 0.5689697265625 0.606201171875 0.004638671875 0.00634765625
0 0.4290771484375 0.6009521484375 0.023193359375 0.015869140625
0 0.5609130859375 0.610595703125 0.006103515625 0.01025390625
0 0.40869140625 0.6029052734375 0.0166015625 0.014892578125
0 0.436767578125 0.591796875 0.00830078125 0.0029296875
0 0.3868408203125 0.6053466796875 0.002685546875 0.003662109375
0 0.4129638671875 0.59375 0.007080078125 0.00341796875
0 0.4085693359375 0.5987548828125 0.003662109375 0.004150390625
0 0.502685546875 0.6163330078125 0.00244140625 0.005615234375
0 0.4615478515625 0.61376953125 0.007080078125 0.00341796875
