0 0.3148193359375 0.34619140625 0.007568359375 0.01953125
0 0.1907958984375 0.3370361328125 0.011474609375 0.031494140625
0 0.6251220703125 0.3721923828125 0.006591796875 0.010498046875
0 0.311279296875 0.3304443359375 0.0205078125 0.010498046875
0 0.292236328125 0.5018310546875 0.04248046875 0.251220703125
0 0.6246337890625 0.3824462890625 0.006103515625 0.010986328125
0 0.73876953125 0.3736572265625 0.00830078125 0.014404296875
0 0.40283203125 0.46630859375 0.02783203125 0.14794921875
0 0.572998046875 0.3836669921875 0.0029296875 0.005615234375
0 0.3841552734375 0.3480224609375 0.003173828125 0.014892578125
