0 0.9486083984375 0.3502197265625 0.020751953125 0.025634765625
0 0.983154296875 0.3563232421875 0.01416015625 0.016845703125
0 0.9833984375 0.3299560546875 0.029296875 0.034912109375
0 0.8359375 0.39208984375 0.01123046875 0.01513671875
0 0.7120361328125 0.3919677734375 0.007080078125 0.010498046875
0 0.892578125 0.3714599609375 0.0087890625 0.009521484375
0 0.2349853515625 0.33544921875 0.037353515625 0.04541015625
0 0.948974609375 0.366943359375 0.0126953125 0.0078125
0 0.6966552734375 0.386474609375 0.004638671875 0.0107421875
0 0.6585693359375 0.3917236328125 0.008056640625 0.010498046875
0 0.83642578125 0.3773193359375 0.009765625 0.016845703125
0 0.6966552734375 0.393798828125 0.003173828125 0.00390625
