0 0.5611572265625 0.455078125 0.007568359375 0.009765625
0 0.653076171875 0.46826171875 0.0029296875 0.001953125
0 0.3997802734375 0.50927734375 0.005126953125 0.02294921875
0 0.409423828125 0.509521484375 0.00439453125 0.0205078125
0 0.404541015625 0.509765625 0.00537109375 0.021484375
0 0.067138671875 0.453125 0.00439453125 0.02392578125
0 0.6087646484375 0.504638671875 0.002685546875 0.01123046875
0 0.5665283203125 0.499755859375 0.008056640625 0.01611328125
0 0.4373779296875 0.4976806640625 0.004150390625 0.009033203125
0 0.2093505859375 0.4677734375 0.001708984375 0.00390625
0 0.2093505859375 0.4619140625 0.002685546875 0.00732421875
0 0.376220703125 0.2381591796875 0.130859375 0.075439453125
0 0.6409912109375 0.23876953125 0.127685546875 0.07275390625
0 0.5087890625 0.2381591796875 0.13134765625 0.076416015625
0 0.773193359375 0.238037109375 0.130859375 0.07568359375
0 0.08544921875 0.4202880859375 0.015625 0.020263671875
0 0.608154296875 0.4686279296875 0.00244140625 0.006103515625
0 0.582275390625 0.4727783203125 0.0048828125 0.006591796875
0 0.068359375 0.4742431640625 0.00537109375 0.009521484375
0 0.60888671875 0.4947509765625 0.0029296875 0.009033203125
0 0.90673828125 0.2381591796875 0.12890625 0.072998046875
0 0.6353759765625 0.446533203125 0.010009765625 0.0126953125
0 0.757568359375 0.4578857421875 0.01025390625 0.013916015625
0 0.437255859375 0.490234375 0.0048828125 0.00634765625
0 0.6304931640625 0.4622802734375 0.010986328125 0.003662109375
0 0.652587890625 0.46630859375 0.00634765625 0.001953125
