0 0.3248291015625 0.720703125 0.006591796875 0.0087890625
0 0.6094970703125 0.7244873046875 0.010498046875 0.013916015625
0 0.57958984375 0.727294921875 0.00537109375 0.009765625
0 0.51416015625 0.7235107421875 0.01318359375 0.017822265625
0 0.419677734375 0.7275390625 0.00390625 0.00732421875
0 0.1771240234375 0.6988525390625 0.009521484375 0.011474609375
0 0.021728515625 0.7060546875 0.0048828125 0.0068359375
0 0.176513671875 0.7099609375 0.00537109375 0.01025390625
0 0.496826171875 0.6998291015625 0.01611328125 0.005615234375
0 0.823974609375 0.7381591796875 0.005859375 0.007080078125
0 0.408935546875 0.6932373046875 0.00439453125 0.007568359375
0 0.4986572265625 0.7315673828125 0.005615234375 0.007080078125
0 0.48193359375 0.7364501953125 0.00341796875 0.004150390625
0 0.4986572265625 0.7379150390625 0.003662109375 0.005126953125
0 0.4052734375 0.71533203125 0.00537109375 0.00732421875
