0 0.2093505859375 0.36767578125 0.027099609375 0.03857421875
0 0.487060546875 0.4207763671875 0.021484375 0.039794921875
0 0.2110595703125 0.4033203125 0.019287109375 0.03173828125
0 0.9383544921875 0.3564453125 0.036865234375 0.0615234375
0 0.322509765625 0.500244140625 0.01220703125 0.02001953125
0 0.5965576171875 0.3494873046875 0.028564453125 0.051025390625
0 0.4678955078125 0.3597412109375 0.025146484375 0.039794921875
0 0.462890625 0.457275390625 0.00830078125 0.01513671875
0 0.1044921875 0.4678955078125 0.0068359375 0.014404296875
0 0.104736328125 0.486572265625 0.0078125 0.02197265625
0 0.0238037109375 0.5118408203125 0.009033203125 0.017333984375
0 0.4691162109375 0.39599609375 0.017822265625 0.03271484375
0 0.752685546875 0.43408203125 0.0048828125 0.0205078125
0 0.9764404296875 0.4517822265625 0.006103515625 0.014404296875
0 0.0418701171875 0.51025390625 0.008544921875 0.01806640625
