0 0.482177734375 0.4078369140625 0.01708984375 0.031005859375
0 0.58740234375 0.4122314453125 0.017578125 0.031494140625
0 0.3170166015625 0.353515625 0.021240234375 0.03955078125
0 0.4638671875 0.4088134765625 0.01708984375 0.031494140625
0 0.5 0.4090576171875 0.0166015625 0.030517578125
0 0.1651611328125 0.34521484375 0.038330078125 0.03515625
0 0.236572265625 0.4541015625 0.01806640625 0.03125
0 0.569580078125 0.411376953125 0.0166015625 0.03125
0 0.2364501953125 0.4652099609375 0.021728515625 0.057861328125
0 0.5224609375 0.509765625 0.00927734375 0.0244140625
