0 0.6741943359375 0.3485107421875 0.094970703125 0.217529296875
0 0.6441650390625 0.34033203125 0.013427734375 0.017578125
0 0.6729736328125 0.359375 0.028076171875 0.01953125
0 0.5799560546875 0.4427490234375 0.012451171875 0.017333984375
0 0.647705078125 0.3612060546875 0.01611328125 0.011962890625
0 0.6644287109375 0.338623046875 0.019287109375 0.01513671875
0 0.375732421875 0.458740234375 0.01171875 0.00634765625
0 0.590087890625 0.859375 0.01220703125 0.009765625
0 0.689697265625 0.8809814453125 0.0908203125 0.061279296875
0 0.478271484375 0.44091796875 0.0029296875 0.00390625
0 0.456787109375 0.4600830078125 0.0029296875 0.004638671875
0 0.375244140625 0.452392578125 0.0048828125 0.00732421875
