0 0.15869140625 0.638916015625 0.01611328125 0.02197265625
0 0.33447265625 0.6024169921875 0.00927734375 0.021728515625
0 0.157470703125 0.6146240234375 0.0146484375 0.026123046875
0 0.244140625 0.618896484375 0.0341796875 0.0322265625
0 0.2879638671875 0.60791015625 0.010009765625 0.05908203125
0 0.288330078125 0.59375 0.0078125 0.02099609375
0 0.0706787109375 0.62841796875 0.012939453125 0.0068359375
0 0.1163330078125 0.62255859375 0.013427734375 0.04052734375
0 0.0833740234375 0.6285400390625 0.012451171875 0.007080078125
0 0.0701904296875 0.6356201171875 0.011962890625 0.006591796875
