0 0.6654052734375 0.5743408203125 0.044189453125 0.016845703125
0 0.664794921875 0.5916748046875 0.04345703125 0.014892578125
0 0.684814453125 0.5538330078125 0.00830078125 0.008544921875
0 0.3905029296875 0.5799560546875 0.016357421875 0.016845703125
0 0.685302734375 0.533447265625 0.01025390625 0.01025390625
0 0.705078125 0.5185546875 0.05615234375 0.01123046875
0 0.3909912109375 0.6029052734375 0.017333984375 0.016357421875
0 0.7044677734375 0.5537109375 0.051025390625 0.02001953125
0 0.70556640625 0.5335693359375 0.05615234375 0.016845703125
0 0.69482421875 0.509033203125 0.01416015625 0.0068359375
