0 0.3309326171875 0.5767822265625 0.015380859375 0.022216796875
0 0.719482421875 0.548828125 0.00927734375 0.02197265625
0 0.6368408203125 0.5946044921875 0.010009765625 0.019287109375
0 0.329345703125 0.591796875 0.01220703125 0.0068359375
0 0.6373291015625 0.578369140625 0.011474609375 0.00732421875
0 0.3084716796875 0.5501708984375 0.013916015625 0.009033203125
0 0.2724609375 0.6219482421875 0.0322265625 0.008056640625
0 0.3037109375 0.631591796875 0.03076171875 0.0107421875
0 0.2723388671875 0.6287841796875 0.030517578125 0.006103515625
0 0.5390625 0.582763671875 0.0068359375 0.0087890625
0 0.2728271484375 0.61181640625 0.031982421875 0.0107421875
