0 0.3800048828125 0.6331787109375 0.005615234375 0.010009765625
0 0.4537353515625 0.63525390625 0.003173828125 0.013671875
0 0.7452392578125 0.677490234375 0.006103515625 0.0087890625
0 0.6043701171875 0.660888671875 0.006591796875 0.00830078125
0 0.505126953125 0.651123046875 0.00341796875 0.0078125
0 0.5052490234375 0.6549072265625 0.004150390625 0.015869140625
0 0.38818359375 0.650390625 0.00537109375 0.00537109375
0 0.385009765625 0.6373291015625 0.00341796875 0.011962890625
0 0.4423828125 0.654296875 0.00927734375 0.00439453125
0 0.384765625 0.6480712890625 0.00244140625 0.007568359375
0 0.4423828125 0.649658203125 0.00927734375 0.005859375
0 0.668212890625 0.76904296875 0.00537109375 0.00830078125
