0 0.25927734375 0.398681640625 0.03857421875 0.0576171875
0 0.533935546875 0.349609375 0.0048828125 0.0087890625
0 0.3720703125 0.375 0.00830078125 0.015625
0 0.477783203125 0.3746337890625 0.001953125 0.008544921875
0 0.59423828125 0.3934326171875 0.00439453125 0.007080078125
0 0.59033203125 0.3612060546875 0.0107421875 0.019287109375
0 0.4669189453125 0.3829345703125 0.006591796875 0.005615234375
0 0.589111328125 0.3421630859375 0.01123046875 0.018310546875
0 0.3720703125 0.35888671875 0.00830078125 0.01611328125
0 0.4661865234375 0.374267578125 0.010009765625 0.0126953125
0 0.5484619140625 0.350830078125 0.007080078125 0.0107421875
0 0.26025390625 0.465576171875 0.013671875 0.02001953125
0 0.2684326171875 0.08544921875 0.082763671875 0.1708984375
