0 0.4066162109375 0.54345703125 0.015869140625 0.08203125
0 0.11181640625 0.505859375 0.0087890625 0.01416015625
0 0.648193359375 0.482666015625 0.00537109375 0.00732421875
0 0.129150390625 0.43115234375 0.03564453125 0.048828125
0 0.66943359375 0.4686279296875 0.00732421875 0.010009765625
0 0.6707763671875 0.4776611328125 0.009521484375 0.006591796875
0 0.6705322265625 0.4847412109375 0.008544921875 0.006103515625
0 0.2462158203125 0.4901123046875 0.003173828125 0.009033203125
0 0.5517578125 0.498046875 0.00390625 0.00439453125
0 0.648193359375 0.488037109375 0.0048828125 0.00390625
