0 0.6180419921875 0.683837890625 0.025634765625 0.005859375
0 0.648193359375 0.682861328125 0.00830078125 0.017578125
0 0.513427734375 0.685302734375 0.0068359375 0.01318359375
0 0.5076904296875 0.6866455078125 0.007080078125 0.009521484375
0 0.4927978515625 0.6923828125 0.005615234375 0.00830078125
0 0.301025390625 0.69189453125 0.01123046875 0.02001953125
0 0.3016357421875 0.6688232421875 0.011474609375 0.027099609375
0 0.23876953125 0.652587890625 0.0224609375 0.03564453125
0 0.3367919921875 0.6917724609375 0.014404296875 0.007080078125
0 0.54248046875 0.619384765625 0.01025390625 0.01318359375
0 0.5924072265625 0.61376953125 0.010986328125 0.0126953125
0 0.8544921875 0.6412353515625 0.03759765625 0.016845703125
0 0.9124755859375 0.6441650390625 0.018798828125 0.008056640625
0 0.90966796875 0.606201171875 0.05322265625 0.06201171875
0 0.237060546875 0.68359375 0.02294921875 0.0263671875
