0 0.8304443359375 0.438720703125 0.010986328125 0.01611328125
0 0.620849609375 0.474853515625 0.01123046875 0.01025390625
0 0.502197265625 0.466552734375 0.005859375 0.0078125
0 0.4859619140625 0.4732666015625 0.005615234375 0.008544921875
0 0.483154296875 0.4580078125 0.017578125 0.01953125
0 0.44189453125 0.4697265625 0.01123046875 0.0146484375
0 0.495361328125 0.3917236328125 0.01708984375 0.022216796875
0 0.47705078125 0.391357421875 0.01708984375 0.02294921875
0 0.47998046875 0.486328125 0.00244140625 0.00927734375
0 0.87939453125 0.437744140625 0.00537109375 0.00390625
0 0.8790283203125 0.4422607421875 0.006591796875 0.005126953125
