0 0.7470703125 0.629150390625 0.01416015625 0.015625
0 0.74560546875 0.6085205078125 0.01953125 0.025146484375
0 0.8699951171875 0.4970703125 0.017822265625 0.03173828125
0 0.7432861328125 0.583984375 0.017822265625 0.0234375
0 0.462646484375 0.5521240234375 0.01025390625 0.014892578125
0 0.748291015625 0.6434326171875 0.0146484375 0.010986328125
0 0.6290283203125 0.6104736328125 0.045654296875 0.014404296875
0 0.76953125 0.7236328125 0.00439453125 0.00634765625
0 0.62841796875 0.5948486328125 0.044921875 0.015869140625
0 0.6273193359375 0.5799560546875 0.043701171875 0.020751953125
