0 0.5860595703125 0.6556396484375 0.020751953125 0.026611328125
0 0.8856201171875 0.6470947265625 0.022216796875 0.080322265625
0 0.63671875 0.6826171875 0.01025390625 0.0146484375
0 0.5491943359375 0.6746826171875 0.002685546875 0.009521484375
0 0.6048583984375 0.6817626953125 0.003173828125 0.010498046875
0 0.5926513671875 0.664794921875 0.012451171875 0.0146484375
0 0.563720703125 0.6661376953125 0.0107421875 0.015869140625
0 0.8853759765625 0.645751953125 0.015380859375 0.0205078125
0 0.61962890625 0.6812744140625 0.00244140625 0.008056640625
0 0.6239013671875 0.6839599609375 0.003173828125 0.006591796875
0 0.6002197265625 0.6795654296875 0.003662109375 0.006103515625
0 0.61865234375 0.677001953125 0.009765625 0.00390625
0 0.909423828125 0.691650390625 0.0224609375 0.009765625
