0 0.9144287109375 0.41455078125 0.011474609375 0.015625
0 0.9144287109375 0.4383544921875 0.014892578125 0.010986328125
0 0.432861328125 0.4317626953125 0.0048828125 0.009521484375
0 0.9139404296875 0.45703125 0.014892578125 0.029296875
0 0.9144287109375 0.4185791015625 0.014404296875 0.029052734375
0 0.5479736328125 0.41748046875 0.007568359375 0.01416015625
0 0.5196533203125 0.416259765625 0.008056640625 0.0146484375
0 0.6201171875 0.4600830078125 0.0048828125 0.003173828125
0 0.6202392578125 0.453857421875 0.005126953125 0.00830078125
0 0.5794677734375 0.4556884765625 0.003173828125 0.005615234375
0 0.4329833984375 0.438232421875 0.005126953125 0.00390625
