0 0.2615966796875 0.2685546875 0.010498046875 0.01318359375
0 0.4638671875 0.25439453125 0.0126953125 0.02197265625
0 0.12548828125 0.2857666015625 0.015625 0.018310546875
0 0.4638671875 0.2515869140625 0.01025390625 0.012939453125
0 0.128173828125 0.3065185546875 0.015625 0.024169921875
0 0.270263671875 0.266357421875 0.00390625 0.00537109375
0 0.2757568359375 0.2664794921875 0.004150390625 0.005615234375
0 0.2613525390625 0.27099609375 0.014892578125 0.02392578125
0 0.4737548828125 0.2437744140625 0.018310546875 0.025634765625
0 0.4739990234375 0.2486572265625 0.004150390625 0.005615234375
0 0.4793701171875 0.2484130859375 0.004150390625 0.006103515625
0 0.26953125 0.262451171875 0.0205078125 0.02685546875
