0 0.41357421875 0.47998046875 0.0166015625 0.05615234375
0 0.05810546875 0.4866943359375 0.01220703125 0.018798828125
0 0.712890625 0.515625 0.02734375 0.06298828125
0 0.9345703125 0.069091796875 0.1279296875 0.10205078125
0 0.9869384765625 0.482177734375 0.025634765625 0.09619140625
0 0.9375 0.225830078125 0.12451171875 0.044921875
0 0.9393310546875 0.2772216796875 0.120849609375 0.058349609375
0 0.9359130859375 0.1593017578125 0.127685546875 0.085693359375
0 0.9285888671875 0.011474609375 0.044677734375 0.02294921875
0 0.057861328125 0.5045166015625 0.0078125 0.014404296875
