0 0.56396484375 0.4752197265625 0.015625 0.018310546875
0 0.5703125 0.489990234375 0.01953125 0.021484375
0 0.586181640625 0.453857421875 0.02099609375 0.02734375
0 0.60107421875 0.4713134765625 0.021484375 0.030029296875
0 0.585693359375 0.4755859375 0.00927734375 0.025390625
0 0.449462890625 0.5074462890625 0.00830078125 0.012451171875
0 0.338623046875 0.473876953125 0.00732421875 0.0234375
0 0.268798828125 0.3941650390625 0.04150390625 0.050048828125
0 0.267333984375 0.4368896484375 0.03564453125 0.041748046875
0 0.4619140625 0.5150146484375 0.005859375 0.010498046875
0 0.531494140625 0.5150146484375 0.00732421875 0.010498046875
