0 0.244140625 0.4169921875 0.0078125 0.01025390625
0 0.6885986328125 0.3328857421875 0.035888671875 0.043701171875
0 0.89892578125 0.292236328125 0.0205078125 0.060546875
0 0.4549560546875 0.4132080078125 0.005126953125 0.014404296875
0 0.4898681640625 0.40869140625 0.007080078125 0.0087890625
0 0.9013671875 0.3458251953125 0.02001953125 0.044677734375
0 0.4412841796875 0.401611328125 0.005126953125 0.00830078125
0 0.4415283203125 0.41015625 0.004150390625 0.00537109375
0 0.3602294921875 0.39990234375 0.010498046875 0.00341796875
0 0.2440185546875 0.423828125 0.010498046875 0.02685546875
0 0.417724609375 0.4071044921875 0.00537109375 0.012451171875
0 0.475830078125 0.3702392578125 0.01123046875 0.013916015625
0 0.360595703125 0.404052734375 0.01171875 0.0048828125
0 0.455078125 0.4091796875 0.0029296875 0.00537109375
