0 0.0980224609375 0.6304931640625 0.063720703125 0.082275390625
0 0.6275634765625 0.4344482421875 0.040771484375 0.048095703125
0 0.626220703125 0.433349609375 0.048828125 0.08837890625
0 0.525634765625 0.500244140625 0.00634765625 0.01708984375
0 0.376953125 0.546630859375 0.0126953125 0.0029296875
0 0.3770751953125 0.549072265625 0.013427734375 0.0029296875
0 0.377685546875 0.557373046875 0.013671875 0.00341796875
0 0.3770751953125 0.5604248046875 0.013427734375 0.003173828125
0 0.377197265625 0.55419921875 0.0126953125 0.00341796875
0 0.3770751953125 0.55126953125 0.012939453125 0.00341796875
