0 0.4931640625 0.660888671875 0.0068359375 0.00830078125
0 0.45458984375 0.633544921875 0.009765625 0.01416015625
0 0.4564208984375 0.6676025390625 0.009033203125 0.013427734375
0 0.9544677734375 0.482421875 0.090576171875 0.1181640625
0 0.4625244140625 0.619873046875 0.010009765625 0.01171875
0 0.49462890625 0.6727294921875 0.00439453125 0.006591796875
0 0.453125 0.6270751953125 0.00927734375 0.015869140625
0 0.4664306640625 0.6533203125 0.004638671875 0.0068359375
0 0.412841796875 0.685546875 0.0078125 0.01220703125
0 0.5230712890625 0.6578369140625 0.008056640625 0.013427734375
0 0.4124755859375 0.6773681640625 0.004638671875 0.004150390625
0 0.4013671875 0.6766357421875 0.00732421875 0.010009765625
0 0.48095703125 0.646728515625 0.01025390625 0.0205078125
