0 0.255859375 0.4066162109375 0.029296875 0.031982421875
0 0.255126953125 0.3515625 0.03076171875 0.0380859375
0 0.1795654296875 0.4700927734375 0.024169921875 0.054931640625
0 0.30322265625 0.4949951171875 0.01171875 0.024658203125
0 0.1519775390625 0.3232421875 0.067138671875 0.07958984375
0 0.3231201171875 0.49755859375 0.009521484375 0.0185546875
0 0.25537109375 0.3807373046875 0.03076171875 0.018798828125
0 0.3389892578125 0.4974365234375 0.006103515625 0.015380859375
0 0.3465576171875 0.497802734375 0.007080078125 0.0146484375
0 0.26611328125 0.4873046875 0.01318359375 0.03125
