0 0.582275390625 0.468017578125 0.01318359375 0.0185546875
0 0.460205078125 0.5478515625 0.00732421875 0.009765625
0 0.5926513671875 0.4766845703125 0.038818359375 0.054443359375
0 0.2972412109375 0.5242919921875 0.007568359375 0.004638671875
0 0.3001708984375 0.5394287109375 0.011962890625 0.004150390625
0 0.30078125 0.5316162109375 0.02099609375 0.004638671875
0 0.2991943359375 0.5489501953125 0.013916015625 0.007568359375
0 0.3028564453125 0.5592041015625 0.010498046875 0.005615234375
0 0.41015625 0.5528564453125 0.0048828125 0.005126953125
0 0.4234619140625 0.5574951171875 0.004150390625 0.007080078125
0 0.471435546875 0.5498046875 0.01318359375 0.00634765625
0 0.4732666015625 0.5419921875 0.005615234375 0.00537109375
0 0.4610595703125 0.5545654296875 0.006591796875 0.003662109375
0 0.4847412109375 0.542724609375 0.010009765625 0.0048828125
0 0.2872314453125 0.5601806640625 0.010986328125 0.005615234375
