0 0.5994873046875 0.552734375 0.021728515625 0.00634765625
0 0.0477294921875 0.6085205078125 0.009521484375 0.006103515625
0 0.0469970703125 0.60107421875 0.026123046875 0.009765625
0 0.052490234375 0.56689453125 0.015625 0.0126953125
0 0.5870361328125 0.573486328125 0.020751953125 0.02294921875
0 0.587158203125 0.5966796875 0.013671875 0.0224609375
0 0.6304931640625 0.541259765625 0.004638671875 0.005859375
0 0.669189453125 0.5140380859375 0.015625 0.041259765625
0 0.670166015625 0.553955078125 0.015625 0.041015625
0 0.842529296875 0.4410400390625 0.04345703125 0.091552734375
0 0.0306396484375 0.6346435546875 0.009033203125 0.014404296875
0 0.0596923828125 0.63427734375 0.020263671875 0.04736328125
0 0.5999755859375 0.5579833984375 0.008544921875 0.004150390625
0 0.0596923828125 0.6278076171875 0.014404296875 0.030517578125
