0 0.93798828125 0.319580078125 0.07275390625 0.12060546875
0 0.5277099609375 0.405029296875 0.012451171875 0.01708984375
0 0.528076171875 0.3861083984375 0.01318359375 0.023193359375
0 0.6910400390625 0.41015625 0.016357421875 0.03662109375
0 0.5946044921875 0.354248046875 0.011962890625 0.021484375
0 0.666259765625 0.4234619140625 0.013671875 0.018310546875
0 0.46826171875 0.326171875 0.01220703125 0.0224609375
0 0.6669921875 0.44189453125 0.0146484375 0.02490234375
0 0.3677978515625 0.347900390625 0.011962890625 0.0244140625
0 0.4014892578125 0.3602294921875 0.012939453125 0.022705078125
0 0.2926025390625 0.321533203125 0.014404296875 0.02392578125
0 0.4371337890625 0.361328125 0.017333984375 0.0283203125
