0 0.680419921875 0.2508544921875 0.16064453125 0.178955078125
0 0.8760986328125 0.457275390625 0.012451171875 0.03857421875
0 0.2098388671875 0.396484375 0.033935546875 0.06396484375
0 0.8121337890625 0.4312744140625 0.005615234375 0.030029296875
0 0.875732421875 0.484619140625 0.01318359375 0.0126953125
0 0.494873046875 0.50048828125 0.00390625 0.005859375
0 0.3294677734375 0.480712890625 0.008056640625 0.009765625
0 0.460205078125 0.495849609375 0.00634765625 0.00830078125
0 0.208251953125 0.4403076171875 0.0087890625 0.024658203125
0 0.3338623046875 0.4796142578125 0.020263671875 0.009521484375
0 0.21044921875 0.3836669921875 0.021484375 0.028076171875
0 0.537353515625 0.5078125 0.00341796875 0.0048828125
