0 0.641845703125 0.3714599609375 0.02099609375 0.031494140625
0 0.5716552734375 0.3795166015625 0.010498046875 0.017822265625
0 0.6767578125 0.3924560546875 0.01904296875 0.032470703125
0 0.677001953125 0.41650390625 0.01953125 0.0166015625
0 0.6427001953125 0.4063720703125 0.017822265625 0.029541015625
0 0.5733642578125 0.4466552734375 0.013427734375 0.023193359375
0 0.521484375 0.4722900390625 0.00830078125 0.013427734375
0 0.379150390625 0.477294921875 0.00830078125 0.01318359375
0 0.64404296875 0.437255859375 0.0234375 0.02783203125
0 0.2767333984375 0.466064453125 0.013916015625 0.021484375
