0 0.7938232421875 0.5755615234375 0.147705078125 0.075927734375
0 0.5908203125 0.6336669921875 0.005859375 0.004150390625
0 0.5836181640625 0.6341552734375 0.005615234375 0.005126953125
0 0.67431640625 0.6551513671875 0.01611328125 0.008056640625
0 0.5908203125 0.6513671875 0.00634765625 0.005859375
0 0.54833984375 0.6656494140625 0.00390625 0.005615234375
0 0.566162109375 0.6561279296875 0.00537109375 0.006591796875
0 0.5538330078125 0.6640625 0.004150390625 0.0078125
0 0.7838134765625 0.567138671875 0.029052734375 0.03564453125
0 0.244140625 0.6373291015625 0.00634765625 0.010986328125
0 0.58447265625 0.64404296875 0.00634765625 0.0087890625
0 0.590576171875 0.6380615234375 0.00634765625 0.004150390625
0 0.25244140625 0.6368408203125 0.00537109375 0.010498046875
0 0.2568359375 0.661376953125 0.0078125 0.01318359375
0 0.5843505859375 0.6519775390625 0.005615234375 0.006103515625
0 0.7562255859375 0.6505126953125 0.035888671875 0.015869140625
0 0.015625 0.600830078125 0.00439453125 0.01025390625
0 0.26025390625 0.6365966796875 0.00634765625 0.010498046875
0 0.5535888671875 0.65673828125 0.004638671875 0.0068359375
0 0.015380859375 0.6104736328125 0.00439453125 0.009033203125
0 0.014892578125 0.6229248046875 0.00390625 0.017333984375
0 0.257080078125 0.6732177734375 0.0078125 0.009521484375
0 0.257568359375 0.65087890625 0.00732421875 0.00634765625
0 0.2440185546875 0.674560546875 0.008056640625 0.0107421875
0 0.2445068359375 0.6617431640625 0.008056640625 0.012939453125
0 0.2445068359375 0.651611328125 0.008056640625 0.00634765625
0 0.614013671875 0.6370849609375 0.0166015625 0.024169921875
0 0.720947265625 0.6292724609375 0.00634765625 0.029541015625
0 0.5843505859375 0.658935546875 0.006103515625 0.0078125
0 0.5909423828125 0.644287109375 0.006103515625 0.00732421875
0 0.251708984375 0.623291015625 0.03857421875 0.04931640625
0 0.0142822265625 0.639404296875 0.004150390625 0.0146484375
0 0.5841064453125 0.6385498046875 0.005615234375 0.003173828125
