0 0.34619140625 0.4705810546875 0.005859375 0.007568359375
0 0.5162353515625 0.741943359375 0.042236328125 0.02587890625
0 0.5169677734375 0.7705078125 0.043212890625 0.0224609375
0 0.51611328125 0.43359375 0.0419921875 0.03955078125
0 0.505615234375 0.456298828125 0.01171875 0.0078125
0 0.5047607421875 0.4381103515625 0.009521484375 0.019287109375
0 0.5157470703125 0.4378662109375 0.010009765625 0.019775390625
0 0.5274658203125 0.4375 0.010009765625 0.01904296875
0 0.69970703125 0.4385986328125 0.0166015625 0.009033203125
0 0.645751953125 0.42822265625 0.02880859375 0.01806640625
0 0.647705078125 0.7554931640625 0.02978515625 0.035400390625
