0 0.395751953125 0.6693115234375 0.01611328125 0.030029296875
0 0.30322265625 0.5863037109375 0.02783203125 0.047607421875
0 0.7586669921875 0.68994140625 0.024169921875 0.021484375
0 0.3006591796875 0.6402587890625 0.038818359375 0.065185546875
0 0.759033203125 0.7249755859375 0.0244140625 0.051513671875
0 0.3077392578125 0.5108642578125 0.031005859375 0.069091796875
0 0.879638671875 0.5430908203125 0.03955078125 0.065185546875
0 0.6253662109375 0.7357177734375 0.008544921875 0.030517578125
0 0.8804931640625 0.548095703125 0.067626953125 0.142578125
0 0.6258544921875 0.729736328125 0.007080078125 0.0126953125
