0 0.96533203125 0.33349609375 0.0361328125 0.03369140625
0 0.0418701171875 0.3502197265625 0.025634765625 0.046142578125
0 0.3642578125 0.4140625 0.01318359375 0.017578125
0 0.8299560546875 0.378173828125 0.025634765625 0.03662109375
0 0.5723876953125 0.41357421875 0.008544921875 0.01123046875
0 0.9693603515625 0.30419921875 0.024169921875 0.02587890625
0 0.60302734375 0.405517578125 0.00830078125 0.00634765625
0 0.6033935546875 0.4110107421875 0.005126953125 0.005126953125
0 0.688720703125 0.3265380859375 0.03369140625 0.044677734375
0 0.969970703125 0.2813720703125 0.0439453125 0.024169921875
0 0.673583984375 0.4302978515625 0.00439453125 0.009521484375
0 0.5264892578125 0.388916015625 0.010009765625 0.0048828125
