0 0.5906982421875 0.6219482421875 0.017333984375 0.036865234375
0 0.27099609375 0.729736328125 0.005859375 0.00830078125
0 0.438720703125 0.689697265625 0.0068359375 0.0087890625
0 0.539306640625 0.6173095703125 0.013671875 0.025146484375
0 0.4390869140625 0.6639404296875 0.007080078125 0.012451171875
0 0.539794921875 0.6671142578125 0.00830078125 0.017333984375
0 0.159912109375 0.6968994140625 0.00537109375 0.014892578125
0 0.02783203125 0.6658935546875 0.00927734375 0.005126953125
0 0.4212646484375 0.7049560546875 0.005615234375 0.010986328125
0 0.42041015625 0.6927490234375 0.005859375 0.010498046875
0 0.4468994140625 0.677734375 0.012939453125 0.00390625
0 0.0274658203125 0.672119140625 0.010009765625 0.005859375
0 0.02490234375 0.685546875 0.0078125 0.01513671875
0 0.0250244140625 0.7010498046875 0.008056640625 0.014404296875
