0 0.7313232421875 0.58984375 0.044677734375 0.0625
0 0.5960693359375 0.6368408203125 0.017822265625 0.025146484375
0 0.595458984375 0.6337890625 0.064453125 0.099609375
0 0.193359375 0.7305908203125 0.00927734375 0.041259765625
0 0.174560546875 0.7247314453125 0.0048828125 0.017333984375
0 0.02294921875 0.7515869140625 0.025390625 0.077880859375
0 0.4757080078125 0.7332763671875 0.011962890625 0.055419921875
0 0.699951171875 0.7677001953125 0.03662109375 0.122802734375
0 0.5291748046875 0.7435302734375 0.012939453125 0.074462890625
0 0.260498046875 0.7216796875 0.00732421875 0.02783203125
0 0.437255859375 0.727783203125 0.009765625 0.0400390625
0 0.431640625 0.7178955078125 0.00634765625 0.022216796875
0 0.578857421875 0.62255859375 0.0166015625 0.02490234375
