0 0.3447265625 0.28759765625 0.005859375 0.009765625
0 0.3076171875 0.251708984375 0.015625 0.01416015625
0 0.3271484375 0.293212890625 0.0146484375 0.01318359375
0 0.2686767578125 0.2508544921875 0.015380859375 0.012939453125
0 0.416259765625 0.2777099609375 0.005859375 0.010009765625
0 0.288330078125 0.2509765625 0.015625 0.0146484375
0 0.35986328125 0.2890625 0.00634765625 0.0087890625
0 0.3720703125 0.2862548828125 0.00732421875 0.003173828125
0 0.39697265625 0.2921142578125 0.00341796875 0.006103515625
0 0.3656005859375 0.2860107421875 0.005615234375 0.003662109375
0 0.404296875 0.2879638671875 0.00390625 0.008544921875
0 0.4129638671875 0.2943115234375 0.010009765625 0.011474609375
