0 0.4697265625 0.43359375 0.01171875 0.0146484375
0 0.5238037109375 0.4464111328125 0.004150390625 0.004150390625
0 0.58544921875 0.4185791015625 0.00341796875 0.031982421875
0 0.443603515625 0.4520263671875 0.0146484375 0.005615234375
0 0.5238037109375 0.4349365234375 0.005615234375 0.003662109375
0 0.4696044921875 0.444091796875 0.007080078125 0.00341796875
0 0.4456787109375 0.4029541015625 0.016845703125 0.012939453125
0 0.54345703125 0.4462890625 0.00439453125 0.02197265625
0 0.490478515625 0.4532470703125 0.0068359375 0.012451171875
0 0.42431640625 0.451171875 0.021484375 0.02587890625
0 0.4906005859375 0.4326171875 0.010009765625 0.01416015625
0 0.5155029296875 0.4295654296875 0.011474609375 0.005615234375
0 0.4906005859375 0.442138671875 0.009521484375 0.005859375
0 0.543701171875 0.46044921875 0.0185546875 0.0087890625
0 0.5867919921875 0.442138671875 0.029541015625 0.013671875
0 0.50830078125 0.4366455078125 0.0107421875 0.005615234375
0 0.52392578125 0.4405517578125 0.00537109375 0.006103515625
