0 0.83544921875 0.5343017578125 0.0107421875 0.009033203125
0 0.83544921875 0.524658203125 0.04150390625 0.0107421875
0 0.597900390625 0.5526123046875 0.03369140625 0.027099609375
0 0.5303955078125 0.5743408203125 0.009521484375 0.006591796875
0 0.1435546875 0.5947265625 0.00439453125 0.005859375
0 0.8848876953125 0.5244140625 0.011962890625 0.04150390625
0 0.83349609375 0.5450439453125 0.0234375 0.013916015625
0 0.384521484375 0.53466796875 0.01708984375 0.02392578125
0 0.5396728515625 0.5750732421875 0.004150390625 0.005615234375
0 0.5172119140625 0.5697021484375 0.009521484375 0.005126953125
0 0.4945068359375 0.5537109375 0.002197265625 0.00390625
