0 0.4945068359375 0.4259033203125 0.013427734375 0.018798828125
0 0.5054931640625 0.449462890625 0.007568359375 0.009765625
0 0.5423583984375 0.439453125 0.022705078125 0.03125
0 0.204833984375 0.4119873046875 0.00927734375 0.019287109375
0 0.52392578125 0.42626953125 0.0146484375 0.0126953125
0 0.176513671875 0.4832763671875 0.01416015625 0.059326171875
0 0.4947509765625 0.438720703125 0.008056640625 0.0078125
0 0.3333740234375 0.48291015625 0.012451171875 0.04052734375
0 0.524658203125 0.4091796875 0.01611328125 0.0224609375
0 0.4654541015625 0.486083984375 0.010498046875 0.03662109375
0 0.431884765625 0.46337890625 0.0029296875 0.005859375
