0 0.544921875 0.462158203125 0.06201171875 0.1025390625
0 0.5224609375 0.363037109375 0.05224609375 0.08642578125
0 0.764892578125 0.5947265625 0.0078125 0.02978515625
0 0.6650390625 0.60693359375 0.01025390625 0.03369140625
0 0.6666259765625 0.6556396484375 0.008544921875 0.030517578125
0 0.729736328125 0.60107421875 0.00634765625 0.0234375
0 0.6063232421875 0.6826171875 0.005126953125 0.02001953125
0 0.5413818359375 0.5479736328125 0.056884765625 0.052978515625
0 0.5303955078125 0.4923095703125 0.043212890625 0.056396484375
0 0.5245361328125 0.4429931640625 0.043701171875 0.066162109375
0 0.6634521484375 0.5740966796875 0.005615234375 0.031494140625
0 0.665771484375 0.630859375 0.00634765625 0.01513671875
