0 0.64892578125 0.60205078125 0.0068359375 0.01025390625
0 0.626708984375 0.5462646484375 0.015625 0.021240234375
0 0.634033203125 0.6015625 0.00634765625 0.0087890625
0 0.7874755859375 0.58154296875 0.006591796875 0.00732421875
0 0.5604248046875 0.5675048828125 0.007568359375 0.008544921875
0 0.6273193359375 0.571044921875 0.013916015625 0.02734375
0 0.5826416015625 0.578125 0.006103515625 0.0107421875
0 0.4874267578125 0.5784912109375 0.004638671875 0.005126953125
0 0.4195556640625 0.586669921875 0.002685546875 0.01025390625
0 0.655029296875 0.58544921875 0.0048828125 0.00537109375
0 0.5693359375 0.567626953125 0.0087890625 0.0087890625
0 0.655029296875 0.5797119140625 0.00537109375 0.006103515625
0 0.7877197265625 0.5906982421875 0.006103515625 0.011474609375
0 0.792724609375 0.6004638671875 0.00439453125 0.006103515625
