0 0.3267822265625 0.3245849609375 0.015869140625 0.030517578125
0 0.3878173828125 0.3294677734375 0.014892578125 0.029052734375
0 0.3524169921875 0.325927734375 0.014404296875 0.02783203125
0 0.409912109375 0.330810546875 0.0126953125 0.02734375
0 0.4415283203125 0.3358154296875 0.011474609375 0.024658203125
0 0.2890625 0.3218994140625 0.0166015625 0.031982421875
0 0.6131591796875 0.4630126953125 0.010009765625 0.018798828125
0 0.3927001953125 0.34326171875 0.167236328125 0.07861328125
0 0.4603271484375 0.3369140625 0.011962890625 0.0244140625
0 0.288330078125 0.3394775390625 0.03369140625 0.079345703125
0 0.1341552734375 0.482666015625 0.006103515625 0.00830078125
