0 0.2977294921875 0.4217529296875 0.023193359375 0.042236328125
0 0.3170166015625 0.4122314453125 0.020751953125 0.069091796875
0 0.2860107421875 0.44775390625 0.013427734375 0.025390625
0 0.51513671875 0.494873046875 0.00927734375 0.017578125
0 0.39306640625 0.484130859375 0.00732421875 0.0146484375
0 0.3594970703125 0.4425048828125 0.007568359375 0.013916015625
0 0.1881103515625 0.452880859375 0.009521484375 0.02099609375
0 0.3828125 0.4683837890625 0.0126953125 0.006591796875
0 0.3966064453125 0.460693359375 0.012939453125 0.0068359375
0 0.383056640625 0.4588623046875 0.01123046875 0.006103515625
0 0.3963623046875 0.466796875 0.012451171875 0.005859375
