0 0.539306640625 0.53076171875 0.0185546875 0.00439453125
0 0.5057373046875 0.5467529296875 0.006591796875 0.008544921875
0 0.5394287109375 0.53515625 0.018310546875 0.00439453125
0 0.5052490234375 0.5540771484375 0.007568359375 0.003662109375
0 0.5396728515625 0.5399169921875 0.018798828125 0.004638671875
0 0.53955078125 0.5445556640625 0.0185546875 0.005126953125
0 0.562255859375 0.5323486328125 0.017578125 0.004638671875
0 0.328125 0.5540771484375 0.00439453125 0.005615234375
0 0.587646484375 0.5643310546875 0.0126953125 0.006103515625
0 0.56298828125 0.54345703125 0.01904296875 0.00537109375
0 0.376220703125 0.5491943359375 0.00390625 0.004638671875
0 0.5611572265625 0.538330078125 0.014892578125 0.00634765625
0 0.5877685546875 0.5692138671875 0.013427734375 0.003662109375
0 0.6094970703125 0.5626220703125 0.004638671875 0.008056640625
