0 0.4852294921875 0.4168701171875 0.009521484375 0.008056640625
0 0.4898681640625 0.3809814453125 0.015380859375 0.012451171875
0 0.50537109375 0.380859375 0.01318359375 0.01220703125
0 0.5535888671875 0.412841796875 0.013916015625 0.01611328125
0 0.3546142578125 0.3997802734375 0.033447265625 0.067626953125
0 0.31982421875 0.4093017578125 0.00927734375 0.027587890625
0 0.313720703125 0.4371337890625 0.03125 0.053955078125
0 0.2698974609375 0.4210205078125 0.010498046875 0.017333984375
0 0.270263671875 0.4385986328125 0.00927734375 0.015380859375
0 0.0438232421875 0.4161376953125 0.006103515625 0.010986328125
0 0.01220703125 0.3968505859375 0.0244140625 0.069091796875
0 0.4166259765625 0.4261474609375 0.009033203125 0.016845703125
0 0.4168701171875 0.44189453125 0.008056640625 0.0146484375
0 0.0101318359375 0.3878173828125 0.020263671875 0.037353515625
0 0.3553466796875 0.391845703125 0.030517578125 0.03759765625
