0 0.7159423828125 0.4266357421875 0.024169921875 0.035400390625
0 0.7147216796875 0.39013671875 0.032958984375 0.03515625
0 0.716796875 0.4556884765625 0.021484375 0.020751953125
0 0.6038818359375 0.4599609375 0.015869140625 0.0244140625
0 0.040283203125 0.4967041015625 0.0107421875 0.016845703125
0 0.5184326171875 0.4979248046875 0.004150390625 0.006103515625
0 0.29248046875 0.497314453125 0.00634765625 0.0078125
0 0.5185546875 0.502685546875 0.00439453125 0.00244140625
0 0.246337890625 0.4962158203125 0.0078125 0.010498046875
0 0.18505859375 0.5037841796875 0.00537109375 0.011474609375
0 0.255126953125 0.4844970703125 0.0146484375 0.005126953125
0 0.44580078125 0.4742431640625 0.017578125 0.005126953125
0 0.603515625 0.479736328125 0.0068359375 0.013671875
0 0.2930908203125 0.504150390625 0.003173828125 0.005859375
0 0.489990234375 0.502197265625 0.00390625 0.00439453125
0 0.0384521484375 0.475830078125 0.019287109375 0.02587890625
0 0.2464599609375 0.5048828125 0.004150390625 0.0087890625
0 0.5478515625 0.493408203125 0.0048828125 0.00927734375
0 0.511474609375 0.501953125 0.00439453125 0.0048828125
0 0.4892578125 0.496337890625 0.0048828125 0.0068359375
0 0.470458984375 0.499267578125 0.0068359375 0.00927734375
0 0.533447265625 0.49755859375 0.00341796875 0.0078125
0 0.5257568359375 0.495361328125 0.009033203125 0.0126953125
