0 0.5965576171875 0.7135009765625 0.036376953125 0.067138671875
0 0.3883056640625 0.8348388671875 0.008056640625 0.027099609375
0 0.3568115234375 0.8251953125 0.003662109375 0.015625
0 0.371337890625 0.840087890625 0.0244140625 0.03466796875
0 0.081787109375 0.936767578125 0.0546875 0.1259765625
0 0.2958984375 0.7967529296875 0.005859375 0.010498046875
0 0.4078369140625 0.7244873046875 0.008056640625 0.018310546875
0 0.1826171875 0.8505859375 0.01025390625 0.03369140625
0 0.2587890625 0.89990234375 0.03369140625 0.10595703125
0 0.4453125 0.8292236328125 0.00634765625 0.023681640625
0 0.41796875 0.8406982421875 0.01025390625 0.031005859375
0 0.4615478515625 0.81884765625 0.003662109375 0.01171875
0 0.50830078125 0.7889404296875 0.00439453125 0.010009765625
0 0.3714599609375 0.859130859375 0.015869140625 0.05615234375
0 0.4381103515625 0.8328857421875 0.008544921875 0.027587890625
0 0.5601806640625 0.703125 0.018310546875 0.0322265625
0 0.4862060546875 0.7169189453125 0.008056640625 0.018310546875
0 0.563720703125 0.7320556640625 0.01806640625 0.029052734375
0 0.5400390625 0.72802734375 0.01953125 0.02880859375
0 0.5411376953125 0.7568359375 0.020263671875 0.02978515625
0 0.4266357421875 0.818603515625 0.002685546875 0.0078125
0 0.4295654296875 0.818603515625 0.002685546875 0.00732421875
