0 0.947265625 0.6234130859375 0.013671875 0.020751953125
0 0.5146484375 0.625 0.015625 0.01904296875
0 0.802734375 0.6231689453125 0.0146484375 0.020263671875
0 0.5712890625 0.648681640625 0.0068359375 0.01318359375
0 0.577392578125 0.6490478515625 0.005859375 0.012939453125
0 0.7156982421875 0.6064453125 0.024658203125 0.03564453125
0 0.7181396484375 0.6314697265625 0.017333984375 0.010009765625
0 0.5740966796875 0.6395263671875 0.011474609375 0.005615234375
0 0.7381591796875 0.611572265625 0.027587890625 0.0302734375
0 0.9476318359375 0.6383056640625 0.009033203125 0.006103515625
0 0.514892578125 0.641845703125 0.01025390625 0.009765625
0 0.797119140625 0.63525390625 0.013671875 0.005859375
