0 0.361572265625 0.62451171875 0.00830078125 0.013671875
0 0.3121337890625 0.611572265625 0.014404296875 0.02392578125
0 0.600341796875 0.46630859375 0.02734375 0.0419921875
0 0.5433349609375 0.5721435546875 0.016357421875 0.030029296875
0 0.38330078125 0.62841796875 0.005859375 0.01025390625
0 0.5985107421875 0.549560546875 0.022705078125 0.041015625
0 0.5155029296875 0.622314453125 0.007080078125 0.0107421875
0 0.390380859375 0.64208984375 0.00390625 0.0068359375
0 0.5965576171875 0.505859375 0.024658203125 0.0400390625
0 0.5999755859375 0.5816650390625 0.023681640625 0.021240234375
