0 0.5369873046875 0.3450927734375 0.015869140625 0.019775390625
0 0.668212890625 0.2872314453125 0.03125 0.040283203125
0 0.5994873046875 0.3570556640625 0.017822265625 0.009033203125
0 0.6710205078125 0.4200439453125 0.014404296875 0.026123046875
0 0.658203125 0.3399658203125 0.02392578125 0.039794921875
0 0.209716796875 0.33935546875 0.03857421875 0.02490234375
0 0.5704345703125 0.34619140625 0.047119140625 0.01953125
0 0.6512451171875 0.3133544921875 0.025146484375 0.014404296875
0 0.1781005859375 0.308349609375 0.029541015625 0.03955078125
0 0.285888671875 0.35400390625 0.01025390625 0.02392578125
0 0.2684326171875 0.2486572265625 0.016357421875 0.041259765625
0 0.6688232421875 0.3968505859375 0.009033203125 0.018798828125
0 0.1522216796875 0.4393310546875 0.010986328125 0.024658203125
0 0.6676025390625 0.3753662109375 0.009033203125 0.026123046875
