0 0.7464599609375 0.71435546875 0.065673828125 0.08251953125
0 0.4791259765625 0.7030029296875 0.004638671875 0.009521484375
0 0.47900390625 0.6923828125 0.00439453125 0.01025390625
0 0.3701171875 0.6683349609375 0.01318359375 0.017333984375
0 0.5054931640625 0.69384765625 0.009521484375 0.0205078125
0 0.390380859375 0.717529296875 0.00341796875 0.00439453125
0 0.3875732421875 0.7218017578125 0.004638671875 0.002197265625
0 0.4822998046875 0.64404296875 0.023681640625 0.00927734375
0 0.4578857421875 0.71826171875 0.012451171875 0.0078125
0 0.6712646484375 0.71484375 0.005126953125 0.00634765625
0 0.4151611328125 0.712890625 0.005615234375 0.0029296875
0 0.29931640625 0.71728515625 0.00732421875 0.01416015625
0 0.0787353515625 0.655029296875 0.018310546875 0.01513671875
0 0.2918701171875 0.7235107421875 0.004150390625 0.008056640625
0 0.31640625 0.7445068359375 0.0029296875 0.001708984375
0 0.2830810546875 0.741943359375 0.011474609375 0.0078125
0 0.3955078125 0.6669921875 0.0126953125 0.0166015625
0 0.677734375 0.71435546875 0.0048828125 0.0068359375
0 0.2606201171875 0.6982421875 0.014892578125 0.02392578125
0 0.419189453125 0.70263671875 0.00732421875 0.00341796875
0 0.672607421875 0.6531982421875 0.01416015625 0.027099609375
