0 0.8612060546875 0.6026611328125 0.012939453125 0.017822265625
0 0.5267333984375 0.563720703125 0.006591796875 0.0126953125
0 0.3955078125 0.572998046875 0.0078125 0.01416015625
0 0.4283447265625 0.5677490234375 0.006103515625 0.010986328125
0 0.3433837890625 0.5712890625 0.006103515625 0.01025390625
0 0.6109619140625 0.572998046875 0.006591796875 0.01123046875
0 0.4368896484375 0.58349609375 0.002197265625 0.0048828125
0 0.59130859375 0.580322265625 0.00732421875 0.01220703125
0 0.4652099609375 0.5830078125 0.002685546875 0.005859375
0 0.8560791015625 0.5704345703125 0.017333984375 0.007568359375
0 0.4947509765625 0.581787109375 0.002685546875 0.0048828125
0 0.5909423828125 0.5911865234375 0.006591796875 0.008544921875
0 0.86083984375 0.613525390625 0.009765625 0.0068359375
0 0.5264892578125 0.58349609375 0.002685546875 0.0048828125
