0 0.57958984375 0.728271484375 0.01171875 0.013671875
0 0.5643310546875 0.7215576171875 0.012451171875 0.021240234375
0 0.3377685546875 0.647705078125 0.033447265625 0.0576171875
0 0.5989990234375 0.7294921875 0.003173828125 0.00537109375
0 0.478271484375 0.733642578125 0.0068359375 0.0078125
0 0.598876953125 0.7230224609375 0.00439453125 0.007080078125
0 0.3377685546875 0.690185546875 0.012451171875 0.02197265625
0 0.447021484375 0.7332763671875 0.01123046875 0.012451171875
0 0.5946044921875 0.7205810546875 0.003662109375 0.008544921875
0 0.487060546875 0.7210693359375 0.00244140625 0.005615234375
0 0.5535888671875 0.705322265625 0.005126953125 0.00927734375
0 0.453857421875 0.694580078125 0.00439453125 0.0029296875
0 0.4970703125 0.71875 0.00390625 0.0068359375
0 0.495361328125 0.708740234375 0.00341796875 0.001953125
0 0.4700927734375 0.7015380859375 0.002685546875 0.001708984375
