0 0.2239990234375 0.333251953125 0.027099609375 0.0478515625
0 0.707275390625 0.3746337890625 0.0205078125 0.012939453125
0 0.3585205078125 0.34228515625 0.026611328125 0.0166015625
0 0.2730712890625 0.33056640625 0.035888671875 0.029296875
0 0.3592529296875 0.3270263671875 0.024658203125 0.012451171875
0 0.321044921875 0.3184814453125 0.021484375 0.021728515625
0 0.3211669921875 0.3017578125 0.012451171875 0.0107421875
0 0.7117919921875 0.392333984375 0.010009765625 0.01806640625
0 0.32568359375 0.3177490234375 0.01025390625 0.018310546875
0 0.7060546875 0.392578125 0.02099609375 0.021484375
