0 0.4371337890625 0.494873046875 0.097412109375 0.03955078125
0 0.0274658203125 0.4215087890625 0.054931640625 0.084228515625
0 0.564208984375 0.7933349609375 0.01025390625 0.022216796875
0 0.6788330078125 0.5380859375 0.023681640625 0.04052734375
0 0.6798095703125 0.5716552734375 0.019775390625 0.025634765625
0 0.66796875 0.6087646484375 0.0234375 0.041748046875
0 0.6934814453125 0.6005859375 0.023681640625 0.041015625
0 0.668701171875 0.640625 0.02001953125 0.02392578125
0 0.69482421875 0.6361083984375 0.01904296875 0.025634765625
0 0.6832275390625 0.7275390625 0.024169921875 0.05126953125
0 0.6839599609375 0.7611083984375 0.023193359375 0.015869140625
0 0.6854248046875 0.8125 0.008544921875 0.02587890625
0 0.6761474609375 0.8157958984375 0.004150390625 0.032470703125
0 0.9130859375 0.0189208984375 0.0205078125 0.037841796875
0 0.7701416015625 0.7091064453125 0.006591796875 0.048095703125
0 0.771728515625 0.7462158203125 0.00732421875 0.030517578125
0 0.1435546875 0.833740234375 0.01171875 0.02392578125
