0 0.334716796875 0.729736328125 0.0078125 0.01416015625
0 0.25146484375 0.7200927734375 0.01708984375 0.023193359375
0 0.4102783203125 0.599609375 0.095947265625 0.06005859375
0 0.31884765625 0.5986328125 0.0869140625 0.07275390625
0 0.4327392578125 0.590087890625 0.010986328125 0.01416015625
0 0.3817138671875 0.7130126953125 0.010986328125 0.009521484375
0 0.338623046875 0.5892333984375 0.013671875 0.016845703125
0 0.4879150390625 0.594482421875 0.064697265625 0.05859375
0 0.2510986328125 0.73583984375 0.016357421875 0.00830078125
0 0.3909912109375 0.7139892578125 0.005615234375 0.007568359375
0 0.426025390625 0.71142578125 0.005859375 0.0078125
0 0.334716796875 0.741943359375 0.00830078125 0.01123046875
0 0.2821044921875 0.754638671875 0.013916015625 0.00830078125
0 0.6697998046875 0.7420654296875 0.010009765625 0.014892578125
0 0.4024658203125 0.7431640625 0.004638671875 0.00732421875
0 0.839599609375 0.719970703125 0.00830078125 0.01171875
0 0.5546875 0.7017822265625 0.00634765625 0.007568359375
0 0.4683837890625 0.7086181640625 0.006103515625 0.008056640625
0 0.3719482421875 0.729736328125 0.005615234375 0.0078125
