0 0.5921630859375 0.6143798828125 0.015380859375 0.019287109375
0 0.589599609375 0.5538330078125 0.015625 0.018798828125
0 0.5908203125 0.573974609375 0.01416015625 0.01806640625
0 0.5189208984375 0.4876708984375 0.020751953125 0.028564453125
0 0.591552734375 0.59375 0.0146484375 0.01953125
0 0.59521484375 0.613037109375 0.0244140625 0.0166015625
0 0.4014892578125 0.4959716796875 0.019775390625 0.027587890625
0 0.4586181640625 0.4921875 0.022216796875 0.0283203125
0 0.5601806640625 0.5572509765625 0.037841796875 0.030517578125
0 0.5732421875 0.573974609375 0.013671875 0.00537109375
