0 0.9403076171875 0.559814453125 0.011474609375 0.02734375
0 0.6083984375 0.548583984375 0.01220703125 0.00537109375
0 0.830322265625 0.43408203125 0.04248046875 0.0546875
0 0.49755859375 0.5791015625 0.0078125 0.01416015625
0 0.6080322265625 0.537841796875 0.011474609375 0.013671875
0 0.73291015625 0.533203125 0.02587890625 0.03466796875
0 0.384765625 0.3919677734375 0.056640625 0.062744140625
0 0.1632080078125 0.54736328125 0.026611328125 0.03369140625
0 0.08447265625 0.607421875 0.09033203125 0.119140625
0 0.5924072265625 0.5513916015625 0.011474609375 0.015380859375
0 0.8275146484375 0.3719482421875 0.058349609375 0.070556640625
0 0.3851318359375 0.4488525390625 0.042236328125 0.054931640625
0 0.4859619140625 0.575439453125 0.019775390625 0.02783203125
0 0.20458984375 0.5350341796875 0.0244140625 0.032958984375
0 0.8599853515625 0.5284423828125 0.012451171875 0.020751953125
0 0.8541259765625 0.5047607421875 0.014404296875 0.023193359375
0 0.2337646484375 0.5621337890625 0.029541015625 0.050048828125
0 0.046630859375 0.5498046875 0.009765625 0.0166015625
