0 0.6357421875 0.61181640625 0.01025390625 0.0185546875
0 0.6236572265625 0.612060546875 0.010986328125 0.01953125
0 0.6064453125 0.6192626953125 0.009765625 0.017822265625
0 0.6180419921875 0.6195068359375 0.009033203125 0.018310546875
0 0.6339111328125 0.5985107421875 0.010009765625 0.008544921875
0 0.60498046875 0.6068115234375 0.00830078125 0.006591796875
0 0.62353515625 0.5985107421875 0.009765625 0.007080078125
0 0.5155029296875 0.627197265625 0.007568359375 0.00341796875
0 0.550537109375 0.635009765625 0.00927734375 0.0048828125
0 0.5390625 0.635009765625 0.009765625 0.0048828125
0 0.5296630859375 0.6273193359375 0.003173828125 0.008056640625
0 0.5806884765625 0.623779296875 0.004638671875 0.00634765625
0 0.5799560546875 0.616943359375 0.004638671875 0.00634765625
0 0.1259765625 0.6256103515625 0.005859375 0.007568359375
0 0.557861328125 0.6207275390625 0.015625 0.012939453125
0 0.635986328125 0.62353515625 0.02099609375 0.005859375
