0 0.7977294921875 0.35888671875 0.018798828125 0.021484375
0 0.112060546875 0.15234375 0.13818359375 0.1640625
0 0.4993896484375 0.3687744140625 0.012939453125 0.017333984375
0 0.8321533203125 0.3636474609375 0.015869140625 0.020751953125
0 0.674072265625 0.4166259765625 0.013671875 0.016845703125
0 0.29931640625 0.0675048828125 0.072265625 0.135009765625
0 0.624755859375 0.357177734375 0.0078125 0.01025390625
0 0.203125 0.0498046875 0.1279296875 0.099609375
0 0.892333984375 0.361572265625 0.0078125 0.01611328125
0 0.302734375 0.1649169921875 0.06787109375 0.085693359375
0 0.8773193359375 0.3255615234375 0.012939453125 0.031494140625
