0 0.2882080078125 0.456787109375 0.009521484375 0.013671875
0 0.39599609375 0.423583984375 0.0244140625 0.03369140625
0 0.2880859375 0.4710693359375 0.009765625 0.013427734375
0 0.2877197265625 0.5111083984375 0.012939453125 0.029052734375
0 0.39501953125 0.4669189453125 0.0244140625 0.052490234375
0 0.1649169921875 0.5423583984375 0.004150390625 0.005615234375
0 0.2325439453125 0.5203857421875 0.004150390625 0.006591796875
0 0.232666015625 0.5213623046875 0.00634765625 0.026611328125
0 0.2877197265625 0.4708251953125 0.013916015625 0.048583984375
0 0.2327880859375 0.512451171875 0.004150390625 0.00732421875
0 0.211669921875 0.52490234375 0.00390625 0.02685546875
