0 0.3760986328125 0.3994140625 0.012939453125 0.01708984375
0 0.81103515625 0.397216796875 0.00927734375 0.02685546875
0 0.71044921875 0.404541015625 0.00830078125 0.01953125
0 0.5623779296875 0.3917236328125 0.009033203125 0.013427734375
0 0.802490234375 0.2252197265625 0.029296875 0.037841796875
0 0.4163818359375 0.412353515625 0.006591796875 0.00830078125
0 0.819580078125 0.373291015625 0.0234375 0.0068359375
0 0.3682861328125 0.3870849609375 0.008544921875 0.011962890625
0 0.4163818359375 0.4033203125 0.008056640625 0.0087890625
0 0.366943359375 0.40234375 0.005859375 0.00537109375
