0 0.70458984375 0.50341796875 0.02294921875 0.02978515625
0 0.4107666015625 0.5098876953125 0.034912109375 0.035400390625
0 0.403076171875 0.5047607421875 0.0126953125 0.016845703125
0 0.6630859375 0.5098876953125 0.00634765625 0.007568359375
0 0.4190673828125 0.50390625 0.011962890625 0.0166015625
0 0.53466796875 0.5206298828125 0.01025390625 0.010986328125
0 0.4613037109375 0.5323486328125 0.021240234375 0.023193359375
0 0.3216552734375 0.566162109375 0.059326171875 0.02294921875
0 0.6751708984375 0.5074462890625 0.003662109375 0.016357421875
0 0.321533203125 0.5103759765625 0.06494140625 0.077880859375
