0 0.647216796875 0.448974609375 0.01904296875 0.02490234375
0 0.544677734375 0.513916015625 0.0048828125 0.00830078125
0 0.5279541015625 0.5179443359375 0.003173828125 0.004638671875
0 0.52734375 0.524169921875 0.00146484375 0.005859375
0 0.15966796875 0.0933837890625 0.0390625 0.032958984375
0 0.5548095703125 0.0233154296875 0.017822265625 0.030517578125
0 0.62646484375 0.4503173828125 0.0185546875 0.023681640625
0 0.77001953125 0.5076904296875 0.0126953125 0.003173828125
0 0.5791015625 0.43212890625 0.0244140625 0.02880859375
0 0.74462890625 0.52880859375 0.00390625 0.0078125
0 0.75927734375 0.5240478515625 0.0078125 0.010009765625
0 0.7896728515625 0.525146484375 0.002197265625 0.00830078125
0 0.501708984375 0.0631103515625 0.13818359375 0.126220703125
0 0.5797119140625 0.5184326171875 0.015380859375 0.008544921875
0 0.17138671875 0.0631103515625 0.18017578125 0.126220703125
0 0.293701171875 0.0465087890625 0.05615234375 0.072509765625
0 0.5784912109375 0.460205078125 0.022705078125 0.0302734375
0 0.712158203125 0.5126953125 0.01025390625 0.02587890625
0 0.8104248046875 0.53173828125 0.004150390625 0.00830078125
0 0.8277587890625 0.522216796875 0.005126953125 0.00732421875
0 0.5799560546875 0.4949951171875 0.029052734375 0.038330078125
0 0.6766357421875 0.4468994140625 0.019287109375 0.024658203125
0 0.6510009765625 0.450439453125 0.076416015625 0.10009765625
0 0.545654296875 0.4945068359375 0.01171875 0.010009765625
0 0.5089111328125 0.4945068359375 0.010498046875 0.009521484375
