0 0.1754150390625 0.6837158203125 0.010498046875 0.023681640625
0 0.898193359375 0.626708984375 0.0166015625 0.0400390625
0 0.1181640625 0.5628662109375 0.076171875 0.112548828125
0 0.189208984375 0.686767578125 0.01220703125 0.01220703125
0 0.3486328125 0.7923583984375 0.009765625 0.041748046875
0 0.320068359375 0.77880859375 0.009765625 0.0361328125
0 0.057373046875 0.6351318359375 0.015625 0.028564453125
0 0.0462646484375 0.59033203125 0.008544921875 0.0107421875
0 0.11376953125 0.654541015625 0.033203125 0.09521484375
0 0.90185546875 0.6744384765625 0.04833984375 0.068115234375
