0 0.8604736328125 0.3419189453125 0.022216796875 0.043212890625
0 0.53759765625 0.4176025390625 0.00927734375 0.017822265625
0 0.6611328125 0.3668212890625 0.017578125 0.031982421875
0 0.52392578125 0.4261474609375 0.005859375 0.010009765625
0 0.0166015625 0.3143310546875 0.033203125 0.072509765625
0 0.4429931640625 0.4178466796875 0.008544921875 0.013427734375
0 0.671875 0.3922119140625 0.013671875 0.013427734375
0 0.521240234375 0.4332275390625 0.00390625 0.005126953125
0 0.542724609375 0.445068359375 0.00341796875 0.0068359375
0 0.5206298828125 0.427490234375 0.003662109375 0.00634765625
0 0.0115966796875 0.314208984375 0.023193359375 0.0322265625
0 0.6612548828125 0.3671875 0.010498046875 0.0166015625
0 0.5751953125 0.3951416015625 0.02001953125 0.007568359375
