0 0.086181640625 0.55078125 0.009765625 0.02978515625
0 0.0052490234375 0.3406982421875 0.010498046875 0.116943359375
0 0.0316162109375 0.402587890625 0.014892578125 0.03173828125
0 0.0291748046875 0.4453125 0.012939453125 0.03125
0 0.9814453125 0.5137939453125 0.0087890625 0.022705078125
0 0.2872314453125 0.513671875 0.012939453125 0.0087890625
0 0.2880859375 0.5028076171875 0.01318359375 0.012451171875
0 0.0296630859375 0.4234619140625 0.015380859375 0.010986328125
0 0.01708984375 0.3992919921875 0.0087890625 0.032470703125
0 0.0277099609375 0.46875 0.012451171875 0.01416015625
0 0.0157470703125 0.422119140625 0.012451171875 0.013671875
