0 0.8507080078125 0.512939453125 0.042236328125 0.0517578125
0 0.07177734375 0.49658203125 0.00634765625 0.01171875
0 0.2432861328125 0.53955078125 0.004150390625 0.005859375
0 0.34326171875 0.5538330078125 0.00732421875 0.005126953125
0 0.5977783203125 0.5528564453125 0.011962890625 0.018310546875
0 0.536865234375 0.56298828125 0.01025390625 0.01416015625
0 0.5770263671875 0.5548095703125 0.019775390625 0.021728515625
0 0.0518798828125 0.492919921875 0.027587890625 0.02001953125
0 0.280029296875 0.5718994140625 0.01171875 0.020263671875
0 0.2803955078125 0.58349609375 0.009521484375 0.0078125
0 0.66162109375 0.5509033203125 0.01171875 0.004638671875
0 0.3826904296875 0.529541015625 0.023193359375 0.005859375
0 0.216552734375 0.5650634765625 0.03173828125 0.040771484375
0 0.4742431640625 0.419921875 0.014404296875 0.02099609375
0 0.0760498046875 0.493408203125 0.024658203125 0.01953125
0 0.3778076171875 0.4364013671875 0.094482421875 0.068115234375
0 0.2647705078125 0.566650390625 0.025146484375 0.01708984375
0 0.661865234375 0.540283203125 0.01171875 0.017578125
0 0.57958984375 0.4268798828125 0.076171875 0.065673828125
0 0.4873046875 0.4306640625 0.091796875 0.06884765625
0 0.265380859375 0.55712890625 0.0078125 0.005859375
0 0.27392578125 0.579345703125 0.00634765625 0.01318359375
