0 0.60791015625 0.3375244140625 0.03662109375 0.064208984375
0 0.6494140625 0.4249267578125 0.01171875 0.030517578125
0 0.6494140625 0.3931884765625 0.01171875 0.031005859375
0 0.532958984375 0.405517578125 0.01611328125 0.02734375
0 0.5498046875 0.42529296875 0.01708984375 0.03125
0 0.4056396484375 0.4378662109375 0.009521484375 0.016357421875
0 0.549072265625 0.3797607421875 0.01904296875 0.031982421875
0 0.533203125 0.437255859375 0.01611328125 0.03759765625
0 0.5491943359375 0.40283203125 0.017822265625 0.015625
0 0.599365234375 0.416015625 0.0361328125 0.01318359375
0 0.599853515625 0.4295654296875 0.0361328125 0.013916015625
0 0.599853515625 0.4429931640625 0.03564453125 0.013427734375
0 0.418701171875 0.4202880859375 0.00732421875 0.014404296875
