0 0.5174560546875 0.690185546875 0.009521484375 0.01220703125
0 0.6912841796875 0.65966796875 0.017333984375 0.021484375
0 0.258544921875 0.4931640625 0.0380859375 0.09326171875
0 0.130859375 0.6490478515625 0.0107421875 0.013916015625
0 0.8504638671875 0.6356201171875 0.017333984375 0.020751953125
0 0.6922607421875 0.7010498046875 0.013916015625 0.024169921875
0 0.2681884765625 0.4168701171875 0.033447265625 0.085205078125
0 0.692138671875 0.6802978515625 0.017578125 0.017333984375
0 0.5177001953125 0.698974609375 0.009521484375 0.00830078125
0 0.8447265625 0.6500244140625 0.0029296875 0.006103515625
0 0.2545166015625 0.551513671875 0.031494140625 0.048828125
0 0.8514404296875 0.6363525390625 0.024658203125 0.038330078125
0 0.8529052734375 0.6673583984375 0.031494140625 0.025146484375
