0 0.6165771484375 0.6346435546875 0.019775390625 0.026611328125
0 0.58544921875 0.66748046875 0.00732421875 0.01416015625
0 0.6190185546875 0.6842041015625 0.018798828125 0.068603515625
0 0.7841796875 0.672119140625 0.005859375 0.00390625
0 0.7841796875 0.668701171875 0.005859375 0.00439453125
0 0.8321533203125 0.6661376953125 0.007568359375 0.009033203125
0 0.783935546875 0.6632080078125 0.00634765625 0.007568359375
0 0.8326416015625 0.677001953125 0.007080078125 0.00439453125
0 0.52197265625 0.629638671875 0.01123046875 0.0185546875
0 0.8914794921875 0.6376953125 0.015869140625 0.0263671875
0 0.8016357421875 0.6505126953125 0.011474609375 0.013916015625
0 0.96875 0.483642578125 0.033203125 0.04052734375
0 0.8316650390625 0.656982421875 0.007080078125 0.00927734375
0 0.6279296875 0.588623046875 0.0224609375 0.0302734375
0 0.2130126953125 0.5887451171875 0.017333984375 0.027587890625
0 0.4095458984375 0.640625 0.025146484375 0.03369140625
0 0.392578125 0.6339111328125 0.017578125 0.024658203125
0 0.8326416015625 0.6719970703125 0.007568359375 0.005126953125
0 0.5479736328125 0.666259765625 0.008056640625 0.0107421875
