0 0.3319091796875 0.40966796875 0.096435546875 0.13623046875
0 0.0601806640625 0.470458984375 0.007568359375 0.013671875
0 0.431640625 0.420654296875 0.03076171875 0.02587890625
0 0.169189453125 0.4520263671875 0.0380859375 0.063720703125
0 0.4681396484375 0.4786376953125 0.013427734375 0.018310546875
0 0.2083740234375 0.1319580078125 0.040283203125 0.079345703125
0 0.422119140625 0.4481201171875 0.02294921875 0.016845703125
0 0.0487060546875 0.4681396484375 0.008544921875 0.009521484375
0 0.4703369140625 0.425048828125 0.018798828125 0.0185546875
0 0.1241455078125 0.4713134765625 0.010009765625 0.009521484375
0 0.46923828125 0.4508056640625 0.021484375 0.033935546875
0 0.67236328125 0.501220703125 0.0029296875 0.01025390625
0 0.1240234375 0.45849609375 0.009765625 0.01611328125
0 0.6708984375 0.5166015625 0.001953125 0.005859375
0 0.044677734375 0.4676513671875 0.0029296875 0.006103515625
0 0.009765625 0.46337890625 0.0029296875 0.00537109375
