0 0.6966552734375 0.696044921875 0.015380859375 0.03271484375
0 0.6968994140625 0.6671142578125 0.015380859375 0.025146484375
0 0.5703125 0.6868896484375 0.0029296875 0.005126953125
0 0.5538330078125 0.6895751953125 0.003662109375 0.006103515625
0 0.6298828125 0.6846923828125 0.00244140625 0.003662109375
0 0.61474609375 0.6851806640625 0.0029296875 0.004150390625
0 0.6453857421875 0.684326171875 0.002197265625 0.00341796875
0 0.754150390625 0.685302734375 0.001953125 0.00341796875
0 0.58544921875 0.6866455078125 0.0029296875 0.004638671875
0 0.6005859375 0.6856689453125 0.00244140625 0.004150390625
0 0.546142578125 0.692138671875 0.00244140625 0.0087890625
