0 0.796875 0.6268310546875 0.00732421875 0.007568359375
0 0.3388671875 0.6636962890625 0.00390625 0.013916015625
0 0.314453125 0.665283203125 0.00390625 0.01806640625
0 0.7689208984375 0.64599609375 0.005615234375 0.0068359375
0 0.2928466796875 0.6661376953125 0.004638671875 0.017822265625
0 0.2554931640625 0.668212890625 0.005615234375 0.02197265625
0 0.3916015625 0.6607666015625 0.0029296875 0.010009765625
0 0.3824462890625 0.6610107421875 0.003173828125 0.010986328125
0 0.3692626953125 0.6617431640625 0.003173828125 0.010986328125
0 0.354248046875 0.66259765625 0.00390625 0.01220703125
0 0.073974609375 0.1416015625 0.0712890625 0.04150390625
0 0.636962890625 0.64794921875 0.00537109375 0.01318359375
0 0.7972412109375 0.6331787109375 0.006591796875 0.004638671875
0 0.6253662109375 0.64404296875 0.004638671875 0.017578125
0 0.68798828125 0.6375732421875 0.01318359375 0.013916015625
0 0.9385986328125 0.2174072265625 0.122314453125 0.087158203125
0 0.574462890625 0.603271484375 0.02880859375 0.017578125
0 0.938232421875 0.111083984375 0.123046875 0.10595703125
0 0.0721435546875 0.2144775390625 0.144287109375 0.108154296875
0 0.924560546875 0.216064453125 0.060546875 0.06982421875
0 0.6173095703125 0.643798828125 0.009521484375 0.015625
0 0.5982666015625 0.6451416015625 0.011962890625 0.014404296875
0 0.6912841796875 0.6397705078125 0.012451171875 0.018798828125
0 0.7139892578125 0.640625 0.020263671875 0.02587890625
0 0.1302490234375 0.68017578125 0.008056640625 0.03076171875
0 0.2034912109375 0.6729736328125 0.007080078125 0.025634765625
