0 0.42919921875 0.512939453125 0.1083984375 0.07958984375
0 0.542724609375 0.524658203125 0.1171875 0.08056640625
0 0.690673828125 0.540283203125 0.17431640625 0.08447265625
0 0.419677734375 0.686279296875 0.0048828125 0.00830078125
0 0.4644775390625 0.6959228515625 0.003173828125 0.003662109375
0 0.5753173828125 0.681884765625 0.008544921875 0.01513671875
0 0.65966796875 0.53369140625 0.025390625 0.029296875
0 0.5130615234375 0.5220947265625 0.020263671875 0.028076171875
0 0.4002685546875 0.5052490234375 0.021240234375 0.028076171875
0 0.626708984375 0.53076171875 0.01953125 0.02587890625
