0 0.372314453125 0.5504150390625 0.060546875 0.093017578125
0 0.238525390625 0.6212158203125 0.015625 0.028564453125
0 0.239013671875 0.642578125 0.0087890625 0.013671875
0 0.23828125 0.65283203125 0.0087890625 0.00634765625
0 0.2386474609375 0.6781005859375 0.007080078125 0.005615234375
0 0.2379150390625 0.668701171875 0.007080078125 0.0048828125
0 0.238525390625 0.6734619140625 0.0068359375 0.004150390625
0 0.23828125 0.6611328125 0.00830078125 0.00732421875
0 0.186767578125 0.64990234375 0.00537109375 0.009765625
0 0.2374267578125 0.658203125 0.008544921875 0.0048828125
