0 0.9423828125 0.812255859375 0.041015625 0.068359375
0 0.7491455078125 0.9259033203125 0.007080078125 0.012451171875
0 0.4384765625 0.8173828125 0.03564453125 0.06494140625
0 0.8006591796875 0.9189453125 0.007080078125 0.0126953125
0 0.5455322265625 0.9522705078125 0.023681640625 0.044677734375
0 0.4407958984375 0.8787841796875 0.034423828125 0.066162109375
0 0.9537353515625 0.8831787109375 0.046630859375 0.072509765625
0 0.8372802734375 0.8978271484375 0.016357421875 0.023681640625
0 0.374267578125 0.919189453125 0.04443359375 0.06298828125
0 0.5245361328125 0.9295654296875 0.005126953125 0.013916015625
0 0.7857666015625 0.9183349609375 0.010498046875 0.008544921875
0 0.518310546875 0.921630859375 0.013671875 0.0234375
