0 0.9052734375 0.3546142578125 0.01806640625 0.025634765625
0 0.8675537109375 0.4197998046875 0.032470703125 0.036376953125
0 0.5657958984375 0.42724609375 0.009033203125 0.01171875
0 0.1549072265625 0.44189453125 0.007568359375 0.015625
0 0.905517578125 0.3648681640625 0.02587890625 0.054931640625
0 0.5662841796875 0.4501953125 0.011474609375 0.0048828125
0 0.5655517578125 0.43115234375 0.010986328125 0.021484375
0 0.1641845703125 0.4844970703125 0.005126953125 0.004638671875
0 0.164306640625 0.470458984375 0.0048828125 0.013671875
0 0.55712890625 0.464111328125 0.0029296875 0.00537109375
0 0.5660400390625 0.4453125 0.011474609375 0.00537109375
0 0.1552734375 0.4539794921875 0.0078125 0.008544921875
0 0.164306640625 0.4683837890625 0.0029296875 0.008544921875
0 0.1639404296875 0.48046875 0.004638671875 0.00341796875
0 0.5533447265625 0.46044921875 0.004150390625 0.013671875
0 0.5572509765625 0.4664306640625 0.006103515625 0.013427734375
