0 0.1219482421875 0.5390625 0.148681640625 0.080078125
0 0.6796875 0.5875244140625 0.01708984375 0.009033203125
0 0.892333984375 0.5496826171875 0.01416015625 0.012939453125
0 0.52197265625 0.5919189453125 0.01123046875 0.010498046875
0 0.520751953125 0.578369140625 0.01123046875 0.01611328125
0 0.658935546875 0.593017578125 0.01904296875 0.00830078125
0 0.5877685546875 0.59716796875 0.013916015625 0.0078125
0 0.5535888671875 0.5906982421875 0.008544921875 0.012939453125
0 0.392822265625 0.57568359375 0.07958984375 0.06396484375
0 0.9005126953125 0.5743408203125 0.002685546875 0.004638671875
0 0.901123046875 0.5782470703125 0.001953125 0.002685546875
0 0.8978271484375 0.5750732421875 0.005615234375 0.004150390625
0 0.8935546875 0.5753173828125 0.00244140625 0.003662109375
0 0.6981201171875 0.5899658203125 0.004638671875 0.007568359375
0 0.02734375 0.60107421875 0.0546875 0.087890625
