0 0.423828125 0.7086181640625 0.0048828125 0.008544921875
0 0.7779541015625 0.75634765625 0.021240234375 0.03955078125
0 0.4395751953125 0.7130126953125 0.003662109375 0.008544921875
0 0.9114990234375 0.7655029296875 0.030029296875 0.056396484375
0 0.704833984375 0.7474365234375 0.01611328125 0.030029296875
0 0.3050537109375 0.69921875 0.010986328125 0.017578125
0 0.3424072265625 0.7032470703125 0.009033203125 0.014404296875
0 0.4058837890625 0.70849609375 0.005126953125 0.0078125
0 0.4637451171875 0.7142333984375 0.003662109375 0.007568359375
0 0.3265380859375 0.7001953125 0.011962890625 0.015625
0 0.586669921875 0.7109375 0.01123046875 0.0146484375
