0 0.8653564453125 0.419189453125 0.019287109375 0.0361328125
0 0.389404296875 0.4732666015625 0.0107421875 0.013916015625
0 0.6287841796875 0.44677734375 0.018310546875 0.01220703125
0 0.9779052734375 0.4356689453125 0.020751953125 0.034912109375
0 0.6474609375 0.4486083984375 0.015625 0.010986328125
0 0.62890625 0.456298828125 0.0185546875 0.01171875
0 0.6473388671875 0.458740234375 0.015869140625 0.0107421875
0 0.31591796875 0.4658203125 0.00634765625 0.00830078125
0 0.3154296875 0.4720458984375 0.005859375 0.003173828125
0 0.2647705078125 0.48388671875 0.004150390625 0.00439453125
