0 0.69921875 0.4697265625 0.0078125 0.01025390625
0 0.891845703125 0.403076171875 0.0205078125 0.00927734375
0 0.5496826171875 0.49267578125 0.005126953125 0.005859375
0 0.5634765625 0.4617919921875 0.009765625 0.009521484375
0 0.6328125 0.483154296875 0.00732421875 0.00927734375
0 0.5634765625 0.450439453125 0.01123046875 0.01513671875
0 0.5865478515625 0.491943359375 0.003662109375 0.00439453125
0 0.89208984375 0.4222412109375 0.0107421875 0.024658203125
0 0.5865478515625 0.4957275390625 0.003662109375 0.002197265625
0 0.563232421875 0.4388427734375 0.0107421875 0.006591796875
