0 0.0211181640625 0.5069580078125 0.012939453125 0.016357421875
0 0.4788818359375 0.5498046875 0.010986328125 0.0390625
0 0.0654296875 0.4808349609375 0.00537109375 0.019287109375
0 0.027587890625 0.502197265625 0.00732421875 0.01171875
0 0.6490478515625 0.5084228515625 0.005615234375 0.010009765625
0 0.4783935546875 0.54345703125 0.006591796875 0.00927734375
0 0.633544921875 0.516845703125 0.005859375 0.00341796875
0 0.419677734375 0.5111083984375 0.0087890625 0.003173828125
0 0.923095703125 0.476318359375 0.00634765625 0.0263671875
0 0.9188232421875 0.5321044921875 0.004150390625 0.015380859375
0 0.9188232421875 0.5308837890625 0.004150390625 0.007568359375
