0 0.4521484375 0.594482421875 0.0126953125 0.0166015625
0 0.54833984375 0.4732666015625 0.01904296875 0.026123046875
0 0.547119140625 0.5093994140625 0.0244140625 0.044677734375
0 0.5460205078125 0.55322265625 0.018798828125 0.03759765625
0 0.4522705078125 0.5662841796875 0.012451171875 0.016357421875
0 0.2490234375 0.607177734375 0.00732421875 0.00830078125
0 0.8531494140625 0.5855712890625 0.027587890625 0.022705078125
0 0.2481689453125 0.6387939453125 0.004638671875 0.015869140625
0 0.5452880859375 0.5804443359375 0.018310546875 0.012451171875
0 0.4521484375 0.580078125 0.01318359375 0.009765625
0 0.411376953125 0.6343994140625 0.0048828125 0.017822265625
