0 0.8135986328125 0.6181640625 0.030517578125 0.06982421875
0 0.3331298828125 0.6300048828125 0.008056640625 0.016845703125
0 0.3306884765625 0.47412109375 0.062255859375 0.08447265625
0 0.4970703125 0.4630126953125 0.08837890625 0.088134765625
0 0.753173828125 0.618896484375 0.01220703125 0.03564453125
0 0.57861328125 0.63671875 0.0068359375 0.02001953125
0 0.3719482421875 0.6314697265625 0.004150390625 0.010986328125
0 0.349609375 0.62939453125 0.00537109375 0.0126953125
0 0.275634765625 0.61328125 0.00927734375 0.0244140625
0 0.1331787109375 0.5784912109375 0.028076171875 0.055419921875
0 0.6212158203125 0.612060546875 0.030517578125 0.07421875
0 0.5224609375 0.6317138671875 0.00634765625 0.010986328125
0 0.546875 0.622802734375 0.00439453125 0.01171875
