0 0.2811279296875 0.3193359375 0.017333984375 0.0234375
0 0.5665283203125 0.3990478515625 0.008544921875 0.017822265625
0 0.4366455078125 0.26513671875 0.007080078125 0.00732421875
0 0.45849609375 0.397216796875 0.00732421875 0.00537109375
0 0.654296875 0.367919921875 0.0107421875 0.01025390625
0 0.572998046875 0.3895263671875 0.00732421875 0.006591796875
0 0.3477783203125 0.38720703125 0.012939453125 0.0283203125
0 0.6220703125 0.2579345703125 0.025390625 0.039794921875
0 0.4012451171875 0.4312744140625 0.005615234375 0.010986328125
0 0.4453125 0.4158935546875 0.00537109375 0.007080078125
0 0.412841796875 0.398193359375 0.00732421875 0.03125
0 0.2821044921875 0.33740234375 0.018310546875 0.00927734375
0 0.38037109375 0.34130859375 0.0185546875 0.01220703125
0 0.4188232421875 0.36181640625 0.008056640625 0.01318359375
0 0.3985595703125 0.3216552734375 0.018310546875 0.025146484375
0 0.387939453125 0.3614501953125 0.00927734375 0.020263671875
0 0.253173828125 0.1982421875 0.04248046875 0.05615234375
0 0.5662841796875 0.396728515625 0.008544921875 0.01171875
0 0.400146484375 0.4193115234375 0.0087890625 0.011962890625
0 0.3486328125 0.4256591796875 0.01708984375 0.020751953125
0 0.652587890625 0.3936767578125 0.00634765625 0.047119140625
0 0.3804931640625 0.3228759765625 0.018798828125 0.024658203125
0 0.65625 0.2584228515625 0.044921875 0.044677734375
0 0.42822265625 0.4249267578125 0.00537109375 0.009521484375
0 0.197509765625 0.2008056640625 0.068359375 0.062255859375
0 0.4345703125 0.3607177734375 0.02001953125 0.015380859375
0 0.4398193359375 0.424072265625 0.004638671875 0.00830078125
0 0.30029296875 0.32568359375 0.0185546875 0.02587890625
0 0.4368896484375 0.2781982421875 0.006591796875 0.018798828125
0 0.4051513671875 0.36083984375 0.011474609375 0.0166015625
0 0.6544189453125 0.3538818359375 0.011474609375 0.016357421875
0 0.793701171875 0.32177734375 0.0390625 0.04931640625
0 0.538818359375 0.386962890625 0.00830078125 0.01220703125
