0 0.5203857421875 0.49169921875 0.011474609375 0.01513671875
0 0.2857666015625 0.4915771484375 0.010009765625 0.012451171875
0 0.3582763671875 0.4910888671875 0.012451171875 0.014892578125
0 0.271484375 0.486083984375 0.0126953125 0.01513671875
0 0.5882568359375 0.4503173828125 0.017333984375 0.030029296875
0 0.3297119140625 0.51220703125 0.004150390625 0.00537109375
0 0.4091796875 0.4920654296875 0.00341796875 0.007080078125
0 0.2978515625 0.5216064453125 0.0048828125 0.007568359375
0 0.3297119140625 0.5166015625 0.005615234375 0.00341796875
0 0.484130859375 0.516845703125 0.00341796875 0.00537109375
0 0.406494140625 0.499755859375 0.00732421875 0.0068359375
0 0.322998046875 0.5228271484375 0.00537109375 0.007080078125
0 0.4091796875 0.4840087890625 0.00341796875 0.006103515625
