0 0.0751953125 0.4033203125 0.015625 0.01513671875
0 0.896240234375 0.667236328125 0.01123046875 0.03125
0 0.760986328125 0.666015625 0.00634765625 0.01171875
0 0.760009765625 0.652587890625 0.01318359375 0.017578125
0 0.747314453125 0.6634521484375 0.00634765625 0.018310546875
0 0.689208984375 0.6588134765625 0.01416015625 0.018310546875
0 0.8515625 0.496337890625 0.0244140625 0.041015625
0 0.59521484375 0.633056640625 0.0029296875 0.005859375
0 0.591552734375 0.6328125 0.00341796875 0.00537109375
0 0.580322265625 0.632568359375 0.00244140625 0.005859375
0 0.538330078125 0.6312255859375 0.00439453125 0.008544921875
0 0.59521484375 0.6376953125 0.0029296875 0.001953125
0 0.00537109375 0.324462890625 0.0107421875 0.052734375
0 0.7392578125 0.4349365234375 0.021484375 0.010498046875
0 0.739501953125 0.447998046875 0.06201171875 0.03125
0 0.0703125 0.4183349609375 0.0517578125 0.046142578125
0 0.4462890625 0.630859375 0.0068359375 0.00927734375
0 0.478759765625 0.6292724609375 0.01220703125 0.016357421875
