0 0.8011474609375 0.789306640625 0.019775390625 0.03857421875
0 0.221923828125 0.7911376953125 0.00390625 0.005126953125
0 0.3056640625 0.8199462890625 0.001953125 0.003662109375
0 0.364990234375 0.807861328125 0.01806640625 0.01318359375
0 0.3193359375 0.8160400390625 0.00390625 0.008544921875
0 0.316162109375 0.8280029296875 0.00244140625 0.008544921875
0 0.1348876953125 0.8135986328125 0.003662109375 0.012451171875
0 0.1351318359375 0.804443359375 0.003662109375 0.0048828125
0 0.7802734375 0.8330078125 0.00732421875 0.005859375
0 0.8363037109375 0.7569580078125 0.025146484375 0.010986328125
0 0.7965087890625 0.8140869140625 0.027587890625 0.024658203125
0 0.608154296875 0.788330078125 0.01904296875 0.0263671875
0 0.402587890625 0.8143310546875 0.02783203125 0.017822265625
0 0.710693359375 0.8443603515625 0.00439453125 0.008544921875
0 0.5198974609375 0.7896728515625 0.022705078125 0.039794921875
0 0.890869140625 0.8084716796875 0.02197265625 0.030517578125
0 0.23193359375 0.79296875 0.02978515625 0.01123046875
0 0.280517578125 0.79248046875 0.02587890625 0.01318359375
0 0.6181640625 0.8338623046875 0.00537109375 0.010009765625
0 0.4696044921875 0.7996826171875 0.075439453125 0.036865234375
0 0.76708984375 0.8421630859375 0.00439453125 0.007080078125
0 0.56005859375 0.829833984375 0.00732421875 0.0126953125
0 0.6593017578125 0.834228515625 0.005615234375 0.0087890625
0 0.8349609375 0.7254638671875 0.0283203125 0.052001953125
0 0.4981689453125 0.775390625 0.018310546875 0.009765625
0 0.8994140625 0.8441162109375 0.009765625 0.006591796875
