0 0.9522705078125 0.3402099609375 0.083251953125 0.129150390625
0 0.9520263671875 0.649169921875 0.019775390625 0.08349609375
0 0.8963623046875 0.41357421875 0.011474609375 0.02978515625
0 0.951904296875 0.456787109375 0.06884765625 0.05615234375
0 0.5758056640625 0.4083251953125 0.006103515625 0.005126953125
0 0.5589599609375 0.41748046875 0.004638671875 0.02978515625
0 0.8642578125 0.4249267578125 0.04248046875 0.018798828125
0 0.5379638671875 0.4173583984375 0.002685546875 0.014404296875
0 0.59130859375 0.429443359375 0.00830078125 0.02880859375
0 0.5474853515625 0.41748046875 0.002685546875 0.01806640625
0 0.89697265625 0.4400634765625 0.01025390625 0.023193359375
