0 0.8427734375 0.5504150390625 0.01611328125 0.029052734375
0 0.611328125 0.60546875 0.01318359375 0.01806640625
0 0.30419921875 0.5924072265625 0.0068359375 0.008544921875
0 0.4005126953125 0.5816650390625 0.005126953125 0.006103515625
0 0.5843505859375 0.625244140625 0.003662109375 0.0048828125
0 0.0748291015625 0.5638427734375 0.014892578125 0.018310546875
0 0.0745849609375 0.5684814453125 0.018310546875 0.031494140625
0 0.843994140625 0.5809326171875 0.01025390625 0.012939453125
0 0.650390625 0.6175537109375 0.0048828125 0.009033203125
0 0.6497802734375 0.6015625 0.004638671875 0.009765625
0 0.8441162109375 0.5848388671875 0.013427734375 0.023193359375
0 0.6412353515625 0.60546875 0.006591796875 0.00341796875
0 0.4005126953125 0.5838623046875 0.005126953125 0.011474609375
0 0.6507568359375 0.616455078125 0.004638671875 0.005859375
0 0.3038330078125 0.594970703125 0.007568359375 0.01611328125
0 0.5494384765625 0.62158203125 0.002685546875 0.00439453125
0 0.4439697265625 0.5789794921875 0.007568359375 0.005126953125
0 0.6119384765625 0.61767578125 0.008544921875 0.00537109375
0 0.4208984375 0.6138916015625 0.00439453125 0.008056640625
0 0.561767578125 0.6129150390625 0.00830078125 0.003662109375
