0 0.23876953125 0.4688720703125 0.02734375 0.041259765625
0 0.6314697265625 0.4759521484375 0.074951171875 0.121337890625
0 0.3560791015625 0.467529296875 0.070556640625 0.0283203125
0 0.3717041015625 0.5980224609375 0.029052734375 0.012451171875
0 0.3665771484375 0.65087890625 0.015869140625 0.0146484375
0 0.954345703125 0.61865234375 0.025390625 0.07373046875
0 0.233642578125 0.6624755859375 0.013671875 0.006103515625
0 0.260986328125 0.641357421875 0.0078125 0.017578125
0 0.39306640625 0.6671142578125 0.0078125 0.019287109375
0 0.414306640625 0.54736328125 0.0244140625 0.033203125
