0 0.7742919921875 0.4520263671875 0.022705078125 0.029541015625
0 0.796875 0.4632568359375 0.02294921875 0.030517578125
0 0.1043701171875 0.508056640625 0.022705078125 0.03759765625
0 0.8333740234375 0.5087890625 0.018310546875 0.02294921875
0 0.7406005859375 0.4451904296875 0.046142578125 0.031005859375
0 0.8372802734375 0.55859375 0.024658203125 0.0576171875
0 0.67724609375 0.572265625 0.00537109375 0.00537109375
0 0.836669921875 0.5418701171875 0.0224609375 0.019287109375
0 0.677490234375 0.5601806640625 0.00634765625 0.017822265625
0 0.8336181640625 0.5262451171875 0.019287109375 0.009033203125
