0 0.22705078125 0.526611328125 0.0166015625 0.02587890625
0 0.56689453125 0.5108642578125 0.041015625 0.013427734375
0 0.283447265625 0.5079345703125 0.00390625 0.005615234375
0 0.38232421875 0.4951171875 0.00537109375 0.00830078125
0 0.490234375 0.4954833984375 0.0126953125 0.018798828125
0 0.4896240234375 0.5087890625 0.008544921875 0.00732421875
0 0.3267822265625 0.5086669921875 0.003173828125 0.006103515625
0 0.32958984375 0.5078125 0.00341796875 0.00634765625
0 0.2183837890625 0.507568359375 0.002685546875 0.00439453125
0 0.217041015625 0.5135498046875 0.00341796875 0.005126953125
0 0.269287109375 0.504638671875 0.00537109375 0.0078125
0 0.2298583984375 0.4849853515625 0.013916015625 0.022216796875
0 0.228759765625 0.5047607421875 0.013671875 0.018310546875
0 0.2418212890625 0.5040283203125 0.007568359375 0.011962890625
0 0.2451171875 0.4908447265625 0.00732421875 0.011474609375
0 0.56689453125 0.489013671875 0.04345703125 0.0283203125
0 0.269287109375 0.5184326171875 0.00732421875 0.009521484375
0 0.568115234375 0.4595947265625 0.02099609375 0.030029296875
0 0.389404296875 0.5069580078125 0.00732421875 0.011474609375
0 0.49072265625 0.4757080078125 0.0126953125 0.020751953125
