0 0.2861328125 0.3170166015625 0.03076171875 0.055419921875
0 0.24853515625 0.338134765625 0.02490234375 0.03564453125
0 0.3536376953125 0.3360595703125 0.011474609375 0.015380859375
0 0.2493896484375 0.3114013671875 0.021240234375 0.019775390625
0 0.2879638671875 0.3536376953125 0.025634765625 0.031005859375
0 0.4237060546875 0.314208984375 0.042724609375 0.01123046875
0 0.42529296875 0.30615234375 0.029296875 0.0078125
0 0.4495849609375 0.3663330078125 0.012451171875 0.013427734375
0 0.423583984375 0.325927734375 0.04296875 0.01220703125
0 0.2581787109375 0.374267578125 0.011474609375 0.00732421875
0 0.586669921875 0.323974609375 0.0166015625 0.02392578125
0 0.93701171875 0.3199462890625 0.0126953125 0.009033203125
0 0.88623046875 0.3455810546875 0.009765625 0.012939453125
0 0.88720703125 0.3321533203125 0.0078125 0.013916015625
0 0.9375 0.3284912109375 0.01416015625 0.010498046875
