0 0.6624755859375 0.6649169921875 0.025146484375 0.043212890625
0 0.5516357421875 0.68701171875 0.009521484375 0.013671875
0 0.532958984375 0.607421875 0.015625 0.021484375
0 0.093505859375 0.595458984375 0.01025390625 0.02587890625
0 0.718505859375 0.6505126953125 0.0078125 0.029052734375
0 0.5682373046875 0.6865234375 0.008544921875 0.015625
0 0.3494873046875 0.704345703125 0.012939453125 0.0185546875
0 0.453857421875 0.60498046875 0.01513671875 0.02099609375
0 0.11181640625 0.599853515625 0.01220703125 0.02490234375
0 0.5611572265625 0.640869140625 0.018798828125 0.005859375
0 0.5692138671875 0.69970703125 0.007080078125 0.01416015625
