0 0.428955078125 0.583251953125 0.0126953125 0.0048828125
0 0.1512451171875 0.5426025390625 0.041259765625 0.010498046875
0 0.5855712890625 0.401611328125 0.048583984375 0.02001953125
0 0.4649658203125 0.564208984375 0.007568359375 0.0068359375
0 0.3917236328125 0.5531005859375 0.036376953125 0.010009765625
0 0.0858154296875 0.6158447265625 0.007568359375 0.017822265625
0 0.7987060546875 0.4356689453125 0.062744140625 0.025634765625
0 0.8001708984375 0.4794921875 0.016357421875 0.06982421875
0 0.5133056640625 0.4837646484375 0.043212890625 0.054931640625
0 0.51416015625 0.5350341796875 0.03662109375 0.048583984375
0 0.452392578125 0.5667724609375 0.0185546875 0.025146484375
