0 0.609375 0.509033203125 0.01904296875 0.01171875
0 0.5491943359375 0.45849609375 0.086181640625 0.11572265625
0 0.6778564453125 0.518798828125 0.008056640625 0.00537109375
0 0.625244140625 0.501953125 0.00537109375 0.00830078125
0 0.8228759765625 0.5098876953125 0.003173828125 0.006103515625
0 0.5361328125 0.4539794921875 0.01025390625 0.014892578125
0 0.66845703125 0.518798828125 0.0078125 0.00634765625
0 0.632080078125 0.519287109375 0.0068359375 0.0048828125
0 0.6231689453125 0.51953125 0.006591796875 0.0048828125
0 0.6148681640625 0.5201416015625 0.007568359375 0.005126953125
0 0.6505126953125 0.519287109375 0.007080078125 0.00537109375
0 0.6595458984375 0.518798828125 0.007080078125 0.005859375
0 0.6414794921875 0.5194091796875 0.006591796875 0.005126953125
