0 0.1964111328125 0.4100341796875 0.040283203125 0.053466796875
0 0.160888671875 0.63134765625 0.05322265625 0.08056640625
0 0.9744873046875 0.4765625 0.012939453125 0.01513671875
0 0.9718017578125 0.4400634765625 0.016845703125 0.020751953125
0 0.4249267578125 0.503173828125 0.030029296875 0.0361328125
0 0.627685546875 0.50341796875 0.01611328125 0.01708984375
0 0.5474853515625 0.50537109375 0.019775390625 0.0205078125
0 0.1895751953125 0.513427734375 0.040283203125 0.14697265625
0 0.6973876953125 0.5010986328125 0.013427734375 0.013916015625
0 0.90576171875 0.4754638671875 0.0048828125 0.009521484375
0 0.90673828125 0.4871826171875 0.00537109375 0.010498046875
0 0.9732666015625 0.4599609375 0.013916015625 0.0166015625
