0 0.765625 0.300048828125 0.05029296875 0.06396484375
0 0.0809326171875 0.37890625 0.039306640625 0.04833984375
0 0.7642822265625 0.3526611328125 0.049560546875 0.031494140625
0 0.3323974609375 0.4739990234375 0.012451171875 0.016845703125
0 0.766357421875 0.20703125 0.0712890625 0.087890625
0 0.7652587890625 0.4156494140625 0.065185546875 0.084228515625
0 0.3125 0.48583984375 0.0107421875 0.0146484375
0 0.3089599609375 0.4241943359375 0.010498046875 0.013427734375
0 0.5252685546875 0.4873046875 0.013427734375 0.01806640625
0 0.554443359375 0.461669921875 0.0107421875 0.0146484375
0 0.9718017578125 0.43212890625 0.017333984375 0.0390625
0 0.3037109375 0.4700927734375 0.013671875 0.017822265625
0 0.96875 0.466552734375 0.01220703125 0.0283203125
0 0.55419921875 0.473388671875 0.01123046875 0.00732421875
0 0.4979248046875 0.501220703125 0.004150390625 0.005859375
0 0.0980224609375 0.4556884765625 0.012451171875 0.017333984375
0 0.5374755859375 0.4964599609375 0.007568359375 0.015380859375
0 0.8548583984375 0.3779296875 0.104736328125 0.04541015625
0 0.665771484375 0.419189453125 0.0068359375 0.05126953125
0 0.633056640625 0.48095703125 0.00390625 0.02392578125
