0 0.6248779296875 0.7149658203125 0.014404296875 0.017822265625
0 0.43505859375 0.7159423828125 0.01123046875 0.015380859375
0 0.485595703125 0.722412109375 0.005859375 0.00732421875
0 0.5877685546875 0.736083984375 0.004150390625 0.005859375
0 0.6248779296875 0.7303466796875 0.010498046875 0.014892578125
0 0.95458984375 0.78564453125 0.00341796875 0.00537109375
0 0.5445556640625 0.7310791015625 0.006103515625 0.009033203125
0 0.91552734375 0.7789306640625 0.00439453125 0.005615234375
0 0.50634765625 0.730224609375 0.00341796875 0.00341796875
0 0.479248046875 0.7276611328125 0.0068359375 0.004638671875
0 0.48876953125 0.7288818359375 0.00341796875 0.002197265625
0 0.538330078125 0.7322998046875 0.0029296875 0.003662109375
0 0.4964599609375 0.7294921875 0.003173828125 0.0029296875
0 0.5494384765625 0.7333984375 0.002685546875 0.0029296875
0 0.52685546875 0.73193359375 0.0029296875 0.0029296875
0 0.6617431640625 0.7447509765625 0.003662109375 0.003173828125
0 0.5618896484375 0.7344970703125 0.002685546875 0.003173828125
0 0.661376953125 0.7481689453125 0.00244140625 0.001708984375
0 0.9659423828125 0.78662109375 0.006103515625 0.00341796875
0 0.9346923828125 0.7830810546875 0.003173828125 0.004150390625
0 0.6243896484375 0.740966796875 0.009521484375 0.0068359375
0 0.57421875 0.7357177734375 0.0029296875 0.003173828125
0 0.915771484375 0.782958984375 0.00439453125 0.0029296875
0 0.982421875 0.7852783203125 0.0029296875 0.004150390625
0 0.5164794921875 0.7314453125 0.002685546875 0.0029296875
0 0.6959228515625 0.400634765625 0.170654296875 0.2080078125
0 0.525634765625 0.3919677734375 0.17724609375 0.214599609375
0 0.4014892578125 0.3804931640625 0.026611328125 0.040283203125
0 0.760009765625 0.740234375 0.0068359375 0.00927734375
0 0.7601318359375 0.734130859375 0.006591796875 0.00341796875
0 0.3402099609375 0.37841796875 0.185302734375 0.2216796875
0 0.44189453125 0.7220458984375 0.00341796875 0.006103515625
0 0.4610595703125 0.7296142578125 0.003173828125 0.003173828125
0 0.8021240234375 0.7657470703125 0.003173828125 0.006591796875
0 0.5294189453125 0.7437744140625 0.008544921875 0.012451171875
0 0.7493896484375 0.7381591796875 0.009033203125 0.011962890625
