0 0.6376953125 0.314697265625 0.10546875 0.08056640625
0 0.6259765625 0.2896728515625 0.01318359375 0.014892578125
0 0.4698486328125 0.5506591796875 0.007568359375 0.009521484375
0 0.61376953125 0.2906494140625 0.0126953125 0.014892578125
0 0.4688720703125 0.5394287109375 0.007568359375 0.011962890625
0 0.61962890625 0.305908203125 0.0166015625 0.015625
0 0.3218994140625 0.5711669921875 0.012939453125 0.009521484375
0 0.1514892578125 0.6011962890625 0.006103515625 0.007568359375
0 0.151123046875 0.5947265625 0.00439453125 0.00537109375
0 0.3671875 0.545166015625 0.00830078125 0.01123046875
0 0.815673828125 0.517822265625 0.00830078125 0.0107421875
0 0.75146484375 0.5213623046875 0.005859375 0.010986328125
0 0.7115478515625 0.53173828125 0.005126953125 0.009765625
0 0.7254638671875 0.5125732421875 0.004638671875 0.010986328125
0 0.6072998046875 0.525390625 0.007080078125 0.00390625
0 0.608642578125 0.53369140625 0.0078125 0.00390625
0 0.600341796875 0.53369140625 0.0078125 0.00341796875
0 0.60986328125 0.52978515625 0.0107421875 0.00390625
0 0.3997802734375 0.5572509765625 0.022705078125 0.032958984375
0 0.4007568359375 0.468505859375 0.031982421875 0.0390625
0 0.7437744140625 0.455078125 0.036376953125 0.03955078125
0 0.2005615234375 0.555419921875 0.007080078125 0.0087890625
0 0.4959716796875 0.343505859375 0.107177734375 0.0458984375
0 0.18994140625 0.5166015625 0.01123046875 0.01416015625
0 0.4676513671875 0.52001953125 0.008544921875 0.01171875
0 0.67236328125 0.538330078125 0.00537109375 0.015625
0 0.4007568359375 0.49951171875 0.019775390625 0.0263671875
0 0.5694580078125 0.541015625 0.007568359375 0.0126953125
0 0.4122314453125 0.559326171875 0.010009765625 0.015625
0 0.7432861328125 0.48779296875 0.022216796875 0.02685546875
0 0.6004638671875 0.5382080078125 0.010009765625 0.003662109375
0 0.4681396484375 0.530029296875 0.007568359375 0.0068359375
