0 0.599853515625 0.4930419921875 0.009765625 0.038818359375
0 0.5733642578125 0.5262451171875 0.012451171875 0.022216796875
0 0.2864990234375 0.4715576171875 0.015380859375 0.026611328125
0 0.5755615234375 0.47265625 0.013916015625 0.0263671875
0 0.9410400390625 0.48828125 0.014404296875 0.05029296875
0 0.5743408203125 0.5 0.016357421875 0.029296875
0 0.1090087890625 0.5006103515625 0.006103515625 0.019775390625
0 0.1922607421875 0.463623046875 0.006103515625 0.03076171875
0 0.1680908203125 0.44921875 0.004150390625 0.03662109375
0 0.50830078125 0.5352783203125 0.0107421875 0.019287109375
0 0.0732421875 0.488037109375 0.0068359375 0.009765625
0 0.34375 0.5123291015625 0.009765625 0.014892578125
0 0.073486328125 0.4656982421875 0.00537109375 0.028076171875
