0 0.6953125 0.531982421875 0.00537109375 0.0126953125
0 0.45458984375 0.5419921875 0.01025390625 0.01953125
0 0.7662353515625 0.40966796875 0.040771484375 0.07421875
0 0.7689208984375 0.45849609375 0.024169921875 0.02294921875
0 0.4549560546875 0.5584716796875 0.014892578125 0.063232421875
0 0.455078125 0.5665283203125 0.01806640625 0.110595703125
0 0.1937255859375 0.5067138671875 0.009521484375 0.061767578125
0 0.7635498046875 0.5003662109375 0.009521484375 0.032958984375
0 0.689208984375 0.5157470703125 0.009765625 0.023681640625
0 0.6954345703125 0.5517578125 0.002685546875 0.00830078125
0 0.69970703125 0.552490234375 0.00537109375 0.00537109375
0 0.902099609375 0.53369140625 0.017578125 0.01318359375
0 0.696044921875 0.5435791015625 0.0048828125 0.010498046875
0 0.052001953125 0.4202880859375 0.015625 0.027587890625
0 0.01806640625 0.445068359375 0.017578125 0.03271484375
