0 0.21875 0.5361328125 0.02001953125 0.01171875
0 0.206787109375 0.557861328125 0.01220703125 0.015625
0 0.527099609375 0.684814453125 0.0068359375 0.01220703125
0 0.77685546875 0.6505126953125 0.0107421875 0.032470703125
0 0.7135009765625 0.70361328125 0.005615234375 0.021484375
0 0.4827880859375 0.6905517578125 0.003173828125 0.004638671875
0 0.50830078125 0.6912841796875 0.00439453125 0.006103515625
0 0.45849609375 0.7081298828125 0.00537109375 0.007568359375
0 0.2705078125 0.67578125 0.0537109375 0.06396484375
0 0.837890625 0.6319580078125 0.05224609375 0.054443359375
0 0.1939697265625 0.6328125 0.028076171875 0.0302734375
0 0.4747314453125 0.6895751953125 0.002685546875 0.004150390625
0 0.4747314453125 0.6851806640625 0.002685546875 0.003662109375
0 0.409912109375 0.6702880859375 0.00341796875 0.011474609375
0 0.2283935546875 0.71337890625 0.011962890625 0.0078125
0 0.224853515625 0.6395263671875 0.06201171875 0.026611328125
0 0.226318359375 0.6138916015625 0.0615234375 0.019287109375
0 0.226318359375 0.5888671875 0.0625 0.0283203125
0 0.227294921875 0.5587158203125 0.06201171875 0.028076171875
0 0.1971435546875 0.61376953125 0.008056640625 0.01416015625
0 0.821533203125 0.638427734375 0.01025390625 0.02783203125
