0 0.6077880859375 0.6221923828125 0.013427734375 0.027099609375
0 0.6978759765625 0.63330078125 0.012939453125 0.0185546875
0 0.359619140625 0.60888671875 0.01318359375 0.00927734375
0 0.4425048828125 0.4622802734375 0.026611328125 0.023681640625
0 0.6251220703125 0.5621337890625 0.035400390625 0.058837890625
0 0.35400390625 0.6220703125 0.005859375 0.0107421875
0 0.6048583984375 0.63916015625 0.011962890625 0.0048828125
0 0.6038818359375 0.62890625 0.013427734375 0.01318359375
0 0.3642578125 0.6318359375 0.00244140625 0.0087890625
0 0.62060546875 0.62890625 0.005859375 0.01220703125
0 0.3648681640625 0.6226806640625 0.003173828125 0.009521484375
