0 0.8221435546875 0.6181640625 0.011474609375 0.01318359375
0 0.794677734375 0.61767578125 0.01123046875 0.0126953125
0 0.9439697265625 0.61083984375 0.036376953125 0.04296875
0 0.193603515625 0.5704345703125 0.03466796875 0.045654296875
0 0.8089599609375 0.6177978515625 0.010498046875 0.013427734375
0 0.73974609375 0.656494140625 0.00732421875 0.00830078125
0 0.8084716796875 0.629150390625 0.015869140625 0.0068359375
0 0.80859375 0.615478515625 0.04541015625 0.0380859375
0 0.7398681640625 0.6617431640625 0.005126953125 0.004150390625
0 0.72900390625 0.6578369140625 0.00341796875 0.005126953125
0 0.7286376953125 0.6529541015625 0.004150390625 0.004638671875
0 0.736572265625 0.65576171875 0.00390625 0.00537109375
