0 0.7152099609375 0.7452392578125 0.020263671875 0.027587890625
0 0.1455078125 0.808349609375 0.00927734375 0.01220703125
0 0.4632568359375 0.7403564453125 0.017822265625 0.032470703125
0 0.130859375 0.750244140625 0.03076171875 0.01171875
0 0.423095703125 0.7166748046875 0.0087890625 0.016357421875
0 0.92041015625 0.7591552734375 0.0087890625 0.016357421875
0 0.427978515625 0.78466796875 0.00439453125 0.01513671875
0 0.642578125 0.7667236328125 0.00634765625 0.028564453125
0 0.026611328125 0.7998046875 0.013671875 0.015625
0 0.4190673828125 0.7947998046875 0.009033203125 0.004150390625
0 0.4193115234375 0.7901611328125 0.010498046875 0.004150390625
0 0.42138671875 0.799072265625 0.0048828125 0.0048828125
0 0.92333984375 0.775634765625 0.00927734375 0.0166015625
0 0.13134765625 0.73388671875 0.02978515625 0.0107421875
