0 0.492431640625 0.4739990234375 0.0126953125 0.022705078125
0 0.51025390625 0.5340576171875 0.01025390625 0.010986328125
0 0.3597412109375 0.4580078125 0.012939453125 0.0234375
0 0.5108642578125 0.4671630859375 0.042236328125 0.048095703125
0 0.54833984375 0.4718017578125 0.03515625 0.045654296875
0 0.583251953125 0.4473876953125 0.0341796875 0.019775390625
0 0.58203125 0.4755859375 0.0341796875 0.04541015625
0 0.571533203125 0.443115234375 0.005859375 0.00537109375
0 0.49462890625 0.5384521484375 0.00439453125 0.008056640625
0 0.495361328125 0.5323486328125 0.009765625 0.010986328125
0 0.4820556640625 0.5303955078125 0.010009765625 0.010498046875
0 0.56103515625 0.531005859375 0.0048828125 0.00830078125
0 0.559326171875 0.537841796875 0.005859375 0.0068359375
0 0.6044921875 0.4781494140625 0.01513671875 0.042724609375
0 0.4949951171875 0.531005859375 0.003662109375 0.0048828125
0 0.4481201171875 0.5074462890625 0.016357421875 0.007568359375
