0 0.410888671875 0.421630859375 0.0126953125 0.015625
0 0.3780517578125 0.3310546875 0.039794921875 0.05224609375
0 0.1236572265625 0.1337890625 0.100341796875 0.1474609375
0 0.3472900390625 0.3822021484375 0.015869140625 0.026611328125
0 0.431640625 0.444580078125 0.0068359375 0.009765625
0 0.1160888671875 0.2318115234375 0.069580078125 0.056884765625
0 0.37451171875 0.3656005859375 0.02978515625 0.023193359375
0 0.40966796875 0.433837890625 0.00634765625 0.009765625
0 0.4852294921875 0.4173583984375 0.020751953125 0.011474609375
0 0.485107421875 0.4078369140625 0.02099609375 0.008544921875
0 0.486328125 0.3955078125 0.0205078125 0.0048828125
0 0.486083984375 0.40087890625 0.0205078125 0.005859375
