0 0.8350830078125 0.575439453125 0.058349609375 0.10595703125
0 0.0748291015625 0.4786376953125 0.072021484375 0.122802734375
0 0.5335693359375 0.6322021484375 0.004150390625 0.009033203125
0 0.56591796875 0.6353759765625 0.00634765625 0.014404296875
0 0.6678466796875 0.6453857421875 0.015380859375 0.033935546875
0 0.66796875 0.609619140625 0.0400390625 0.0673828125
0 0.668701171875 0.6097412109375 0.0361328125 0.052490234375
0 0.5452880859375 0.6365966796875 0.003173828125 0.022216796875
0 0.2286376953125 0.5689697265625 0.037353515625 0.054443359375
0 0.22802734375 0.599853515625 0.0166015625 0.03466796875
0 0.229248046875 0.563232421875 0.0400390625 0.0703125
0 0.39990234375 0.626953125 0.00341796875 0.01953125
0 0.5191650390625 0.5770263671875 0.014404296875 0.006591796875
