0 0.3682861328125 0.745361328125 0.008544921875 0.01513671875
0 0.267333984375 0.751220703125 0.0146484375 0.021484375
0 0.0084228515625 0.7769775390625 0.016845703125 0.026123046875
0 0.9462890625 0.6182861328125 0.07861328125 0.080810546875
0 0.3680419921875 0.7508544921875 0.013916015625 0.028076171875
0 0.010498046875 0.7864990234375 0.02099609375 0.047607421875
0 0.4552001953125 0.7171630859375 0.004638671875 0.013916015625
0 0.697021484375 0.66796875 0.00537109375 0.01904296875
0 0.697021484375 0.6300048828125 0.0048828125 0.054931640625
0 0.45556640625 0.7147216796875 0.0029296875 0.008544921875
