0 0.2667236328125 0.59375 0.023193359375 0.02880859375
0 0.2393798828125 0.6156005859375 0.022705078125 0.020263671875
0 0.2191162109375 0.5648193359375 0.024658203125 0.016357421875
0 0.217529296875 0.5882568359375 0.025390625 0.028076171875
0 0.177978515625 0.610107421875 0.04296875 0.0615234375
0 0.2684326171875 0.5706787109375 0.022705078125 0.014404296875
0 0.2421875 0.590576171875 0.0224609375 0.02880859375
0 0.2645263671875 0.6185302734375 0.020751953125 0.020751953125
0 0.063720703125 0.5836181640625 0.03564453125 0.031982421875
0 0.214599609375 0.6131591796875 0.021484375 0.020751953125
0 0.0616455078125 0.6048583984375 0.012451171875 0.012451171875
