0 0.031982421875 0.755615234375 0.00927734375 0.01220703125
0 0.118896484375 0.680908203125 0.02978515625 0.0380859375
0 0.55517578125 0.7109375 0.0185546875 0.01025390625
0 0.5408935546875 0.703125 0.009033203125 0.0126953125
0 0.477783203125 0.7574462890625 0.00537109375 0.009521484375
0 0.5723876953125 0.7498779296875 0.009521484375 0.020263671875
0 0.1136474609375 0.7257080078125 0.015380859375 0.009521484375
0 0.6005859375 0.7545166015625 0.00830078125 0.022216796875
0 0.513427734375 0.70263671875 0.00830078125 0.01318359375
0 0.67822265625 0.7513427734375 0.0087890625 0.011962890625
0 0.3831787109375 0.7581787109375 0.010009765625 0.017333984375
0 0.8431396484375 0.7479248046875 0.018798828125 0.010498046875
