0 0.7427978515625 0.506103515625 0.017333984375 0.0361328125
0 0.570556640625 0.33642578125 0.029296875 0.01318359375
0 0.6451416015625 0.344970703125 0.030029296875 0.01220703125
0 0.5172119140625 0.359130859375 0.025634765625 0.0126953125
0 0.5596923828125 0.4107666015625 0.053466796875 0.019775390625
0 0.5810546875 0.45751953125 0.0068359375 0.00390625
0 0.599609375 0.4923095703125 0.0048828125 0.004638671875
0 0.64404296875 0.4696044921875 0.0068359375 0.007080078125
0 0.693603515625 0.5272216796875 0.00244140625 0.006591796875
0 0.6607666015625 0.5272216796875 0.003173828125 0.007568359375
0 0.770751953125 0.536376953125 0.00634765625 0.0205078125
0 0.5782470703125 0.468505859375 0.012939453125 0.0185546875
0 0.6285400390625 0.3807373046875 0.063720703125 0.059326171875
0 0.5057373046875 0.3828125 0.049072265625 0.03564453125
0 0.559326171875 0.3720703125 0.0537109375 0.060546875
0 0.579833984375 0.48974609375 0.0146484375 0.021484375
0 0.61376953125 0.3663330078125 0.013671875 0.018310546875
0 0.5511474609375 0.3580322265625 0.013427734375 0.017822265625
