0 0.525146484375 0.5296630859375 0.01708984375 0.023681640625
0 0.317138671875 0.5914306640625 0.0048828125 0.010498046875
0 0.35205078125 0.589111328125 0.0068359375 0.009765625
0 0.40576171875 0.5811767578125 0.013671875 0.009033203125
0 0.4190673828125 0.569580078125 0.039306640625 0.01611328125
0 0.31787109375 0.5811767578125 0.009765625 0.011474609375
0 0.423828125 0.5386962890625 0.015625 0.019287109375
0 0.4049072265625 0.5916748046875 0.008544921875 0.011474609375
0 0.525390625 0.4989013671875 0.033203125 0.041259765625
0 0.3797607421875 0.591552734375 0.007080078125 0.009765625
0 0.408447265625 0.5692138671875 0.02490234375 0.016357421875
0 0.417724609375 0.58203125 0.0107421875 0.0068359375
