0 0.35498046875 0.5595703125 0.00439453125 0.00634765625
0 0.5361328125 0.5601806640625 0.01513671875 0.015380859375
0 0.7127685546875 0.5130615234375 0.009521484375 0.031494140625
0 0.042236328125 0.4937744140625 0.01904296875 0.030029296875
0 0.0618896484375 0.4993896484375 0.022705078125 0.028076171875
0 0.2391357421875 0.463134765625 0.039306640625 0.01220703125
0 0.449951171875 0.5770263671875 0.00341796875 0.004150390625
0 0.36376953125 0.5533447265625 0.00146484375 0.011474609375
0 0.7032470703125 0.5146484375 0.008544921875 0.02978515625
0 0.35498046875 0.564208984375 0.005859375 0.00390625
0 0.214599609375 0.494140625 0.0068359375 0.0068359375
0 0.2083740234375 0.4739990234375 0.012451171875 0.011474609375
0 0.2225341796875 0.4881591796875 0.012451171875 0.007080078125
