0 0.4361572265625 0.5819091796875 0.019775390625 0.029052734375
0 0.493408203125 0.591552734375 0.0087890625 0.01611328125
0 0.4287109375 0.6080322265625 0.00927734375 0.018310546875
0 0.4385986328125 0.595458984375 0.005615234375 0.00927734375
0 0.6929931640625 0.650634765625 0.006103515625 0.0087890625
0 0.68115234375 0.62841796875 0.00830078125 0.0048828125
0 0.418701171875 0.63134765625 0.0068359375 0.01904296875
0 0.693115234375 0.6800537109375 0.0107421875 0.013916015625
0 0.9447021484375 0.6866455078125 0.004638671875 0.009033203125
0 0.9300537109375 0.66748046875 0.003662109375 0.00927734375
