0 0.4400634765625 0.5740966796875 0.029052734375 0.023193359375
0 0.473876953125 0.6220703125 0.00439453125 0.0078125
0 0.51708984375 0.6246337890625 0.00732421875 0.007568359375
0 0.53369140625 0.6248779296875 0.0068359375 0.008056640625
0 0.9044189453125 0.5982666015625 0.032958984375 0.075439453125
0 0.4144287109375 0.6295166015625 0.009033203125 0.003662109375
0 0.3775634765625 0.62939453125 0.010986328125 0.00439453125
0 0.4400634765625 0.5697021484375 0.014404296875 0.007080078125
0 0.4501953125 0.5697021484375 0.005859375 0.007080078125
0 0.3779296875 0.625 0.01025390625 0.00439453125
