0 0.5848388671875 0.357421875 0.012939453125 0.017578125
0 0.405517578125 0.3380126953125 0.00830078125 0.005615234375
0 0.8875732421875 0.1827392578125 0.095458984375 0.064208984375
0 0.16943359375 0.3316650390625 0.0087890625 0.012451171875
0 0.1697998046875 0.34033203125 0.009521484375 0.005859375
0 0.584228515625 0.33642578125 0.0185546875 0.06787109375
0 0.8577880859375 0.306640625 0.018310546875 0.0234375
0 0.4046630859375 0.3291015625 0.007568359375 0.01171875
0 0.88818359375 0.2467041015625 0.09228515625 0.078369140625
0 0.425048828125 0.3740234375 0.0087890625 0.0087890625
0 0.548095703125 0.337646484375 0.0205078125 0.0087890625
0 0.688232421875 0.3111572265625 0.01611328125 0.052490234375
0 0.88818359375 0.304931640625 0.0927734375 0.048828125
0 0.216796875 0.364501953125 0.0107421875 0.01611328125
0 0.58447265625 0.326904296875 0.0146484375 0.01708984375
0 0.1981201171875 0.32421875 0.024169921875 0.044921875
