0 0.680419921875 0.585693359375 0.0078125 0.015625
0 0.3927001953125 0.612060546875 0.002197265625 0.00390625
0 0.4210205078125 0.6104736328125 0.003173828125 0.006591796875
0 0.4298095703125 0.6085205078125 0.003173828125 0.005615234375
0 0.376953125 0.607666015625 0.0029296875 0.00537109375
0 0.351806640625 0.60986328125 0.00244140625 0.0048828125
0 0.3388671875 0.610107421875 0.0029296875 0.0048828125
0 0.3096923828125 0.5908203125 0.006103515625 0.01123046875
0 0.3125 0.606201171875 0.00341796875 0.00634765625
0 0.3184814453125 0.6087646484375 0.003173828125 0.005615234375
0 0.4114990234375 0.606689453125 0.003662109375 0.005859375
0 0.421142578125 0.60400390625 0.00390625 0.00732421875
0 0.43994140625 0.574462890625 0.0078125 0.013671875
0 0.439697265625 0.58837890625 0.0078125 0.01416015625
0 0.367919921875 0.604736328125 0.00341796875 0.00634765625
0 0.377197265625 0.60107421875 0.00439453125 0.0068359375
0 0.3670654296875 0.61865234375 0.003662109375 0.005859375
0 0.4039306640625 0.61083984375 0.002197265625 0.00439453125
0 0.4107666015625 0.6116943359375 0.002685546875 0.004638671875
