0 0.3975830078125 0.4222412109375 0.011474609375 0.015380859375
0 0.9808349609375 0.3719482421875 0.032958984375 0.039794921875
0 0.5592041015625 0.418701171875 0.011962890625 0.015625
0 0.5589599609375 0.3958740234375 0.012939453125 0.013916015625
0 0.396484375 0.400146484375 0.01220703125 0.0146484375
0 0.9844970703125 0.3367919921875 0.030517578125 0.029052734375
0 0.5592041015625 0.406494140625 0.011962890625 0.0068359375
0 0.989013671875 0.388916015625 0.021484375 0.0263671875
0 0.668212890625 0.4307861328125 0.0185546875 0.046142578125
0 0.396728515625 0.4102783203125 0.01220703125 0.006591796875
