0 0.7598876953125 0.376220703125 0.017822265625 0.02392578125
0 0.8953857421875 0.4598388671875 0.017333984375 0.006103515625
0 0.8980712890625 0.4520263671875 0.007568359375 0.008056640625
0 0.3441162109375 0.4207763671875 0.017333984375 0.009033203125
0 0.498779296875 0.480224609375 0.00537109375 0.0078125
0 0.414306640625 0.400146484375 0.01708984375 0.0205078125
0 0.740234375 0.2056884765625 0.06982421875 0.070556640625
0 0.4132080078125 0.41796875 0.008544921875 0.0146484375
0 0.4989013671875 0.482177734375 0.006591796875 0.01416015625
0 0.7596435546875 0.3819580078125 0.025634765625 0.040771484375
