0 0.3570556640625 0.6456298828125 0.010986328125 0.013916015625
0 0.48974609375 0.5755615234375 0.009765625 0.013916015625
0 0.556640625 0.6434326171875 0.01904296875 0.025146484375
0 0.4049072265625 0.578125 0.010009765625 0.01220703125
0 0.5126953125 0.6500244140625 0.0078125 0.010498046875
0 0.4749755859375 0.61865234375 0.019775390625 0.0224609375
0 0.324951171875 0.6416015625 0.015625 0.01953125
0 0.4525146484375 0.6187744140625 0.019775390625 0.022705078125
0 0.488037109375 0.6444091796875 0.00732421875 0.005126953125
0 0.3250732421875 0.65576171875 0.015380859375 0.0078125
0 0.6085205078125 0.642333984375 0.014892578125 0.0244140625
