0 0.2425537109375 0.4998779296875 0.015380859375 0.018310546875
0 0.46923828125 0.502197265625 0.01416015625 0.0185546875
0 0.67333984375 0.4742431640625 0.01611328125 0.026123046875
0 0.90087890625 0.59716796875 0.0732421875 0.0654296875
0 0.622314453125 0.4652099609375 0.015625 0.029052734375
0 0.2415771484375 0.474609375 0.015380859375 0.02490234375
0 0.673828125 0.44580078125 0.01513671875 0.03173828125
0 0.7916259765625 0.36962890625 0.024169921875 0.064453125
0 0.7962646484375 0.293701171875 0.023681640625 0.08740234375
0 0.46875 0.4764404296875 0.0087890625 0.014892578125
0 0.622314453125 0.468994140625 0.02587890625 0.04736328125
0 0.5006103515625 0.5025634765625 0.008544921875 0.018798828125
0 0.24169921875 0.4716796875 0.01025390625 0.0166015625
0 0.4688720703125 0.478515625 0.013427734375 0.02392578125
0 0.5013427734375 0.5184326171875 0.009521484375 0.015380859375
0 0.897705078125 0.36328125 0.04248046875 0.01611328125
