0 0.6375732421875 0.71533203125 0.009521484375 0.01171875
0 0.740234375 0.687255859375 0.03271484375 0.033203125
0 0.6806640625 0.7369384765625 0.00439453125 0.005615234375
0 0.778076171875 0.72021484375 0.01953125 0.01318359375
0 0.9268798828125 0.7452392578125 0.004150390625 0.004638671875
0 0.6378173828125 0.7264404296875 0.003173828125 0.005126953125
0 0.63427734375 0.7210693359375 0.00634765625 0.008056640625
0 0.92578125 0.734619140625 0.00537109375 0.00390625
0 0.4764404296875 0.72607421875 0.005615234375 0.0078125
0 0.92626953125 0.73974609375 0.0048828125 0.00537109375
