0 0.478759765625 0.49072265625 0.0166015625 0.021484375
0 0.5166015625 0.510986328125 0.02001953125 0.01953125
0 0.5711669921875 0.51708984375 0.003662109375 0.001953125
0 0.4788818359375 0.50732421875 0.017333984375 0.00830078125
0 0.571533203125 0.5135498046875 0.00341796875 0.004150390625
0 0.5953369140625 0.5206298828125 0.003662109375 0.010986328125
0 0.5106201171875 0.503173828125 0.002685546875 0.00439453125
0 0.509765625 0.5169677734375 0.00634765625 0.006591796875
0 0.5157470703125 0.50341796875 0.004150390625 0.0048828125
0 0.5888671875 0.5294189453125 0.00244140625 0.003173828125
