0 0.2645263671875 0.5 0.009033203125 0.01025390625
0 0.25439453125 0.4989013671875 0.00439453125 0.009521484375
0 0.2237548828125 0.5198974609375 0.010498046875 0.027099609375
0 0.2645263671875 0.514892578125 0.004150390625 0.0087890625
0 0.2548828125 0.4842529296875 0.00439453125 0.008544921875
0 0.25439453125 0.513427734375 0.00439453125 0.0087890625
0 0.2650146484375 0.4849853515625 0.008544921875 0.010009765625
0 0.26416015625 0.5296630859375 0.00439453125 0.008056640625
0 0.2603759765625 0.5013427734375 0.022705078125 0.076904296875
0 0.25390625 0.5284423828125 0.00439453125 0.008544921875
