0 0.933349609375 0.1451416015625 0.0537109375 0.116943359375
0 0.95556640625 0.260009765625 0.05615234375 0.12939453125
0 0.234619140625 0.8121337890625 0.048828125 0.167236328125
0 0.202392578125 0.8438720703125 0.048828125 0.195068359375
0 0.5772705078125 0.610107421875 0.026611328125 0.0732421875
0 0.7552490234375 0.415771484375 0.023193359375 0.07177734375
0 0.3148193359375 0.7447509765625 0.024658203125 0.077392578125
0 0.085693359375 0.87158203125 0.03662109375 0.25341796875
0 0.7525634765625 0.3994140625 0.005615234375 0.021484375
0 0.33251953125 0.7169189453125 0.01171875 0.047607421875
