0 0.7017822265625 0.59228515625 0.010009765625 0.01318359375
0 0.9075927734375 0.5198974609375 0.035400390625 0.020263671875
0 0.771728515625 0.5823974609375 0.0107421875 0.014404296875
0 0.6790771484375 0.6107177734375 0.018798828125 0.010498046875
0 0.70166015625 0.60498046875 0.01171875 0.0107421875
0 0.90673828125 0.4957275390625 0.03515625 0.037841796875
0 0.9112548828125 0.5467529296875 0.033935546875 0.037353515625
0 0.7493896484375 0.59423828125 0.010009765625 0.0146484375
0 0.6851806640625 0.610107421875 0.006103515625 0.0087890625
0 0.547119140625 0.6160888671875 0.009765625 0.008544921875
