0 0.6307373046875 0.6497802734375 0.009033203125 0.011962890625
0 0.7115478515625 0.6422119140625 0.004150390625 0.014404296875
0 0.2734375 0.5667724609375 0.0400390625 0.015380859375
0 0.3912353515625 0.639892578125 0.007080078125 0.01171875
0 0.747314453125 0.636474609375 0.00439453125 0.015625
0 0.5560302734375 0.6484375 0.024169921875 0.01025390625
0 0.60009765625 0.6488037109375 0.00634765625 0.006591796875
0 0.600341796875 0.641845703125 0.0068359375 0.0068359375
0 0.726318359375 0.64013671875 0.00439453125 0.015625
0 0.0701904296875 0.560791015625 0.010009765625 0.01904296875
0 0.066650390625 0.5926513671875 0.01025390625 0.015380859375
0 0.0679931640625 0.577392578125 0.010009765625 0.01806640625
0 0.04443359375 0.6314697265625 0.01171875 0.006591796875
