0 0.68896484375 0.4547119140625 0.01318359375 0.024169921875
0 0.4481201171875 0.4326171875 0.005126953125 0.009765625
0 0.7669677734375 0.423583984375 0.004150390625 0.009765625
0 0.68798828125 0.474853515625 0.01318359375 0.01611328125
0 0.700439453125 0.4232177734375 0.00341796875 0.008544921875
0 0.589599609375 0.4388427734375 0.00341796875 0.009033203125
0 0.4716796875 0.44677734375 0.0068359375 0.013671875
0 0.415283203125 0.439697265625 0.005859375 0.0078125
0 0.7005615234375 0.4215087890625 0.003662109375 0.005126953125
0 0.76708984375 0.4212646484375 0.00439453125 0.005615234375
