0 0.68359375 0.5657958984375 0.01220703125 0.016357421875
0 0.4803466796875 0.5911865234375 0.012939453125 0.015869140625
0 0.906494140625 0.6669921875 0.08251953125 0.09033203125
0 0.415771484375 0.440673828125 0.060546875 0.0712890625
0 0.6895751953125 0.6607666015625 0.054443359375 0.086181640625
0 0.4801025390625 0.55322265625 0.020263671875 0.02001953125
0 0.7864990234375 0.6104736328125 0.006103515625 0.008544921875
0 0.7786865234375 0.6109619140625 0.005126953125 0.009521484375
0 0.47998046875 0.609619140625 0.01123046875 0.02099609375
0 0.8009033203125 0.665283203125 0.065673828125 0.048828125
0 0.9935302734375 0.673095703125 0.012451171875 0.048828125
