0 0.5758056640625 0.6312255859375 0.013916015625 0.006591796875
0 0.510498046875 0.6221923828125 0.00634765625 0.011474609375
0 0.6580810546875 0.656494140625 0.020263671875 0.0234375
0 0.4771728515625 0.6934814453125 0.002685546875 0.006591796875
0 0.905029296875 0.574462890625 0.0263671875 0.046875
0 0.6676025390625 0.7049560546875 0.003662109375 0.006591796875
0 0.5374755859375 0.694091796875 0.002685546875 0.00537109375
0 0.5418701171875 0.6885986328125 0.003662109375 0.009033203125
0 0.71142578125 0.596923828125 0.00439453125 0.01513671875
0 0.5145263671875 0.69384765625 0.002197265625 0.00537109375
