0 0.05810546875 0.609375 0.00830078125 0.0185546875
0 0.0509033203125 0.4371337890625 0.007080078125 0.021240234375
0 0.0067138671875 0.4481201171875 0.007568359375 0.021240234375
0 0.033935546875 0.6973876953125 0.0107421875 0.019287109375
0 0.8292236328125 0.5423583984375 0.034423828125 0.073974609375
0 0.0345458984375 0.60986328125 0.009521484375 0.01416015625
0 0.1014404296875 0.7080078125 0.007568359375 0.0166015625
0 0.84814453125 0.588134765625 0.0087890625 0.01123046875
0 0.0792236328125 0.6103515625 0.008544921875 0.0146484375
0 0.0234375 0.66015625 0.01025390625 0.02001953125
0 0.05517578125 0.651611328125 0.00927734375 0.01806640625
0 0.0792236328125 0.6663818359375 0.010009765625 0.015380859375
0 0.1004638671875 0.6407470703125 0.008544921875 0.016845703125
0 0.1180419921875 0.618896484375 0.009033203125 0.0166015625
0 0.119384765625 0.6761474609375 0.0078125 0.014404296875
0 0.07763671875 0.7308349609375 0.01123046875 0.020263671875
0 0.056884765625 0.696044921875 0.0107421875 0.0205078125
0 0.828125 0.522705078125 0.015625 0.02490234375
0 0.1177978515625 0.7371826171875 0.007568359375 0.016357421875
