0 0.458251953125 0.6368408203125 0.0146484375 0.013427734375
0 0.7392578125 0.568603515625 0.02294921875 0.0107421875
0 0.3831787109375 0.6173095703125 0.026611328125 0.008056640625
0 0.272216796875 0.667236328125 0.00439453125 0.0107421875
0 0.40380859375 0.6705322265625 0.00537109375 0.009521484375
0 0.4576416015625 0.61962890625 0.018310546875 0.02197265625
0 0.5079345703125 0.601318359375 0.022705078125 0.025390625
0 0.509033203125 0.6234130859375 0.017578125 0.011474609375
0 0.4111328125 0.67041015625 0.00537109375 0.00634765625
0 0.739501953125 0.5775146484375 0.015625 0.008056640625
0 0.5408935546875 0.600341796875 0.031494140625 0.021484375
0 0.545654296875 0.5540771484375 0.005859375 0.013916015625
0 0.7427978515625 0.6046142578125 0.006591796875 0.038818359375
