0 0.3753662109375 0.406982421875 0.014404296875 0.025390625
0 0.3759765625 0.4727783203125 0.013671875 0.025146484375
0 0.3756103515625 0.4324951171875 0.013427734375 0.025146484375
0 0.12255859375 0.4931640625 0.01025390625 0.01220703125
0 0.31005859375 0.47021484375 0.0185546875 0.02734375
0 0.376220703125 0.498046875 0.01416015625 0.025390625
0 0.1221923828125 0.5035400390625 0.008544921875 0.008544921875
0 0.3095703125 0.488037109375 0.01904296875 0.00830078125
0 0.3758544921875 0.4525146484375 0.008056640625 0.014892578125
0 0.9263916015625 0.4830322265625 0.003662109375 0.019287109375
0 0.3096923828125 0.45263671875 0.018310546875 0.00927734375
