0 0.8656005859375 0.4161376953125 0.008544921875 0.008056640625
0 0.86962890625 0.4110107421875 0.01806640625 0.020263671875
0 0.85205078125 0.4171142578125 0.0166015625 0.009521484375
0 0.5615234375 0.505615234375 0.01708984375 0.02294921875
0 0.933349609375 0.4229736328125 0.009765625 0.018798828125
0 0.9337158203125 0.419921875 0.008544921875 0.009765625
0 0.7532958984375 0.4378662109375 0.007568359375 0.009521484375
0 0.7532958984375 0.4403076171875 0.009033203125 0.019287109375
0 0.5594482421875 0.4107666015625 0.025634765625 0.030029296875
0 0.20751953125 0.4571533203125 0.02099609375 0.027587890625
