0 0.2333984375 0.5733642578125 0.00390625 0.005615234375
0 0.45166015625 0.569580078125 0.00830078125 0.017578125
0 0.84033203125 0.565673828125 0.0302734375 0.046875
0 0.841552734375 0.5223388671875 0.03076171875 0.047119140625
0 0.36962890625 0.5819091796875 0.00244140625 0.005126953125
0 0.302001953125 0.58349609375 0.001953125 0.00244140625
0 0.39892578125 0.574951171875 0.00341796875 0.0048828125
0 0.34814453125 0.5850830078125 0.00146484375 0.002197265625
0 0.3988037109375 0.5771484375 0.004150390625 0.0087890625
0 0.233642578125 0.5780029296875 0.0048828125 0.015380859375
