0 0.829345703125 0.3201904296875 0.0712890625 0.106689453125
0 0.041015625 0.5303955078125 0.01806640625 0.039794921875
0 0.0404052734375 0.59033203125 0.011474609375 0.02783203125
0 0.969970703125 0.5609130859375 0.01025390625 0.036376953125
0 0.826904296875 0.2061767578125 0.060546875 0.120361328125
0 0.5811767578125 0.538818359375 0.012451171875 0.02783203125
0 0.2010498046875 0.5755615234375 0.012939453125 0.019775390625
0 0.0113525390625 0.1495361328125 0.022705078125 0.046142578125
0 0.5228271484375 0.55322265625 0.012451171875 0.0224609375
0 0.2982177734375 0.5306396484375 0.020263671875 0.012451171875
0 0.580810546875 0.5111083984375 0.00537109375 0.010986328125
0 0.8297119140625 0.4124755859375 0.032958984375 0.068115234375
0 0.52197265625 0.56884765625 0.0126953125 0.00830078125
0 0.0345458984375 0.467041015625 0.019775390625 0.01171875
0 0.2989501953125 0.5433349609375 0.020751953125 0.011962890625
0 0.0087890625 0.4627685546875 0.017578125 0.184326171875
