0 0.770751953125 0.3438720703125 0.013671875 0.032470703125
0 0.632080078125 0.3543701171875 0.0087890625 0.012939453125
0 0.5386962890625 0.386962890625 0.009033203125 0.0166015625
0 0.5699462890625 0.3695068359375 0.017822265625 0.005126953125
0 0.5269775390625 0.3939208984375 0.006103515625 0.009521484375
0 0.4534912109375 0.384765625 0.007080078125 0.01171875
0 0.6395263671875 0.3743896484375 0.010986328125 0.011474609375
0 0.6317138671875 0.3543701171875 0.013916015625 0.025146484375
0 0.5244140625 0.3992919921875 0.00390625 0.005615234375
0 0.5240478515625 0.393798828125 0.003662109375 0.005859375
