0 0.10009765625 0.61572265625 0.10498046875 0.0498046875
0 0.7635498046875 0.57958984375 0.003662109375 0.00634765625
0 0.749755859375 0.539306640625 0.03173828125 0.02490234375
0 0.07666015625 0.606201171875 0.01708984375 0.017578125
0 0.2025146484375 0.586669921875 0.013916015625 0.015625
0 0.7030029296875 0.5960693359375 0.003662109375 0.008544921875
0 0.653564453125 0.5863037109375 0.00830078125 0.010986328125
0 0.7122802734375 0.5382080078125 0.010009765625 0.011474609375
0 0.1356201171875 0.5975341796875 0.038818359375 0.067138671875
0 0.744384765625 0.5926513671875 0.009765625 0.020263671875
0 0.7125244140625 0.5433349609375 0.031005859375 0.027587890625
0 0.561279296875 0.584228515625 0.015625 0.0107421875
0 0.4915771484375 0.605712890625 0.009521484375 0.01611328125
0 0.5941162109375 0.580810546875 0.031005859375 0.0126953125
0 0.77685546875 0.5372314453125 0.02392578125 0.027587890625
0 0.2032470703125 0.603759765625 0.072998046875 0.05908203125
0 0.700439453125 0.5858154296875 0.0048828125 0.011474609375
