0 0.301513671875 0.697021484375 0.0234375 0.0166015625
0 0.3265380859375 0.6971435546875 0.019287109375 0.016357421875
0 0.485107421875 0.665283203125 0.02783203125 0.0146484375
0 0.810302734375 0.6575927734375 0.00732421875 0.007080078125
0 0.8121337890625 0.6434326171875 0.020263671875 0.004638671875
0 0.81884765625 0.67578125 0.015625 0.015625
0 0.759521484375 0.6654052734375 0.01806640625 0.006591796875
0 0.269287109375 0.69677734375 0.00390625 0.0126953125
0 0.2686767578125 0.7098388671875 0.003662109375 0.012939453125
0 0.143798828125 0.500732421875 0.02978515625 0.0390625
0 0.2069091796875 0.76513671875 0.074462890625 0.107421875
0 0.3712158203125 0.5545654296875 0.016357421875 0.025634765625
