0 0.510009765625 0.5767822265625 0.00341796875 0.004638671875
0 0.3670654296875 0.549560546875 0.009033203125 0.0126953125
0 0.401611328125 0.551513671875 0.0126953125 0.01513671875
0 0.50927734375 0.56640625 0.00390625 0.0048828125
0 0.5093994140625 0.5718994140625 0.004150390625 0.005126953125
0 0.5244140625 0.565185546875 0.0048828125 0.00634765625
0 0.52880859375 0.558349609375 0.00537109375 0.00732421875
0 0.3671875 0.5340576171875 0.013671875 0.016845703125
0 0.5377197265625 0.55712890625 0.005615234375 0.00732421875
0 0.5595703125 0.578857421875 0.0029296875 0.00341796875
0 0.6116943359375 0.4898681640625 0.017333984375 0.021240234375
0 0.6116943359375 0.50830078125 0.013916015625 0.017578125
0 0.61279296875 0.523681640625 0.01025390625 0.01416015625
0 0.973388671875 0.287841796875 0.052734375 0.10009765625
0 0.974609375 0.3841552734375 0.05029296875 0.092041015625
0 0.5374755859375 0.5643310546875 0.005126953125 0.007080078125
0 0.0181884765625 0.5606689453125 0.003662109375 0.009521484375
0 0.36767578125 0.514892578125 0.01708984375 0.02099609375
0 0.4588623046875 0.564453125 0.005126953125 0.00634765625
0 0.5245361328125 0.55908203125 0.005126953125 0.00634765625
0 0.0859375 0.5625 0.0087890625 0.00341796875
0 0.0853271484375 0.5675048828125 0.005126953125 0.003662109375
0 0.2694091796875 0.54248046875 0.011962890625 0.0068359375
0 0.38818359375 0.55029296875 0.0078125 0.00537109375
0 0.5654296875 0.5670166015625 0.00537109375 0.004150390625
0 0.372314453125 0.5792236328125 0.0048828125 0.005615234375
0 0.5941162109375 0.5302734375 0.002197265625 0.0078125
0 0.788818359375 0.4320068359375 0.0830078125 0.083740234375
0 0.060791015625 0.5543212890625 0.00390625 0.008056640625
0 0.06103515625 0.5615234375 0.00244140625 0.0078125
0 0.08154296875 0.5693359375 0.00244140625 0.01025390625
0 0.2921142578125 0.5628662109375 0.009033203125 0.011962890625
0 0.4586181640625 0.557373046875 0.006103515625 0.00830078125
0 0.6029052734375 0.53173828125 0.015380859375 0.00732421875
0 0.0181884765625 0.5692138671875 0.003662109375 0.007080078125
