0 0.2386474609375 0.6365966796875 0.018310546875 0.024169921875
0 0.5435791015625 0.623779296875 0.016845703125 0.02197265625
0 0.01513671875 0.6207275390625 0.0205078125 0.031005859375
0 0.4595947265625 0.64404296875 0.011962890625 0.0185546875
0 0.189453125 0.6708984375 0.00927734375 0.01220703125
0 0.301513671875 0.6649169921875 0.00927734375 0.010986328125
0 0.3746337890625 0.65185546875 0.016845703125 0.0068359375
0 0.3848876953125 0.66650390625 0.006591796875 0.01171875
0 0.68798828125 0.6513671875 0.0048828125 0.00927734375
0 0.3681640625 0.6591796875 0.0048828125 0.01171875
0 0.375 0.65869140625 0.01806640625 0.00634765625
