0 0.66162109375 0.4815673828125 0.00927734375 0.014404296875
0 0.673828125 0.4652099609375 0.0107421875 0.013916015625
0 0.6510009765625 0.4632568359375 0.006103515625 0.010986328125
0 0.6474609375 0.4127197265625 0.0224609375 0.008056640625
0 0.675048828125 0.4156494140625 0.01416015625 0.014404296875
0 0.664306640625 0.4451904296875 0.01416015625 0.010498046875
0 0.6280517578125 0.41162109375 0.008544921875 0.00732421875
0 0.6746826171875 0.427001953125 0.014404296875 0.00732421875
0 0.6744384765625 0.43212890625 0.013916015625 0.00439453125
0 0.6737060546875 0.4765625 0.010986328125 0.0068359375
0 0.6278076171875 0.419189453125 0.006591796875 0.005859375
0 0.673095703125 0.490234375 0.00537109375 0.01806640625
