0 0.4532470703125 0.57470703125 0.008544921875 0.01171875
0 0.3470458984375 0.58203125 0.007568359375 0.00830078125
0 0.5533447265625 0.5064697265625 0.020751953125 0.027099609375
0 0.3553466796875 0.58349609375 0.006103515625 0.0078125
0 0.35595703125 0.5721435546875 0.005859375 0.007568359375
0 0.504150390625 0.5946044921875 0.0078125 0.010498046875
0 0.40625 0.593017578125 0.00634765625 0.0087890625
0 0.3470458984375 0.587158203125 0.003662109375 0.00390625
0 0.5538330078125 0.5244140625 0.012939453125 0.01025390625
0 0.5535888671875 0.54296875 0.020751953125 0.02734375
0 0.5538330078125 0.5614013671875 0.013427734375 0.010009765625
0 0.376220703125 0.5888671875 0.0068359375 0.01171875
0 0.3544921875 0.5892333984375 0.0048828125 0.003662109375
0 0.3935546875 0.5909423828125 0.01416015625 0.011962890625
0 0.3544921875 0.5943603515625 0.00439453125 0.004638671875
0 0.5538330078125 0.5714111328125 0.013916015625 0.009521484375
