0 0.03515625 0.5364990234375 0.0205078125 0.025634765625
0 0.452392578125 0.431396484375 0.07275390625 0.01904296875
0 0.8990478515625 0.5260009765625 0.019775390625 0.056396484375
0 0.583740234375 0.5498046875 0.0146484375 0.01318359375
0 0.773681640625 0.429443359375 0.05859375 0.07421875
0 0.8179931640625 0.485595703125 0.034912109375 0.02734375
0 0.8660888671875 0.48193359375 0.037841796875 0.021484375
0 0.5537109375 0.475830078125 0.05859375 0.03173828125
0 0.074951171875 0.546875 0.0224609375 0.015625
0 0.5538330078125 0.5283203125 0.015869140625 0.03369140625
0 0.6016845703125 0.5494384765625 0.015380859375 0.012451171875
