0 0.61474609375 0.3758544921875 0.01904296875 0.023193359375
0 0.6158447265625 0.2686767578125 0.030029296875 0.055908203125
0 0.0478515625 0.3421630859375 0.02294921875 0.035888671875
0 0.614990234375 0.34716796875 0.01806640625 0.03369140625
0 0.14404296875 0.4013671875 0.01171875 0.0361328125
0 0.0447998046875 0.3052978515625 0.023681640625 0.037353515625
0 0.0472412109375 0.3746337890625 0.024169921875 0.030029296875
0 0.521484375 0.3701171875 0.03125 0.01171875
0 0.61572265625 0.313232421875 0.01416015625 0.0322265625
0 0.043701171875 0.2762451171875 0.021484375 0.018310546875
