0 0.4508056640625 0.7083740234375 0.013916015625 0.007568359375
0 0.4952392578125 0.705078125 0.019775390625 0.01904296875
0 0.411865234375 0.7437744140625 0.00244140625 0.008056640625
0 0.3154296875 0.7142333984375 0.02685546875 0.010986328125
0 0.3336181640625 0.6856689453125 0.045166015625 0.050048828125
0 0.664794921875 0.6502685546875 0.0595703125 0.076904296875
0 0.39794921875 0.685791015625 0.0068359375 0.009765625
0 0.4158935546875 0.6868896484375 0.006591796875 0.010986328125
0 0.433349609375 0.6871337890625 0.00634765625 0.010498046875
0 0.3494873046875 0.7149658203125 0.021728515625 0.028076171875
0 0.3731689453125 0.7269287109375 0.008056640625 0.011962890625
0 0.3858642578125 0.724853515625 0.011962890625 0.01513671875
0 0.1492919921875 0.718994140625 0.010498046875 0.0166015625
