0 0.5125732421875 0.7486572265625 0.010009765625 0.011474609375
0 0.5045166015625 0.743896484375 0.003662109375 0.00830078125
0 0.406005859375 0.761474609375 0.00732421875 0.04345703125
0 0.44873046875 0.7020263671875 0.01806640625 0.035888671875
0 0.48046875 0.75390625 0.0029296875 0.01953125
0 0.5157470703125 0.7513427734375 0.001220703125 0.007568359375
0 0.60302734375 0.7510986328125 0.00146484375 0.007568359375
0 0.524169921875 0.7130126953125 0.001953125 0.005126953125
0 0.739990234375 0.75830078125 0.0048828125 0.02587890625
0 0.5203857421875 0.7244873046875 0.005615234375 0.004638671875
0 0.5067138671875 0.7364501953125 0.004150390625 0.004150390625
0 0.4486083984375 0.724365234375 0.017822265625 0.009765625
