0 0.7628173828125 0.5985107421875 0.020263671875 0.033935546875
0 0.648193359375 0.59521484375 0.0078125 0.02294921875
0 0.6746826171875 0.605224609375 0.006103515625 0.01123046875
0 0.552490234375 0.5909423828125 0.00927734375 0.023193359375
0 0.5419921875 0.609130859375 0.00439453125 0.00537109375
0 0.5992431640625 0.582763671875 0.001708984375 0.00390625
0 0.6136474609375 0.5972900390625 0.001708984375 0.003173828125
0 0.6063232421875 0.588134765625 0.001708984375 0.00341796875
0 0.588623046875 0.578857421875 0.001953125 0.00341796875
0 0.6119384765625 0.5926513671875 0.002197265625 0.004150390625
