0 0.8984375 0.331787109375 0.01513671875 0.01708984375
0 0.8975830078125 0.354736328125 0.013916015625 0.0166015625
0 0.7769775390625 0.26416015625 0.057861328125 0.04833984375
0 0.6129150390625 0.3729248046875 0.004638671875 0.007080078125
0 0.9456787109375 0.269287109375 0.023193359375 0.05078125
0 0.8409423828125 0.265380859375 0.060791015625 0.0478515625
0 0.9002685546875 0.344482421875 0.022705078125 0.05859375
0 0.683837890625 0.368408203125 0.00537109375 0.01953125
0 0.68359375 0.36767578125 0.00341796875 0.0048828125
0 0.683837890625 0.3629150390625 0.00439453125 0.004638671875
0 0.68359375 0.3731689453125 0.00390625 0.006103515625
0 0.8951416015625 0.3980712890625 0.017333984375 0.017822265625
0 0.8409423828125 0.265380859375 0.060791015625 0.0478515625
0 0.68359375 0.36767578125 0.00341796875 0.0048828125
0 0.683837890625 0.3629150390625 0.00439453125 0.004638671875
0 0.683837890625 0.3629150390625 0.00439453125 0.004638671875
0 0.68359375 0.36767578125 0.00341796875 0.0048828125
0 0.683837890625 0.3629150390625 0.00439453125 0.004638671875
0 0.68359375 0.36767578125 0.00341796875 0.0048828125
0 0.8951416015625 0.3980712890625 0.017333984375 0.017822265625
