0 0.42724609375 0.3519287109375 0.0537109375 0.031005859375
0 0.500244140625 0.4293212890625 0.19873046875 0.084716796875
0 0.58544921875 0.5006103515625 0.0615234375 0.028564453125
0 0.441650390625 0.6651611328125 0.0087890625 0.007080078125
0 0.6917724609375 0.53759765625 0.024658203125 0.0244140625
0 0.1185302734375 0.66796875 0.008544921875 0.01123046875
0 0.5960693359375 0.676025390625 0.008056640625 0.01513671875
0 0.537353515625 0.6585693359375 0.01171875 0.022216796875
0 0.5367431640625 0.677978515625 0.010009765625 0.01953125
0 0.4420166015625 0.654541015625 0.007568359375 0.01318359375
0 0.43603515625 0.456298828125 0.013671875 0.01708984375
0 0.5653076171875 0.4490966796875 0.012939453125 0.018310546875
0 0.47802734375 0.4100341796875 0.015625 0.017333984375
