0 0.432861328125 0.5850830078125 0.0078125 0.025146484375
0 0.432861328125 0.608642578125 0.0078125 0.0205078125
0 0.4334716796875 0.5618896484375 0.007568359375 0.022216796875
0 0.34033203125 0.544677734375 0.0068359375 0.01708984375
0 0.4332275390625 0.5806884765625 0.006103515625 0.012451171875
0 0.433349609375 0.5621337890625 0.005859375 0.012939453125
0 0.3402099609375 0.54248046875 0.005126953125 0.01123046875
0 0.514892578125 0.580078125 0.0078125 0.0234375
0 0.7843017578125 0.6397705078125 0.005615234375 0.013427734375
0 0.5152587890625 0.57666015625 0.006103515625 0.013671875
0 0.7838134765625 0.650146484375 0.004638671875 0.00634765625
