0 0.7247314453125 0.50048828125 0.021240234375 0.0263671875
0 0.273681640625 0.4830322265625 0.0078125 0.010986328125
0 0.2125244140625 0.4759521484375 0.006103515625 0.012939453125
0 0.7254638671875 0.473388671875 0.022705078125 0.0302734375
0 0.5904541015625 0.5045166015625 0.006591796875 0.011962890625
0 0.541259765625 0.5029296875 0.00341796875 0.00390625
0 0.5413818359375 0.4998779296875 0.003662109375 0.002197265625
0 0.212158203125 0.467529296875 0.0068359375 0.00439453125
0 0.21923828125 0.470947265625 0.00390625 0.0048828125
0 0.218994140625 0.4852294921875 0.00341796875 0.009033203125
0 0.3463134765625 0.4735107421875 0.005615234375 0.006103515625
0 0.2193603515625 0.4771728515625 0.004150390625 0.007080078125
