0 0.4141845703125 0.50537109375 0.026611328125 0.03466796875
0 0.5242919921875 0.5870361328125 0.023193359375 0.026611328125
0 0.3419189453125 0.4813232421875 0.019775390625 0.066162109375
0 0.65869140625 0.5850830078125 0.0048828125 0.005615234375
0 0.41357421875 0.517333984375 0.0400390625 0.07275390625
0 0.593505859375 0.6041259765625 0.00830078125 0.007568359375
0 0.59326171875 0.594970703125 0.01025390625 0.01123046875
0 0.658447265625 0.5887451171875 0.00341796875 0.003173828125
0 0.6939697265625 0.59423828125 0.003173828125 0.00537109375
0 0.702392578125 0.5950927734375 0.00341796875 0.005126953125
0 0.5836181640625 0.921630859375 0.010009765625 0.009765625
