0 0.5400390625 0.44580078125 0.0107421875 0.01904296875
0 0.6090087890625 0.4228515625 0.027099609375 0.03564453125
0 0.5399169921875 0.481201171875 0.010498046875 0.005859375
0 0.9100341796875 0.3304443359375 0.037841796875 0.063720703125
0 0.693359375 0.440673828125 0.02099609375 0.00927734375
0 0.5401611328125 0.4674072265625 0.018798828125 0.022705078125
0 0.491455078125 0.46142578125 0.00634765625 0.0107421875
0 0.132568359375 0.4246826171875 0.01220703125 0.005126953125
0 0.08251953125 0.4620361328125 0.0048828125 0.015869140625
0 0.48291015625 0.473876953125 0.00830078125 0.0048828125
0 0.60888671875 0.4150390625 0.01220703125 0.01416015625
0 0.4359130859375 0.473876953125 0.003662109375 0.005859375
0 0.134521484375 0.43310546875 0.0087890625 0.00830078125
0 0.5399169921875 0.4383544921875 0.010498046875 0.004638671875
