0 0.31640625 0.5880126953125 0.00439453125 0.005615234375
0 0.4130859375 0.58251953125 0.00146484375 0.01123046875
0 0.0836181640625 0.5587158203125 0.014892578125 0.019287109375
0 0.0634765625 0.461181640625 0.04150390625 0.046875
0 0.3931884765625 0.5836181640625 0.005615234375 0.007568359375
0 0.4202880859375 0.5740966796875 0.009521484375 0.012939453125
0 0.5009765625 0.556640625 0.0048828125 0.021484375
0 0.5152587890625 0.4730224609375 0.034423828125 0.066650390625
0 0.34814453125 0.58740234375 0.001953125 0.00537109375
0 0.1640625 0.5830078125 0.01611328125 0.02197265625
0 0.8228759765625 0.448486328125 0.015869140625 0.02099609375
