0 0.58251953125 0.440673828125 0.05615234375 0.05419921875
0 0.409423828125 0.4671630859375 0.0078125 0.012451171875
0 0.4176025390625 0.467529296875 0.007568359375 0.01171875
0 0.4273681640625 0.473388671875 0.004150390625 0.00732421875
0 0.3580322265625 0.471923828125 0.003173828125 0.005859375
0 0.456787109375 0.4652099609375 0.0029296875 0.004150390625
0 0.45703125 0.4708251953125 0.00341796875 0.003662109375
0 0.45263671875 0.4652099609375 0.00341796875 0.003662109375
0 0.4488525390625 0.465087890625 0.003662109375 0.0048828125
0 0.448974609375 0.4715576171875 0.00390625 0.005126953125
0 0.4193115234375 0.4608154296875 0.004150390625 0.002197265625
0 0.453125 0.4710693359375 0.00390625 0.005126953125
0 0.4273681640625 0.4774169921875 0.002685546875 0.002197265625
