0 0.4786376953125 0.4051513671875 0.016357421875 0.028564453125
0 0.7940673828125 0.28515625 0.047119140625 0.041015625
0 0.622802734375 0.385986328125 0.01708984375 0.0234375
0 0.47802734375 0.4051513671875 0.0107421875 0.013916015625
0 0.045654296875 0.3426513671875 0.009765625 0.021240234375
0 0.4171142578125 0.4307861328125 0.005615234375 0.008544921875
0 0.79296875 0.375 0.0458984375 0.02587890625
0 0.1270751953125 0.2554931640625 0.008544921875 0.043701171875
0 0.1248779296875 0.28662109375 0.006591796875 0.017578125
0 0.0452880859375 0.3572998046875 0.007568359375 0.007568359375
0 0.7943115234375 0.3311767578125 0.044677734375 0.031494140625
0 0.5628662109375 0.427001953125 0.006591796875 0.01806640625
0 0.7938232421875 0.3536376953125 0.045654296875 0.029541015625
0 0.7945556640625 0.3104248046875 0.045166015625 0.031982421875
