0 0.8001708984375 0.3260498046875 0.005615234375 0.017822265625
0 0.3228759765625 0.3214111328125 0.009033203125 0.007080078125
0 0.3154296875 0.321044921875 0.0078125 0.009765625
0 0.433837890625 0.296630859375 0.013671875 0.0234375
0 0.233642578125 0.3245849609375 0.009765625 0.003662109375
0 0.596923828125 0.3089599609375 0.0068359375 0.012451171875
0 0.4527587890625 0.3193359375 0.006591796875 0.01220703125
0 0.2884521484375 0.3360595703125 0.004638671875 0.010009765625
0 0.43408203125 0.331298828125 0.0068359375 0.01416015625
0 0.42578125 0.3258056640625 0.017578125 0.024658203125
0 0.7430419921875 0.3116455078125 0.008056640625 0.018798828125
0 0.0927734375 0.3095703125 0.009765625 0.0107421875
0 0.265380859375 0.29931640625 0.01171875 0.00390625
0 0.322998046875 0.331298828125 0.009765625 0.01171875
0 0.4853515625 0.2020263671875 0.0166015625 0.024169921875
0 0.0531005859375 0.3212890625 0.014404296875 0.01806640625
0 0.320068359375 0.27001953125 0.02392578125 0.009765625
0 0.5953369140625 0.304931640625 0.002685546875 0.00439453125
0 0.1102294921875 0.323974609375 0.005615234375 0.01318359375
