0 0.5013427734375 0.4246826171875 0.017822265625 0.033935546875
0 0.518798828125 0.4813232421875 0.005859375 0.016845703125
0 0.5028076171875 0.4964599609375 0.008544921875 0.024169921875
0 0.45068359375 0.4344482421875 0.0244140625 0.095458984375
0 0.4505615234375 0.41845703125 0.021728515625 0.04541015625
0 0.552001953125 0.4462890625 0.00439453125 0.0126953125
0 0.5635986328125 0.451904296875 0.002197265625 0.0029296875
0 0.5638427734375 0.4447021484375 0.002685546875 0.004638671875
0 0.2266845703125 0.6878662109375 0.018310546875 0.076904296875
0 0.563720703125 0.4486083984375 0.00244140625 0.003662109375
