0 0.5576171875 0.661865234375 0.015625 0.0166015625
0 0.482666015625 0.6790771484375 0.00634765625 0.008056640625
0 0.45849609375 0.670166015625 0.00732421875 0.01025390625
0 0.4827880859375 0.6708984375 0.007568359375 0.00341796875
0 0.557373046875 0.673095703125 0.00390625 0.00634765625
0 0.5216064453125 0.677490234375 0.005615234375 0.00732421875
0 0.54736328125 0.6728515625 0.005859375 0.0107421875
0 0.358154296875 0.651123046875 0.0126953125 0.0185546875
0 0.4688720703125 0.6820068359375 0.005615234375 0.008544921875
0 0.53173828125 0.680908203125 0.0029296875 0.0048828125
0 0.52197265625 0.6834716796875 0.00341796875 0.002685546875
