0 0.5283203125 0.6893310546875 0.00244140625 0.007080078125
0 0.4298095703125 0.7017822265625 0.010498046875 0.005615234375
0 0.330078125 0.7584228515625 0.00146484375 0.002197265625
0 0.3280029296875 0.759765625 0.001708984375 0.00390625
0 0.326904296875 0.747802734375 0.0029296875 0.00537109375
0 0.3568115234375 0.7486572265625 0.001708984375 0.009521484375
0 0.393310546875 0.75048828125 0.00390625 0.00830078125
0 0.39306640625 0.755859375 0.00439453125 0.0048828125
0 0.3895263671875 0.706787109375 0.008544921875 0.0126953125
0 0.4366455078125 0.7476806640625 0.003662109375 0.005615234375
