0 0.754150390625 0.64599609375 0.0302734375 0.0380859375
0 0.2271728515625 0.6710205078125 0.023681640625 0.007080078125
0 0.905029296875 0.6397705078125 0.02783203125 0.037841796875
0 0.6414794921875 0.6826171875 0.015869140625 0.01708984375
0 0.9527587890625 0.699462890625 0.006103515625 0.0087890625
0 0.795654296875 0.69482421875 0.00390625 0.0048828125
0 0.5579833984375 0.69677734375 0.005126953125 0.0048828125
0 0.41455078125 0.6783447265625 0.00634765625 0.029052734375
0 0.134033203125 0.740478515625 0.01904296875 0.0107421875
0 0.60009765625 0.683349609375 0.01025390625 0.01416015625
0 0.1348876953125 0.7279052734375 0.018798828125 0.013427734375
0 0.1356201171875 0.71484375 0.018798828125 0.01171875
