0 0.6907958984375 0.5455322265625 0.010986328125 0.018310546875
0 0.9149169921875 0.56298828125 0.012939453125 0.02001953125
0 0.69091796875 0.5732421875 0.01318359375 0.029296875
0 0.9154052734375 0.5924072265625 0.015869140625 0.032470703125
0 0.938720703125 0.557373046875 0.04345703125 0.052734375
0 0.718017578125 0.5894775390625 0.0087890625 0.016357421875
0 0.81103515625 0.5972900390625 0.00830078125 0.014404296875
0 0.93798828125 0.594970703125 0.0126953125 0.0234375
0 0.422119140625 0.5828857421875 0.0078125 0.016845703125
0 0.49169921875 0.585205078125 0.00537109375 0.015625
0 0.772705078125 0.59130859375 0.00927734375 0.01513671875
0 0.313232421875 0.550537109375 0.01123046875 0.01806640625
0 0.7401123046875 0.5909423828125 0.009521484375 0.016845703125
0 0.3564453125 0.5762939453125 0.00390625 0.007080078125
0 0.3133544921875 0.5482177734375 0.007080078125 0.010009765625
0 0.2930908203125 0.584716796875 0.004150390625 0.0068359375
