0 0.638427734375 0.476806640625 0.01123046875 0.0146484375
0 0.6153564453125 0.4932861328125 0.066650390625 0.093505859375
0 0.6043701171875 0.512451171875 0.015380859375 0.01611328125
0 0.5076904296875 0.5877685546875 0.007568359375 0.010009765625
0 0.6229248046875 0.475341796875 0.010986328125 0.013671875
0 0.517333984375 0.5938720703125 0.00439453125 0.008056640625
0 0.5953369140625 0.474609375 0.013427734375 0.01318359375
0 0.714599609375 0.5947265625 0.01611328125 0.02587890625
0 0.59814453125 0.5684814453125 0.017578125 0.006103515625
0 0.4224853515625 0.603515625 0.010498046875 0.01806640625
0 0.5255126953125 0.595703125 0.001708984375 0.00439453125
