0 0.681396484375 0.380615234375 0.03271484375 0.044921875
0 0.2769775390625 0.578857421875 0.005615234375 0.00439453125
0 0.279541015625 0.5830078125 0.01123046875 0.00341796875
0 0.2662353515625 0.5811767578125 0.002685546875 0.004150390625
0 0.2996826171875 0.5733642578125 0.005126953125 0.006591796875
0 0.305908203125 0.5753173828125 0.00439453125 0.006591796875
0 0.2662353515625 0.585205078125 0.003173828125 0.00341796875
0 0.2996826171875 0.5816650390625 0.005126953125 0.005615234375
0 0.442626953125 0.573486328125 0.00439453125 0.00830078125
0 0.355712890625 0.5701904296875 0.00537109375 0.006103515625
0 0.334228515625 0.5775146484375 0.009765625 0.007568359375
0 0.363525390625 0.570068359375 0.0078125 0.00830078125
0 0.3057861328125 0.5811767578125 0.004638671875 0.005615234375
0 0.6798095703125 0.3338623046875 0.042236328125 0.052001953125
0 0.39599609375 0.5499267578125 0.0107421875 0.011962890625
0 0.3836669921875 0.5772705078125 0.004638671875 0.006591796875
0 0.2884521484375 0.57958984375 0.004150390625 0.00439453125
0 0.3841552734375 0.5821533203125 0.003173828125 0.003173828125
0 0.181640625 0.591064453125 0.0029296875 0.01123046875
0 0.2330322265625 0.58154296875 0.008544921875 0.0068359375
0 0.063720703125 0.4114990234375 0.03173828125 0.037353515625
0 0.2431640625 0.5758056640625 0.0087890625 0.009521484375
0 0.172607421875 0.5712890625 0.0087890625 0.01123046875
0 0.0948486328125 0.5589599609375 0.007568359375 0.019287109375
0 0.3836669921875 0.5694580078125 0.007080078125 0.009521484375
0 0.360107421875 0.56884765625 0.0146484375 0.01171875
0 0.22216796875 0.5477294921875 0.0107421875 0.011962890625
0 0.065673828125 0.368408203125 0.04345703125 0.044921875
0 0.1817626953125 0.5791015625 0.002197265625 0.00439453125
0 0.1295166015625 0.5672607421875 0.010986328125 0.012451171875
0 0.191650390625 0.5941162109375 0.00341796875 0.010009765625
0 0.1820068359375 0.5721435546875 0.004150390625 0.009033203125
0 0.2266845703125 0.573486328125 0.005126953125 0.005859375
0 0.2032470703125 0.5772705078125 0.003662109375 0.005615234375
0 0.2431640625 0.5916748046875 0.0048828125 0.009033203125
0 0.2264404296875 0.5804443359375 0.004638671875 0.006591796875
0 0.68701171875 0.5635986328125 0.01123046875 0.006591796875
