0 0.7080078125 0.7259521484375 0.02294921875 0.035888671875
0 0.707763671875 0.7493896484375 0.0224609375 0.011962890625
0 0.7396240234375 0.7540283203125 0.007568359375 0.006103515625
0 0.737548828125 0.7723388671875 0.009765625 0.017333984375
0 0.38134765625 0.7247314453125 0.02197265625 0.008056640625
0 0.5634765625 0.744140625 0.00439453125 0.00830078125
0 0.563720703125 0.75390625 0.0087890625 0.00390625
0 0.736083984375 0.755859375 0.01611328125 0.013671875
0 0.41064453125 0.7418212890625 0.013671875 0.006103515625
0 0.4112548828125 0.7476806640625 0.010498046875 0.004150390625
0 0.380615234375 0.734619140625 0.01806640625 0.01220703125
