0 0.552734375 0.4830322265625 0.00390625 0.010009765625
0 0.5826416015625 0.4898681640625 0.003173828125 0.007568359375
0 0.5946044921875 0.466552734375 0.016845703125 0.01806640625
0 0.5924072265625 0.4920654296875 0.002685546875 0.008056640625
0 0.045166015625 0.4908447265625 0.0068359375 0.009033203125
0 0.5460205078125 0.4815673828125 0.004638671875 0.010986328125
0 0.6806640625 0.492431640625 0.001953125 0.00439453125
0 0.6207275390625 0.47998046875 0.001708984375 0.00439453125
0 0.99365234375 0.49462890625 0.0009765625 0.00341796875
0 0.6806640625 0.4970703125 0.0009765625 0.00341796875
