0 0.3175048828125 0.4190673828125 0.015380859375 0.020751953125
0 0.506591796875 0.378173828125 0.00927734375 0.01513671875
0 0.072265625 0.25537109375 0.0517578125 0.02587890625
0 0.0189208984375 0.2572021484375 0.037841796875 0.027587890625
0 0.069580078125 0.3248291015625 0.0390625 0.008544921875
0 0.3192138671875 0.43603515625 0.013916015625 0.0068359375
0 0.0289306640625 0.27490234375 0.024169921875 0.021484375
0 0.5064697265625 0.38232421875 0.013427734375 0.0302734375
0 0.611572265625 0.36376953125 0.01416015625 0.005859375
0 0.0247802734375 0.3489990234375 0.036865234375 0.012451171875
