0 0.2314453125 0.50927734375 0.00830078125 0.00927734375
0 0.3946533203125 0.5296630859375 0.003662109375 0.017822265625
0 0.2542724609375 0.553466796875 0.013916015625 0.05322265625
0 0.2313232421875 0.515625 0.009033203125 0.005859375
0 0.499755859375 0.529541015625 0.0009765625 0.0048828125
0 0.490478515625 0.52685546875 0.00146484375 0.0068359375
0 0.4957275390625 0.525390625 0.002685546875 0.0029296875
0 0.1453857421875 0.57568359375 0.023681640625 0.095703125
0 0.466552734375 0.5433349609375 0.0078125 0.031005859375
0 0.4134521484375 0.528076171875 0.003173828125 0.013671875
0 0.4383544921875 0.524169921875 0.002197265625 0.01025390625
0 0.453125 0.52490234375 0.00146484375 0.00634765625
0 0.5029296875 0.5294189453125 0.001953125 0.006591796875
0 0.5137939453125 0.5572509765625 0.010986328125 0.049560546875
0 0.5185546875 0.526123046875 0.00439453125 0.00244140625
0 0.15185546875 0.5166015625 0.0107421875 0.0048828125
0 0.140380859375 0.501708984375 0.00634765625 0.0048828125
0 0.3292236328125 0.539306640625 0.007080078125 0.02880859375
0 0.370849609375 0.531494140625 0.00439453125 0.0224609375
0 0.4259033203125 0.5260009765625 0.003173828125 0.011474609375
0 0.4332275390625 0.5244140625 0.002197265625 0.009765625
0 0.471435546875 0.5299072265625 0.00341796875 0.013916015625
0 0.4434814453125 0.5250244140625 0.002685546875 0.007568359375
0 0.2437744140625 0.516357421875 0.004638671875 0.0078125
0 0.1514892578125 0.509521484375 0.007080078125 0.00830078125
0 0.892822265625 0.6351318359375 0.044921875 0.175537109375
0 0.518798828125 0.5234375 0.00439453125 0.00244140625
