0 0.381103515625 0.7928466796875 0.0537109375 0.045654296875
0 0.4775390625 0.7930908203125 0.08544921875 0.045166015625
0 0.56787109375 0.79248046875 0.06982421875 0.0458984375
0 0.529296875 0.88427734375 0.0087890625 0.01513671875
0 0.68701171875 0.7894287109375 0.0166015625 0.030029296875
0 0.7412109375 0.753173828125 0.0068359375 0.01806640625
0 0.56982421875 0.8603515625 0.0078125 0.01513671875
0 0.8739013671875 0.7635498046875 0.008544921875 0.019287109375
0 0.5498046875 0.78173828125 0.0107421875 0.0166015625
0 0.451904296875 0.7803955078125 0.00830078125 0.013427734375
0 0.399658203125 0.7913818359375 0.00830078125 0.014404296875
0 0.3624267578125 0.79248046875 0.009033203125 0.01611328125
