0 0.07861328125 0.353271484375 0.076171875 0.080078125
0 0.1712646484375 0.470947265625 0.006591796875 0.0078125
0 0.2073974609375 0.4337158203125 0.013427734375 0.006103515625
0 0.246337890625 0.44775390625 0.0185546875 0.0244140625
0 0.2301025390625 0.402587890625 0.020263671875 0.01416015625
0 0.2288818359375 0.421142578125 0.020263671875 0.02490234375
0 0.2490234375 0.4044189453125 0.0205078125 0.014892578125
0 0.248046875 0.423583984375 0.02001953125 0.02490234375
0 0.2276611328125 0.445556640625 0.018798828125 0.0244140625
0 0.35791015625 0.484375 0.00537109375 0.01611328125
