0 0.2864990234375 0.3851318359375 0.041259765625 0.056396484375
0 0.944091796875 0.41064453125 0.00634765625 0.009765625
0 0.8990478515625 0.4256591796875 0.005126953125 0.007080078125
0 0.27294921875 0.416748046875 0.00634765625 0.01416015625
0 0.9024658203125 0.427490234375 0.014404296875 0.021484375
0 0.2821044921875 0.4451904296875 0.003662109375 0.015380859375
0 0.189697265625 0.45751953125 0.00634765625 0.01318359375
0 0.9423828125 0.203369140625 0.08447265625 0.10791015625
0 0.998291015625 0.3670654296875 0.0029296875 0.017333984375
0 0.2830810546875 0.4635009765625 0.004638671875 0.015869140625
0 0.95947265625 0.4110107421875 0.05859375 0.022705078125
0 0.2860107421875 0.334228515625 0.040283203125 0.04736328125
0 0.844482421875 0.3482666015625 0.01904296875 0.029052734375
0 0.9013671875 0.4097900390625 0.0126953125 0.013427734375
0 0.8465576171875 0.3753662109375 0.016845703125 0.028564453125
0 0.0450439453125 0.4410400390625 0.016845703125 0.028564453125
0 0.9373779296875 0.290771484375 0.051513671875 0.064453125
0 0.2821044921875 0.285888671875 0.051513671875 0.052734375
