0 0.4493408203125 0.1607666015625 0.015380859375 0.027099609375
0 0.794189453125 0.1531982421875 0.06591796875 0.103271484375
0 0.79248046875 0.2403564453125 0.037109375 0.066650390625
0 0.794921875 0.3760986328125 0.04833984375 0.065673828125
0 0.777587890625 0.2059326171875 0.00634765625 0.009033203125
0 0.7528076171875 0.07373046875 0.069580078125 0.033203125
0 0.8104248046875 0.021484375 0.029541015625 0.04296875
0 0.7105712890625 0.2025146484375 0.102783203125 0.043701171875
0 0.7559814453125 0.192626953125 0.011474609375 0.0205078125
0 0.6246337890625 0.1558837890625 0.007568359375 0.044677734375
0 0.7913818359375 0.3082275390625 0.037353515625 0.065673828125
0 0.755615234375 0.2122802734375 0.01123046875 0.018798828125
0 0.205078125 0.3321533203125 0.0185546875 0.042236328125
0 0.8009033203125 0.2069091796875 0.010009765625 0.014892578125
0 0.19384765625 0.387939453125 0.02783203125 0.0634765625
0 0.7816162109375 0.030029296875 0.020263671875 0.0595703125
