0 0.4111328125 0.3204345703125 0.021484375 0.027587890625
0 0.524658203125 0.483154296875 0.03125 0.01123046875
0 0.44287109375 0.3189697265625 0.0302734375 0.031494140625
0 0.708740234375 0.434326171875 0.0234375 0.02197265625
0 0.5943603515625 0.37353515625 0.074951171875 0.02783203125
0 0.5528564453125 0.5426025390625 0.009033203125 0.013427734375
0 0.709228515625 0.457763671875 0.0205078125 0.0185546875
0 0.708984375 0.4757080078125 0.0224609375 0.016357421875
0 0.119873046875 0.4864501953125 0.00390625 0.013916015625
0 0.26318359375 0.544189453125 0.00537109375 0.013671875
0 0.7236328125 0.4136962890625 0.01953125 0.021728515625
