0 0.6246337890625 0.5457763671875 0.011962890625 0.019775390625
0 0.316162109375 0.5345458984375 0.017578125 0.011962890625
0 0.32666015625 0.575927734375 0.01318359375 0.01611328125
0 0.5654296875 0.570556640625 0.00390625 0.0029296875
0 0.565673828125 0.565185546875 0.00634765625 0.00732421875
0 0.604248046875 0.58984375 0.005859375 0.00390625
0 0.6044921875 0.5821533203125 0.00927734375 0.011474609375
0 0.6248779296875 0.562255859375 0.011962890625 0.0048828125
0 0.6861572265625 0.518798828125 0.016845703125 0.02197265625
0 0.6932373046875 0.558837890625 0.009033203125 0.013671875
0 0.5367431640625 0.5687255859375 0.007080078125 0.010498046875
0 0.5345458984375 0.5631103515625 0.003662109375 0.002685546875
0 0.646728515625 0.56201171875 0.00732421875 0.009765625
0 0.6468505859375 0.5718994140625 0.007568359375 0.010009765625
0 0.6256103515625 0.5533447265625 0.011962890625 0.012451171875
