0 0.883544921875 0.541748046875 0.00537109375 0.01220703125
0 0.84130859375 0.543212890625 0.00537109375 0.01171875
0 0.927978515625 0.531005859375 0.00537109375 0.01025390625
0 0.799560546875 0.525390625 0.005859375 0.0107421875
0 0.517333984375 0.6043701171875 0.00390625 0.006591796875
0 0.5032958984375 0.48974609375 0.005615234375 0.03076171875
0 0.4473876953125 0.55712890625 0.008544921875 0.0146484375
0 0.5037841796875 0.47119140625 0.002685546875 0.005859375
0 0.44775390625 0.56884765625 0.0068359375 0.009765625
0 0.4468994140625 0.545166015625 0.007568359375 0.009765625
0 0.4329833984375 0.558837890625 0.010009765625 0.01513671875
0 0.43310546875 0.5709228515625 0.00732421875 0.009521484375
0 0.4384765625 0.5787353515625 0.00341796875 0.006103515625
0 0.432861328125 0.5469970703125 0.0078125 0.007568359375
0 0.9520263671875 0.5279541015625 0.012939453125 0.009033203125
