0 0.510498046875 0.5782470703125 0.01171875 0.020263671875
0 0.59130859375 0.6341552734375 0.00732421875 0.019287109375
0 0.780517578125 0.5582275390625 0.0087890625 0.011474609375
0 0.7613525390625 0.5723876953125 0.019775390625 0.042724609375
0 0.388671875 0.612548828125 0.009765625 0.0126953125
0 0.4537353515625 0.5775146484375 0.010986328125 0.018310546875
0 0.54443359375 0.65185546875 0.00537109375 0.01318359375
0 0.43994140625 0.612548828125 0.00732421875 0.0126953125
0 0.5322265625 0.5792236328125 0.01318359375 0.014892578125
0 0.462890625 0.6131591796875 0.00732421875 0.009521484375
0 0.4901123046875 0.636962890625 0.005126953125 0.009765625
0 0.782470703125 0.5706787109375 0.02099609375 0.041748046875
