0 0.628662109375 0.6002197265625 0.02490234375 0.019287109375
0 0.805908203125 0.621826171875 0.03759765625 0.04541015625
0 0.357177734375 0.5804443359375 0.021484375 0.084716796875
0 0.6024169921875 0.6588134765625 0.010009765625 0.028076171875
0 0.6033935546875 0.685302734375 0.010986328125 0.015625
0 0.603515625 0.7010498046875 0.00927734375 0.011962890625
0 0.6793212890625 0.6875 0.005126953125 0.0068359375
0 0.7122802734375 0.7281494140625 0.003662109375 0.004150390625
0 0.78955078125 0.713623046875 0.00732421875 0.0078125
0 0.7894287109375 0.7215576171875 0.004638671875 0.005126953125
0 0.97900390625 0.676025390625 0.0146484375 0.05126953125
0 0.7994384765625 0.707763671875 0.005126953125 0.013671875
