0 0.7437744140625 0.7086181640625 0.012939453125 0.014892578125
0 0.5423583984375 0.702392578125 0.004638671875 0.00634765625
0 0.28076171875 0.67919921875 0.0673828125 0.0439453125
0 0.6439208984375 0.7005615234375 0.012451171875 0.014404296875
0 0.0196533203125 0.495361328125 0.039306640625 0.134765625
0 0.49072265625 0.678466796875 0.01708984375 0.02294921875
0 0.306640625 0.6943359375 0.00830078125 0.01123046875
0 0.54833984375 0.709228515625 0.00537109375 0.005859375
0 0.6876220703125 0.7158203125 0.004638671875 0.00537109375
0 0.684814453125 0.7193603515625 0.005859375 0.010498046875
0 0.6414794921875 0.734375 0.003662109375 0.013671875
0 0.664794921875 0.7056884765625 0.01904296875 0.013427734375
