0 0.7489013671875 0.4205322265625 0.023193359375 0.031005859375
0 0.9073486328125 0.353271484375 0.021728515625 0.03076171875
0 0.3529052734375 0.42529296875 0.026123046875 0.03173828125
0 0.518798828125 0.42431640625 0.02294921875 0.03125
0 0.352294921875 0.4788818359375 0.0234375 0.031005859375
0 0.3502197265625 0.37060546875 0.025634765625 0.03076171875
0 0.3310546875 0.281494140625 0.07373046875 0.10693359375
0 0.90966796875 0.4678955078125 0.021484375 0.029052734375
0 0.5201416015625 0.4765625 0.024658203125 0.03173828125
0 0.749267578125 0.472412109375 0.0224609375 0.02978515625
0 0.907958984375 0.411865234375 0.02734375 0.0380859375
0 0.7490234375 0.3675537109375 0.02099609375 0.029052734375
0 0.5174560546875 0.3695068359375 0.027587890625 0.031494140625
