0 0.7325439453125 0.479736328125 0.010986328125 0.01708984375
0 0.394287109375 0.5283203125 0.001953125 0.00439453125
0 0.578369140625 0.4708251953125 0.0126953125 0.007080078125
0 0.45068359375 0.5146484375 0.00341796875 0.00537109375
0 0.419677734375 0.529052734375 0.0068359375 0.01220703125
0 0.4873046875 0.4993896484375 0.00830078125 0.004150390625
0 0.5712890625 0.498046875 0.01416015625 0.00830078125
0 0.5762939453125 0.4588623046875 0.010498046875 0.007080078125
0 0.3228759765625 0.5281982421875 0.003662109375 0.004638671875
0 0.3179931640625 0.5452880859375 0.004150390625 0.008056640625
0 0.571044921875 0.4903564453125 0.013671875 0.008544921875
0 0.3082275390625 0.5340576171875 0.006591796875 0.004150390625
0 0.317626953125 0.52880859375 0.00341796875 0.0078125
0 0.4708251953125 0.529052734375 0.003173828125 0.015625
0 0.1981201171875 0.6103515625 0.017333984375 0.09619140625
0 0.3096923828125 0.524169921875 0.006591796875 0.01171875
0 0.3232421875 0.520751953125 0.0068359375 0.0126953125
0 0.4573974609375 0.50634765625 0.004150390625 0.00830078125
0 0.470703125 0.4979248046875 0.00634765625 0.010986328125
0 0.778076171875 0.415771484375 0.02392578125 0.03955078125
0 0.3896484375 0.5213623046875 0.00439453125 0.007568359375
0 0.620849609375 0.4288330078125 0.033203125 0.059326171875
0 0.317626953125 0.536865234375 0.00537109375 0.00830078125
0 0.57666015625 0.4652099609375 0.01025390625 0.006591796875
