0 0.2403564453125 0.66796875 0.011962890625 0.015625
0 0.2435302734375 0.6324462890625 0.011962890625 0.015380859375
0 0.0570068359375 0.6328125 0.015869140625 0.0185546875
0 0.238037109375 0.6861572265625 0.0107421875 0.014404296875
0 0.009033203125 0.654296875 0.01806640625 0.0107421875
0 0.0538330078125 0.655029296875 0.015869140625 0.0205078125
0 0.05078125 0.677734375 0.01708984375 0.01953125
0 0.241943359375 0.650146484375 0.01123046875 0.0146484375
0 0.238037109375 0.69775390625 0.00927734375 0.00537109375
0 0.00732421875 0.6689453125 0.0146484375 0.013671875
0 0.0947265625 0.6903076171875 0.01611328125 0.018310546875
0 0.66064453125 0.6651611328125 0.00732421875 0.014892578125
