0 0.8428955078125 0.6363525390625 0.007568359375 0.010009765625
0 0.843994140625 0.646484375 0.0400390625 0.01318359375
0 0.8466796875 0.5240478515625 0.01513671875 0.023681640625
0 0.538818359375 0.669921875 0.01513671875 0.02001953125
0 0.5201416015625 0.6715087890625 0.014404296875 0.019775390625
0 0.629150390625 0.5765380859375 0.03271484375 0.012451171875
0 0.59619140625 0.5789794921875 0.0302734375 0.012451171875
0 0.2347412109375 0.61376953125 0.012451171875 0.01171875
0 0.5645751953125 0.6949462890625 0.003662109375 0.006591796875
0 0.580078125 0.6884765625 0.0048828125 0.0107421875
0 0.6044921875 0.6812744140625 0.00634765625 0.011962890625
0 0.7958984375 0.6923828125 0.00537109375 0.00927734375
