0 0.619873046875 0.6533203125 0.03271484375 0.06005859375
0 0.357666015625 0.6612548828125 0.01318359375 0.006103515625
0 0.322265625 0.7078857421875 0.005859375 0.008544921875
0 0.42626953125 0.6973876953125 0.00244140625 0.006591796875
0 0.46044921875 0.6903076171875 0.009765625 0.012939453125
0 0.380126953125 0.6346435546875 0.00830078125 0.011962890625
0 0.6502685546875 0.7001953125 0.012939453125 0.017578125
0 0.8614501953125 0.697265625 0.010498046875 0.015625
0 0.99609375 0.6866455078125 0.00732421875 0.019775390625
0 0.6199951171875 0.650634765625 0.020263671875 0.02197265625
