0 0.47705078125 0.32373046875 0.0068359375 0.013671875
0 0.541748046875 0.430419921875 0.0087890625 0.0166015625
0 0.3822021484375 0.2825927734375 0.007568359375 0.013916015625
0 0.5162353515625 0.4232177734375 0.006103515625 0.016357421875
0 0.5152587890625 0.4375 0.002685546875 0.01220703125
0 0.6771240234375 0.460205078125 0.013916015625 0.017578125
0 0.3511962890625 0.392578125 0.004638671875 0.01025390625
0 0.376708984375 0.4320068359375 0.00537109375 0.011962890625
0 0.361328125 0.4261474609375 0.005859375 0.013916015625
0 0.396240234375 0.4359130859375 0.00537109375 0.013427734375
