0 0.28173828125 0.54541015625 0.01416015625 0.017578125
0 0.46630859375 0.549560546875 0.0068359375 0.015625
0 0.100830078125 0.574462890625 0.05322265625 0.0634765625
0 0.4249267578125 0.434814453125 0.050048828125 0.0361328125
0 0.3795166015625 0.5118408203125 0.023193359375 0.025146484375
0 0.43115234375 0.4100341796875 0.01416015625 0.011962890625
0 0.4281005859375 0.48974609375 0.048095703125 0.02685546875
0 0.169921875 0.562255859375 0.01416015625 0.0078125
0 0.1693115234375 0.5570068359375 0.013916015625 0.005615234375
0 0.42626953125 0.4644775390625 0.05029296875 0.032958984375
0 0.1934814453125 0.5576171875 0.006591796875 0.01123046875
