0 0.543701171875 0.5283203125 0.0126953125 0.02783203125
0 0.58837890625 0.51708984375 0.0126953125 0.02880859375
0 0.499755859375 0.5343017578125 0.01318359375 0.027099609375
0 0.093017578125 0.525390625 0.041015625 0.07861328125
0 0.44677734375 0.5374755859375 0.01220703125 0.028564453125
0 0.3770751953125 0.535888671875 0.012451171875 0.02783203125
0 0.5655517578125 0.5238037109375 0.011962890625 0.028076171875
0 0.393310546875 0.5357666015625 0.0126953125 0.025634765625
0 0.382568359375 0.62353515625 0.00732421875 0.013671875
0 0.50146484375 0.627197265625 0.00341796875 0.00390625
0 0.5015869140625 0.6378173828125 0.003173828125 0.004638671875
