0 0.873291015625 0.6348876953125 0.04345703125 0.045654296875
0 0.292724609375 0.6494140625 0.009765625 0.0078125
0 0.3072509765625 0.6522216796875 0.014404296875 0.013427734375
0 0.24462890625 0.6060791015625 0.0322265625 0.032958984375
0 0.3250732421875 0.6649169921875 0.004638671875 0.003662109375
0 0.362548828125 0.6627197265625 0.02099609375 0.019775390625
0 0.249267578125 0.65283203125 0.00390625 0.00634765625
0 0.37744140625 0.6639404296875 0.0087890625 0.013427734375
0 0.4329833984375 0.661865234375 0.006591796875 0.01904296875
0 0.358642578125 0.6739501953125 0.00732421875 0.007080078125
0 0.281494140625 0.609130859375 0.03271484375 0.03173828125
0 0.176025390625 0.65185546875 0.00439453125 0.00634765625
0 0.272705078125 0.5909423828125 0.01220703125 0.010009765625
0 0.8729248046875 0.6036376953125 0.030029296875 0.021728515625
