0 0.55810546875 0.72216796875 0.0234375 0.03173828125
0 0.4835205078125 0.7440185546875 0.013427734375 0.018310546875
0 0.830078125 0.6611328125 0.04638671875 0.0595703125
0 0.5250244140625 0.750244140625 0.010498046875 0.02001953125
0 0.82373046875 0.56640625 0.09521484375 0.1279296875
0 0.3289794921875 0.745361328125 0.006591796875 0.01318359375
0 0.2679443359375 0.7332763671875 0.004638671875 0.012451171875
0 0.2674560546875 0.74658203125 0.004638671875 0.01318359375
0 0.406494140625 0.7381591796875 0.009765625 0.004638671875
0 0.3294677734375 0.732177734375 0.007080078125 0.01318359375
