0 0.7108154296875 0.531005859375 0.028564453125 0.0322265625
0 0.3218994140625 0.5499267578125 0.029052734375 0.083740234375
0 0.713134765625 0.567138671875 0.02880859375 0.0341796875
0 0.5343017578125 0.55859375 0.015869140625 0.00732421875
0 0.3218994140625 0.5966796875 0.029052734375 0.01513671875
0 0.7135009765625 0.5972900390625 0.031494140625 0.012451171875
0 0.3216552734375 0.5682373046875 0.026611328125 0.033935546875
0 0.71142578125 0.54833984375 0.03369140625 0.08251953125
0 0.322265625 0.533203125 0.02685546875 0.033203125
0 0.5767822265625 0.5482177734375 0.005126953125 0.006103515625
