0 0.5450439453125 0.529052734375 0.016357421875 0.0185546875
0 0.7086181640625 0.3621826171875 0.051513671875 0.067138671875
0 0.3721923828125 0.5452880859375 0.011474609375 0.017333984375
0 0.5791015625 0.5367431640625 0.01025390625 0.014404296875
0 0.3724365234375 0.563720703125 0.010986328125 0.0205078125
0 0.72412109375 0.6307373046875 0.0380859375 0.072998046875
0 0.5196533203125 0.53271484375 0.008056640625 0.01513671875
0 0.9195556640625 0.4840087890625 0.010498046875 0.042724609375
0 0.04248046875 0.510009765625 0.01025390625 0.01904296875
0 0.451416015625 0.5291748046875 0.00927734375 0.014892578125
