0 0.3172607421875 0.420654296875 0.010009765625 0.01611328125
0 0.52392578125 0.4332275390625 0.00244140625 0.003662109375
0 0.2568359375 0.4139404296875 0.0068359375 0.010986328125
0 0.38916015625 0.420166015625 0.0029296875 0.00927734375
0 0.021728515625 0.4710693359375 0.03955078125 0.020263671875
0 0.5242919921875 0.4290771484375 0.004638671875 0.007568359375
0 0.605224609375 0.398681640625 0.02685546875 0.10595703125
0 0.516845703125 0.433837890625 0.0068359375 0.0068359375
0 0.6142578125 0.3946533203125 0.00341796875 0.010498046875
0 0.6473388671875 0.3763427734375 0.034423828125 0.165283203125
0 0.572265625 0.4010009765625 0.037109375 0.022216796875
0 0.6402587890625 0.3817138671875 0.011474609375 0.032470703125
0 0.5152587890625 0.4005126953125 0.009033203125 0.011962890625
0 0.6529541015625 0.37841796875 0.008056640625 0.03271484375
0 0.65283203125 0.4266357421875 0.00830078125 0.031005859375
0 0.639892578125 0.4276123046875 0.01123046875 0.030029296875
0 0.614013671875 0.404541015625 0.00341796875 0.00830078125
