0 0.605712890625 0.391357421875 0.0068359375 0.0087890625
0 0.7373046875 0.3289794921875 0.009765625 0.024169921875
0 0.727783203125 0.3590087890625 0.00927734375 0.021728515625
0 0.7376708984375 0.3570556640625 0.009033203125 0.023681640625
0 0.7269287109375 0.332275390625 0.009033203125 0.02197265625
0 0.717529296875 0.3355712890625 0.00830078125 0.022216796875
0 0.7183837890625 0.361328125 0.008056640625 0.02099609375
0 0.747314453125 0.325927734375 0.009765625 0.0244140625
0 0.7486572265625 0.3548583984375 0.010498046875 0.024169921875
0 0.7344970703125 0.3436279296875 0.042724609375 0.067626953125
