0 0.43701171875 0.5067138671875 0.11181640625 0.077880859375
0 0.6207275390625 0.51611328125 0.119384765625 0.0791015625
0 0.3482666015625 0.5035400390625 0.052978515625 0.071044921875
0 0.4241943359375 0.6754150390625 0.011962890625 0.013916015625
0 0.483642578125 0.6414794921875 0.00634765625 0.008544921875
0 0.4140625 0.6429443359375 0.009765625 0.011962890625
0 0.4019775390625 0.4627685546875 0.028076171875 0.012939453125
0 0.4833984375 0.65185546875 0.005859375 0.00341796875
0 0.4835205078125 0.6478271484375 0.005615234375 0.005126953125
0 0.4508056640625 0.489013671875 0.013916015625 0.0185546875
0 0.417236328125 0.676513671875 0.0068359375 0.01318359375
