0 0.6031494140625 0.463134765625 0.031005859375 0.02490234375
0 0.749267578125 0.48779296875 0.005859375 0.01611328125
0 0.6845703125 0.480224609375 0.0048828125 0.00537109375
0 0.7877197265625 0.4852294921875 0.007568359375 0.009521484375
0 0.8021240234375 0.4923095703125 0.005126953125 0.007080078125
0 0.68408203125 0.4735107421875 0.00537109375 0.008056640625
0 0.7027587890625 0.48291015625 0.004638671875 0.00439453125
0 0.982177734375 0.46923828125 0.02001953125 0.07080078125
0 0.7027587890625 0.479248046875 0.013916015625 0.0126953125
0 0.64013671875 0.4713134765625 0.01416015625 0.016845703125
0 0.6845703125 0.4854736328125 0.00537109375 0.004150390625
0 0.6795654296875 0.0216064453125 0.221435546875 0.043212890625
0 0.9019775390625 0.0264892578125 0.195068359375 0.052978515625
0 0.5924072265625 0.4898681640625 0.009033203125 0.011962890625
0 0.6146240234375 0.48974609375 0.008544921875 0.01171875
0 0.538330078125 0.4617919921875 0.015625 0.020751953125
0 0.7874755859375 0.4822998046875 0.021240234375 0.026611328125
0 0.8028564453125 0.490478515625 0.017822265625 0.0185546875
0 0.7364501953125 0.4891357421875 0.007080078125 0.010986328125
0 0.8221435546875 0.4990234375 0.014404296875 0.01220703125
