0 0.5953369140625 0.509521484375 0.011962890625 0.01611328125
0 0.6817626953125 0.453857421875 0.040771484375 0.03125
0 0.5545654296875 0.536865234375 0.005126953125 0.00732421875
0 0.5933837890625 0.4962158203125 0.006591796875 0.009033203125
0 0.548828125 0.548583984375 0.00244140625 0.00439453125
0 0.5699462890625 0.5361328125 0.003173828125 0.00537109375
0 0.5692138671875 0.5277099609375 0.002197265625 0.005126953125
0 0.569091796875 0.5218505859375 0.00244140625 0.005126953125
0 0.28759765625 0.585205078125 0.00634765625 0.0263671875
0 0.479736328125 0.5482177734375 0.00439453125 0.005126953125
0 0.54345703125 0.5391845703125 0.0029296875 0.004150390625
0 0.5595703125 0.5340576171875 0.00341796875 0.004638671875
0 0.5369873046875 0.5439453125 0.002685546875 0.00341796875
