0 0.3760986328125 0.7149658203125 0.025634765625 0.035400390625
0 0.248779296875 0.742919921875 0.01513671875 0.01953125
0 0.080078125 0.658203125 0.0341796875 0.04736328125
0 0.3402099609375 0.7393798828125 0.020751953125 0.008544921875
0 0.806640625 0.715087890625 0.0107421875 0.015625
0 0.3402099609375 0.75 0.017822265625 0.013671875
0 0.077880859375 0.7027587890625 0.03515625 0.040771484375
0 0.3759765625 0.741943359375 0.01513671875 0.01318359375
0 0.43603515625 0.740478515625 0.0126953125 0.0146484375
0 0.4014892578125 0.7547607421875 0.009521484375 0.012939453125
0 0.3443603515625 0.7581787109375 0.016845703125 0.013427734375
0 0.694091796875 0.748046875 0.015625 0.01904296875
