0 0.077392578125 0.5787353515625 0.01123046875 0.013427734375
0 0.494384765625 0.603759765625 0.00634765625 0.00927734375
0 0.211181640625 0.52685546875 0.00634765625 0.0087890625
0 0.4222412109375 0.6104736328125 0.013916015625 0.008056640625
0 0.4798583984375 0.6075439453125 0.007568359375 0.025634765625
0 0.217041015625 0.5972900390625 0.00732421875 0.009521484375
0 0.217041015625 0.6048583984375 0.00732421875 0.005615234375
0 0.678466796875 0.5941162109375 0.00390625 0.014892578125
0 0.6949462890625 0.5467529296875 0.006103515625 0.009033203125
0 0.4627685546875 0.5364990234375 0.016845703125 0.009521484375
0 0.69482421875 0.534423828125 0.0166015625 0.01318359375
0 0.6951904296875 0.552490234375 0.017333984375 0.02392578125
0 0.485595703125 0.2626953125 0.0380859375 0.0498046875
0 0.3145751953125 0.233642578125 0.039794921875 0.0498046875
0 0.69482421875 0.571044921875 0.017578125 0.01220703125
0 0.4222412109375 0.5992431640625 0.011962890625 0.014892578125
0 0.8092041015625 0.5955810546875 0.015380859375 0.017822265625
