0 0.5675048828125 0.356689453125 0.015869140625 0.02734375
0 0.420166015625 0.4560546875 0.0126953125 0.02197265625
0 0.600341796875 0.3560791015625 0.0458984375 0.011962890625
0 0.9381103515625 0.4046630859375 0.019287109375 0.037353515625
0 0.262939453125 0.4923095703125 0.01171875 0.010009765625
0 0.414306640625 0.4853515625 0.005859375 0.00830078125
0 0.9554443359375 0.2535400390625 0.042724609375 0.035888671875
0 0.486083984375 0.474365234375 0.01171875 0.01806640625
0 0.7703857421875 0.4803466796875 0.003662109375 0.005615234375
0 0.3970947265625 0.4827880859375 0.008544921875 0.011474609375
0 0.4205322265625 0.4769287109375 0.012939453125 0.017333984375
0 0.4678955078125 0.4595947265625 0.005126953125 0.008544921875
0 0.015869140625 0.36328125 0.03173828125 0.0625
0 0.5015869140625 0.45849609375 0.015869140625 0.00439453125
0 0.455810546875 0.4952392578125 0.00439453125 0.007080078125
0 0.595458984375 0.4510498046875 0.0126953125 0.015380859375
0 0.598388671875 0.4788818359375 0.01318359375 0.007080078125
0 0.596923828125 0.4713134765625 0.013671875 0.006591796875
0 0.595947265625 0.463134765625 0.0078125 0.00634765625
0 0.6844482421875 0.4835205078125 0.003662109375 0.005615234375
0 0.4554443359375 0.501708984375 0.004150390625 0.00537109375
0 0.0654296875 0.5093994140625 0.005859375 0.010009765625
0 0.9378662109375 0.366943359375 0.020263671875 0.03662109375
