0 0.42919921875 0.41015625 0.009765625 0.013671875
0 0.744384765625 0.407958984375 0.00634765625 0.01171875
0 0.4033203125 0.4320068359375 0.0048828125 0.007080078125
0 0.582763671875 0.376220703125 0.0224609375 0.03271484375
0 0.89697265625 0.423095703125 0.00634765625 0.01025390625
0 0.415283203125 0.4371337890625 0.00732421875 0.005126953125
0 0.4287109375 0.4200439453125 0.00341796875 0.004638671875
0 0.5955810546875 0.4144287109375 0.005126953125 0.005126953125
0 0.595947265625 0.419677734375 0.00390625 0.00341796875
0 0.44384765625 0.406494140625 0.005859375 0.00439453125
0 0.4442138671875 0.4251708984375 0.005126953125 0.005126953125
0 0.444091796875 0.412841796875 0.00634765625 0.0087890625
0 0.4449462890625 0.4339599609375 0.004150390625 0.007080078125
0 0.43115234375 0.435302734375 0.005859375 0.00732421875
0 0.4439697265625 0.4200439453125 0.005615234375 0.006103515625
