0 0.480224609375 0.590087890625 0.04931640625 0.0126953125
0 0.4658203125 0.603759765625 0.0029296875 0.0048828125
0 0.469482421875 0.603759765625 0.0029296875 0.0048828125
0 0.473388671875 0.603759765625 0.00244140625 0.0048828125
0 0.476806640625 0.603759765625 0.00244140625 0.0048828125
0 0.48046875 0.60400390625 0.00244140625 0.00537109375
0 0.415283203125 0.6019287109375 0.00341796875 0.003662109375
0 0.4190673828125 0.6014404296875 0.003173828125 0.003662109375
0 0.4300537109375 0.6014404296875 0.002197265625 0.003662109375
0 0.05078125 0.5616455078125 0.00830078125 0.017333984375
