0 0.7548828125 0.6109619140625 0.013671875 0.006591796875
0 0.75244140625 0.5645751953125 0.037109375 0.046142578125
0 0.3095703125 0.63330078125 0.0078125 0.01318359375
0 0.326171875 0.56201171875 0.0205078125 0.0224609375
0 0.495849609375 0.6094970703125 0.0107421875 0.026611328125
0 0.8782958984375 0.56005859375 0.019775390625 0.03515625
0 0.5015869140625 0.6331787109375 0.009033203125 0.012451171875
0 0.662109375 0.5986328125 0.01123046875 0.01513671875
0 0.7540283203125 0.597900390625 0.015869140625 0.01953125
0 0.8389892578125 0.6046142578125 0.006591796875 0.010986328125
0 0.323486328125 0.626953125 0.00830078125 0.01171875
0 0.881591796875 0.5921630859375 0.015625 0.025634765625
