0 0.53857421875 0.4332275390625 0.0107421875 0.020263671875
0 0.515625 0.427001953125 0.0078125 0.013671875
0 0.5032958984375 0.42041015625 0.006591796875 0.0107421875
0 0.498046875 0.4129638671875 0.00537109375 0.009033203125
0 0.561279296875 0.4383544921875 0.0146484375 0.025146484375
0 0.5078125 0.427978515625 0.01611328125 0.00537109375
0 0.4881591796875 0.4080810546875 0.004638671875 0.008056640625
0 0.4908447265625 0.412841796875 0.002197265625 0.01025390625
0 0.482421875 0.403076171875 0.00439453125 0.0078125
0 0.48876953125 0.403564453125 0.009765625 0.01025390625
