0 0.5936279296875 0.5970458984375 0.011474609375 0.021240234375
0 0.581298828125 0.601806640625 0.01513671875 0.02587890625
0 0.5543212890625 0.599365234375 0.007568359375 0.0146484375
0 0.4381103515625 0.536865234375 0.008056640625 0.01611328125
0 0.5806884765625 0.6258544921875 0.008056640625 0.015869140625
0 0.593017578125 0.6204833984375 0.00537109375 0.018310546875
0 0.49072265625 0.61181640625 0.00390625 0.00732421875
0 0.418701171875 0.61572265625 0.0029296875 0.005859375
0 0.4522705078125 0.5389404296875 0.005615234375 0.020751953125
0 0.4371337890625 0.57177734375 0.004638671875 0.00927734375
