0 0.414794921875 0.2840576171875 0.0078125 0.015869140625
0 0.1646728515625 0.3359375 0.007080078125 0.01220703125
0 0.3466796875 0.2955322265625 0.0048828125 0.014892578125
0 0.082275390625 0.3570556640625 0.01220703125 0.012939453125
0 0.080322265625 0.344482421875 0.0107421875 0.01220703125
0 0.3226318359375 0.3272705078125 0.004150390625 0.021240234375
0 0.07763671875 0.3192138671875 0.01220703125 0.012939453125
0 0.2896728515625 0.324462890625 0.004638671875 0.01171875
0 0.637939453125 0.236083984375 0.01513671875 0.03125
0 0.0789794921875 0.33154296875 0.011474609375 0.01318359375
0 0.470703125 0.2916259765625 0.0166015625 0.008544921875
0 0.011474609375 0.2939453125 0.02294921875 0.041015625
0 0.7664794921875 0.20751953125 0.009033203125 0.0166015625
0 0.30859375 0.319091796875 0.0068359375 0.0126953125
0 0.5677490234375 0.2537841796875 0.012939453125 0.022216796875
0 0.766357421875 0.2310791015625 0.015625 0.031005859375
0 0.414306640625 0.27294921875 0.00390625 0.00732421875
0 0.1165771484375 0.350341796875 0.005126953125 0.0078125
