0 0.3167724609375 0.5010986328125 0.011962890625 0.020751953125
0 0.3189697265625 0.55224609375 0.012451171875 0.021484375
0 0.14013671875 0.499267578125 0.015625 0.0283203125
0 0.31787109375 0.5235595703125 0.01220703125 0.019775390625
0 0.1396484375 0.5296630859375 0.013671875 0.028564453125
0 0.107421875 0.50927734375 0.0146484375 0.0205078125
0 0.1981201171875 0.481689453125 0.019775390625 0.021484375
0 0.31787109375 0.5374755859375 0.0107421875 0.007080078125
0 0.2032470703125 0.5189208984375 0.022216796875 0.016845703125
0 0.9923095703125 0.532470703125 0.014892578125 0.060546875
0 0.197265625 0.500732421875 0.02294921875 0.0166015625
0 0.9158935546875 0.4512939453125 0.045166015625 0.052978515625
0 0.1982421875 0.4609375 0.02001953125 0.0224609375
0 0.8536376953125 0.54052734375 0.016845703125 0.005859375
0 0.914794921875 0.388427734375 0.05859375 0.0703125
0 0.913818359375 0.308837890625 0.08544921875 0.09228515625
