0 0.310546875 0.5999755859375 0.0146484375 0.020751953125
0 0.4769287109375 0.5875244140625 0.012451171875 0.018310546875
0 0.712158203125 0.34423828125 0.08935546875 0.1767578125
0 0.3096923828125 0.5633544921875 0.017333984375 0.020751953125
0 0.47607421875 0.5714111328125 0.01953125 0.014404296875
0 0.4742431640625 0.5572509765625 0.016357421875 0.016845703125
0 0.3980712890625 0.593505859375 0.004150390625 0.01025390625
0 0.3104248046875 0.5816650390625 0.023193359375 0.014404296875
0 0.453369140625 0.5872802734375 0.00537109375 0.007568359375
0 0.45263671875 0.5797119140625 0.00537109375 0.007568359375
0 0.4703369140625 0.5595703125 0.012451171875 0.013671875
0 0.3978271484375 0.5849609375 0.005615234375 0.00634765625
