0 0.19970703125 0.5196533203125 0.00439453125 0.007080078125
0 0.51123046875 0.5172119140625 0.01025390625 0.020263671875
0 0.4947509765625 0.5255126953125 0.005126953125 0.015869140625
0 0.1646728515625 0.5242919921875 0.018798828125 0.038818359375
0 0.1661376953125 0.534423828125 0.015380859375 0.02099609375
0 0.1644287109375 0.5179443359375 0.014892578125 0.022216796875
0 0.1923828125 0.52587890625 0.02099609375 0.0224609375
0 0.1846923828125 0.597900390625 0.008056640625 0.01025390625
0 0.5111083984375 0.5228271484375 0.014892578125 0.034912109375
0 0.26708984375 0.583740234375 0.001953125 0.00830078125
