0 0.4674072265625 0.2879638671875 0.031982421875 0.053955078125
0 0.1943359375 0.36962890625 0.078125 0.0546875
0 0.7236328125 0.49658203125 0.01123046875 0.0185546875
0 0.832763671875 0.51904296875 0.0166015625 0.021484375
0 0.7398681640625 0.48876953125 0.008544921875 0.01806640625
0 0.0440673828125 0.3792724609375 0.043701171875 0.062744140625
0 0.1529541015625 0.5244140625 0.006103515625 0.01220703125
0 0.8321533203125 0.5008544921875 0.010498046875 0.015380859375
0 0.740234375 0.501953125 0.00927734375 0.0087890625
0 0.5 0.372314453125 0.03759765625 0.03955078125
