0 0.3214111328125 0.8062744140625 0.038330078125 0.052978515625
0 0.502197265625 0.865478515625 0.01171875 0.01611328125
0 0.7349853515625 0.8756103515625 0.010986328125 0.015869140625
0 0.16845703125 0.7027587890625 0.06298828125 0.077880859375
0 0.53369140625 0.864990234375 0.0068359375 0.00634765625
0 0.9864501953125 0.8367919921875 0.026611328125 0.057861328125
0 0.7152099609375 0.882080078125 0.020751953125 0.01220703125
0 0.70068359375 0.8863525390625 0.0048828125 0.013427734375
0 0.9920654296875 0.8780517578125 0.015380859375 0.025146484375
0 0.7005615234375 0.8953857421875 0.007080078125 0.004638671875
0 0.5338134765625 0.8546142578125 0.006591796875 0.014404296875
