0 0.1583251953125 0.6424560546875 0.005126953125 0.009521484375
0 0.530517578125 0.6534423828125 0.01171875 0.015869140625
0 0.4400634765625 0.6602783203125 0.010498046875 0.011474609375
0 0.49658203125 0.6566162109375 0.00439453125 0.007080078125
0 0.5511474609375 0.61767578125 0.011962890625 0.00830078125
0 0.831298828125 0.6646728515625 0.01611328125 0.014892578125
0 0.4439697265625 0.609619140625 0.004638671875 0.0087890625
0 0.1580810546875 0.6011962890625 0.005615234375 0.009521484375
0 0.8570556640625 0.6595458984375 0.004638671875 0.014404296875
0 0.4727783203125 0.6588134765625 0.006591796875 0.008544921875
0 0.2366943359375 0.6109619140625 0.011962890625 0.006591796875
0 0.1278076171875 0.5750732421875 0.008056640625 0.013427734375
0 0.2442626953125 0.66650390625 0.005126953125 0.00341796875
0 0.243408203125 0.6617431640625 0.00390625 0.006591796875
0 0.2442626953125 0.65478515625 0.005126953125 0.00830078125
0 0.246337890625 0.61962890625 0.0068359375 0.00927734375
