0 0.346435546875 0.6990966796875 0.01123046875 0.016357421875
0 0.349609375 0.686279296875 0.00341796875 0.0048828125
0 0.3297119140625 0.7210693359375 0.002197265625 0.004150390625
0 0.3597412109375 0.72216796875 0.002197265625 0.00439453125
0 0.3387451171875 0.7196044921875 0.002197265625 0.004150390625
0 0.3426513671875 0.72021484375 0.002197265625 0.00537109375
0 0.351318359375 0.720458984375 0.001953125 0.0048828125
0 0.3486328125 0.720458984375 0.001953125 0.00439453125
0 0.36474609375 0.686279296875 0.00390625 0.00537109375
0 0.364501953125 0.6771240234375 0.0126953125 0.011962890625
0 0.3787841796875 0.67724609375 0.013427734375 0.0107421875
0 0.379150390625 0.6851806640625 0.00390625 0.005126953125
0 0.367919921875 0.70654296875 0.01025390625 0.01025390625
0 0.50439453125 0.6483154296875 0.01953125 0.008056640625
0 0.33935546875 0.7225341796875 0.00439453125 0.008056640625
0 0.351318359375 0.677490234375 0.0107421875 0.01220703125
0 0.6114501953125 0.635009765625 0.013916015625 0.0234375
0 0.2520751953125 0.5804443359375 0.042724609375 0.071044921875
0 0.3343505859375 0.72021484375 0.002197265625 0.00390625
0 0.61083984375 0.6512451171875 0.01513671875 0.008544921875
