0 0.7554931640625 0.7564697265625 0.039794921875 0.052001953125
0 0.13623046875 0.5478515625 0.03857421875 0.048828125
0 0.597412109375 0.7200927734375 0.02978515625 0.031494140625
0 0.3817138671875 0.5706787109375 0.031005859375 0.047119140625
0 0.708984375 0.749755859375 0.02099609375 0.02001953125
0 0.7060546875 0.7208251953125 0.02783203125 0.030517578125
0 0.5587158203125 0.77197265625 0.035400390625 0.02978515625
0 0.6495361328125 0.6546630859375 0.135498046875 0.060791015625
0 0.5986328125 0.749267578125 0.0205078125 0.02001953125
0 0.596435546875 0.694580078125 0.02294921875 0.01611328125
0 0.3817138671875 0.5687255859375 0.014404296875 0.015380859375
0 0.7037353515625 0.69580078125 0.022216796875 0.01611328125
