0 0.55322265625 0.733642578125 0.01904296875 0.015625
0 0.57470703125 0.7353515625 0.0244140625 0.0107421875
0 0.6456298828125 0.7227783203125 0.057373046875 0.055908203125
0 0.5809326171875 0.7279052734375 0.010498046875 0.003662109375
0 0.55712890625 0.723876953125 0.01025390625 0.00390625
0 0.64697265625 0.75439453125 0.02783203125 0.00634765625
0 0.5728759765625 0.7340087890625 0.004638671875 0.005126953125
0 0.5479736328125 0.73193359375 0.004150390625 0.0048828125
0 0.558837890625 0.7318115234375 0.00390625 0.004638671875
0 0.55322265625 0.73193359375 0.00439453125 0.00537109375
