0 0.0333251953125 0.44873046875 0.029052734375 0.03759765625
0 0.6964111328125 0.368896484375 0.064208984375 0.02978515625
0 0.034912109375 0.4697265625 0.02490234375 0.00927734375
0 0.5738525390625 0.2113037109375 0.116943359375 0.036865234375
0 0.5745849609375 0.2471923828125 0.116943359375 0.034423828125
0 0.7352294921875 0.2052001953125 0.098388671875 0.033935546875
0 0.66845703125 0.1839599609375 0.03271484375 0.073486328125
0 0.670166015625 0.2216796875 0.03466796875 0.06982421875
0 0.218017578125 0.4285888671875 0.0185546875 0.030029296875
0 0.5638427734375 0.394287109375 0.018310546875 0.025390625
