0 0.697998046875 0.39501953125 0.0166015625 0.02197265625
0 0.5218505859375 0.4027099609375 0.012451171875 0.016357421875
0 0.5223388671875 0.370849609375 0.012451171875 0.01611328125
0 0.521484375 0.3870849609375 0.01171875 0.014892578125
0 0.5220947265625 0.418701171875 0.008544921875 0.00732421875
0 0.548095703125 0.3931884765625 0.02392578125 0.026123046875
0 0.853759765625 0.387451171875 0.03125 0.0185546875
0 0.9619140625 0.3804931640625 0.01416015625 0.008056640625
0 0.853271484375 0.3997802734375 0.0078125 0.004638671875
0 0.5435791015625 0.3896484375 0.009521484375 0.01220703125
0 0.3623046875 0.377685546875 0.0107421875 0.013671875
0 0.431884765625 0.40966796875 0.005859375 0.0068359375
0 0.36279296875 0.39208984375 0.01025390625 0.01416015625
0 0.458984375 0.406494140625 0.00341796875 0.00341796875
0 0.3629150390625 0.4063720703125 0.010986328125 0.012939453125
0 0.4703369140625 0.409912109375 0.002685546875 0.005859375
