0 0.541259765625 0.6968994140625 0.00537109375 0.007080078125
0 0.5068359375 0.7200927734375 0.00439453125 0.007080078125
0 0.691650390625 0.5975341796875 0.02490234375 0.031982421875
0 0.6849365234375 0.60400390625 0.028564453125 0.033203125
0 0.5792236328125 0.690185546875 0.008544921875 0.01171875
0 0.693603515625 0.65234375 0.02001953125 0.01416015625
0 0.6959228515625 0.6663818359375 0.018310546875 0.012939453125
0 0.6851806640625 0.649169921875 0.021240234375 0.0263671875
0 0.68505859375 0.626953125 0.02587890625 0.0107421875
0 0.4736328125 0.7430419921875 0.02490234375 0.033447265625
0 0.560546875 0.69580078125 0.00634765625 0.00927734375
0 0.56689453125 0.6978759765625 0.00634765625 0.006103515625
0 0.31494140625 0.6964111328125 0.01025390625 0.016845703125
0 0.566650390625 0.6890869140625 0.0068359375 0.010986328125
0 0.00830078125 0.6400146484375 0.0166015625 0.085693359375
0 0.525390625 0.705078125 0.0048828125 0.00830078125
