0 0.798583984375 0.2943115234375 0.02685546875 0.028564453125
0 0.798828125 0.3299560546875 0.02978515625 0.040283203125
0 0.472412109375 0.3997802734375 0.00634765625 0.008056640625
0 0.7991943359375 0.2576904296875 0.032958984375 0.042724609375
0 0.75146484375 0.343017578125 0.01953125 0.02490234375
0 0.74951171875 0.3692626953125 0.01953125 0.023681640625
0 0.750732421875 0.3856201171875 0.02001953125 0.009521484375
0 0.68603515625 0.372802734375 0.0068359375 0.00927734375
0 0.686279296875 0.3787841796875 0.00634765625 0.008056640625
0 0.545166015625 0.38232421875 0.017578125 0.0087890625
0 0.5447998046875 0.3707275390625 0.008544921875 0.009033203125
0 0.546142578125 0.3975830078125 0.015625 0.009033203125
0 0.54541015625 0.38916015625 0.0166015625 0.009765625
0 0.5472412109375 0.4046630859375 0.015869140625 0.008056640625
0 0.537841796875 0.412109375 0.013671875 0.0341796875
