0 0.3167724609375 0.55419921875 0.019775390625 0.02490234375
0 0.5960693359375 0.489013671875 0.097900390625 0.19775390625
0 0.4254150390625 0.615966796875 0.023193359375 0.03076171875
0 0.2060546875 0.65576171875 0.00390625 0.0078125
0 0.0743408203125 0.641845703125 0.014404296875 0.01953125
0 0.572021484375 0.4754638671875 0.0244140625 0.031494140625
0 0.613525390625 0.5115966796875 0.0205078125 0.032470703125
0 0.571044921875 0.5068359375 0.025390625 0.03466796875
0 0.399658203125 0.564453125 0.0185546875 0.0244140625
0 0.614501953125 0.4805908203125 0.0234375 0.030029296875
