0 0.660888671875 0.464599609375 0.00537109375 0.00927734375
0 0.7958984375 0.4261474609375 0.021484375 0.036376953125
0 0.53369140625 0.422607421875 0.0185546875 0.03369140625
0 0.7052001953125 0.4627685546875 0.007568359375 0.011474609375
0 0.3314208984375 0.2349853515625 0.135986328125 0.301513671875
0 0.6602783203125 0.4732666015625 0.021728515625 0.009521484375
0 0.659912109375 0.4818115234375 0.02197265625 0.007080078125
0 0.5948486328125 0.4610595703125 0.005615234375 0.009521484375
0 0.5830078125 0.4541015625 0.00732421875 0.005859375
0 0.5849609375 0.458251953125 0.005859375 0.00390625
0 0.537353515625 0.46142578125 0.00732421875 0.01806640625
0 0.7913818359375 0.47314453125 0.009033203125 0.00830078125
