0 0.5123291015625 0.643310546875 0.012939453125 0.0302734375
0 0.65625 0.6405029296875 0.0244140625 0.039306640625
0 0.3231201171875 0.4893798828125 0.041259765625 0.113037109375
0 0.68408203125 0.6483154296875 0.02392578125 0.037353515625
0 0.6356201171875 0.664794921875 0.008544921875 0.01416015625
0 0.5238037109375 0.637939453125 0.016845703125 0.00927734375
0 0.5277099609375 0.66162109375 0.005126953125 0.015625
0 0.567626953125 0.67529296875 0.00390625 0.00634765625
0 0.5640869140625 0.674560546875 0.003662109375 0.0068359375
0 0.5308837890625 0.647216796875 0.002685546875 0.005859375
0 0.5240478515625 0.647216796875 0.017822265625 0.009765625
