0 0.136474609375 0.3433837890625 0.01611328125 0.050537109375
0 0.9080810546875 0.4046630859375 0.010009765625 0.014404296875
0 0.405029296875 0.359375 0.0244140625 0.04052734375
0 0.9520263671875 0.4052734375 0.008544921875 0.01318359375
0 0.1922607421875 0.3968505859375 0.017822265625 0.012939453125
0 0.924072265625 0.39208984375 0.01025390625 0.01220703125
0 0.1358642578125 0.3345947265625 0.012451171875 0.025634765625
0 0.5380859375 0.3707275390625 0.01904296875 0.046630859375
0 0.772216796875 0.3883056640625 0.01416015625 0.024169921875
0 0.991943359375 0.4063720703125 0.00732421875 0.010986328125
0 0.1925048828125 0.4088134765625 0.018310546875 0.010498046875
