0 0.5247802734375 0.75146484375 0.008056640625 0.013671875
0 0.676025390625 0.701171875 0.0478515625 0.0283203125
0 0.4794921875 0.6964111328125 0.017578125 0.031982421875
0 0.4266357421875 0.7281494140625 0.020263671875 0.038818359375
0 0.67431640625 0.6922607421875 0.04345703125 0.009521484375
0 0.54541015625 0.7496337890625 0.01708984375 0.037841796875
0 0.6806640625 0.7042236328125 0.03759765625 0.012939453125
0 0.65576171875 0.706298828125 0.00634765625 0.005859375
0 0.68408203125 0.7666015625 0.00390625 0.0078125
0 0.6822509765625 0.7681884765625 0.011474609375 0.026611328125
0 0.5484619140625 0.7467041015625 0.007080078125 0.010986328125
0 0.478515625 0.719970703125 0.01806640625 0.01318359375
0 0.52392578125 0.7657470703125 0.0078125 0.010986328125
