0 0.061767578125 0.4920654296875 0.0166015625 0.039794921875
0 0.0250244140625 0.3865966796875 0.022216796875 0.078857421875
0 0.057373046875 0.5806884765625 0.01025390625 0.078369140625
0 0.0147705078125 0.5181884765625 0.020751953125 0.057861328125
0 0.081787109375 0.4888916015625 0.01611328125 0.051513671875
0 0.041748046875 0.4703369140625 0.01953125 0.047607421875
0 0.086669921875 0.4228515625 0.01904296875 0.05908203125
0 0.0482177734375 0.3941650390625 0.019775390625 0.059326171875
0 0.10986328125 0.5977783203125 0.0205078125 0.047119140625
0 0.0799560546875 0.54638671875 0.017822265625 0.04345703125
0 0.03759765625 0.5919189453125 0.0185546875 0.050048828125
0 0.0758056640625 0.5965576171875 0.015380859375 0.039794921875
0 0.01123046875 0.58642578125 0.0224609375 0.0517578125
0 0.037841796875 0.531005859375 0.01708984375 0.0556640625
0 0.111328125 0.526611328125 0.0185546875 0.05712890625
0 0.0184326171875 0.457275390625 0.018310546875 0.044921875
0 0.6065673828125 0.56396484375 0.027587890625 0.05322265625
0 0.115478515625 0.45654296875 0.013671875 0.06005859375
