0 0.54443359375 0.482421875 0.00537109375 0.01513671875
0 0.6341552734375 0.488037109375 0.004638671875 0.00927734375
0 0.54443359375 0.4979248046875 0.00439453125 0.012451171875
0 0.765625 0.5029296875 0.0048828125 0.01220703125
0 0.0084228515625 0.50341796875 0.010498046875 0.0078125
0 0.7659912109375 0.4886474609375 0.004638671875 0.011962890625
0 0.5440673828125 0.5098876953125 0.004638671875 0.008056640625
0 0.7255859375 0.4979248046875 0.005859375 0.006103515625
0 0.0225830078125 0.5240478515625 0.010986328125 0.007568359375
0 0.8553466796875 0.4945068359375 0.002197265625 0.003173828125
