0 0.3736572265625 0.693359375 0.022216796875 0.00732421875
0 0.3707275390625 0.6741943359375 0.008056640625 0.006591796875
0 0.8436279296875 0.62451171875 0.011962890625 0.01025390625
0 0.719970703125 0.676513671875 0.0234375 0.00830078125
0 0.2073974609375 0.72509765625 0.005615234375 0.01318359375
0 0.4122314453125 0.6724853515625 0.007568359375 0.012451171875
0 0.328369140625 0.6556396484375 0.00390625 0.012451171875
0 0.3126220703125 0.650146484375 0.004150390625 0.0126953125
0 0.143310546875 0.70068359375 0.013671875 0.0205078125
0 0.5107421875 0.6917724609375 0.01904296875 0.026611328125
0 0.9422607421875 0.6788330078125 0.026123046875 0.033447265625
0 0.9447021484375 0.6978759765625 0.013427734375 0.009521484375
0 0.8006591796875 0.6387939453125 0.004638671875 0.016357421875
0 0.8165283203125 0.6339111328125 0.005126953125 0.017822265625
0 0.9171142578125 0.689453125 0.020263671875 0.029296875
0 0.8209228515625 0.6923828125 0.005126953125 0.00732421875
0 0.8533935546875 0.6907958984375 0.007080078125 0.004150390625
0 0.854248046875 0.697509765625 0.0087890625 0.0078125
0 0.855224609375 0.7061767578125 0.0078125 0.008544921875
0 0.8558349609375 0.71337890625 0.007080078125 0.00537109375
0 0.8212890625 0.7108154296875 0.01220703125 0.013916015625
0 0.81982421875 0.7293701171875 0.0068359375 0.004638671875
0 0.7564697265625 0.7178955078125 0.004150390625 0.004638671875
0 0.7529296875 0.6917724609375 0.00341796875 0.003662109375
0 0.747314453125 0.6905517578125 0.0048828125 0.007080078125
0 0.7181396484375 0.6929931640625 0.005615234375 0.007568359375
0 0.724609375 0.692626953125 0.0048828125 0.0078125
0 0.672119140625 0.6756591796875 0.009765625 0.012451171875
0 0.7403564453125 0.7120361328125 0.010498046875 0.012939453125
0 0.7352294921875 0.6607666015625 0.010498046875 0.014892578125
