0 0.96630859375 0.357666015625 0.0087890625 0.02099609375
0 0.5352783203125 0.1722412109375 0.061279296875 0.027099609375
0 0.52880859375 0.2440185546875 0.07568359375 0.075439453125
0 0.45361328125 0.2470703125 0.0771484375 0.07421875
0 0.378173828125 0.250732421875 0.0771484375 0.07421875
0 0.609375 0.348388671875 0.0263671875 0.0322265625
0 0.609130859375 0.38330078125 0.0244140625 0.03466796875
0 0.4954833984375 0.4603271484375 0.006103515625 0.003173828125
0 0.4879150390625 0.458740234375 0.004150390625 0.00634765625
0 0.4525146484375 0.45751953125 0.009033203125 0.005859375
0 0.431640625 0.461181640625 0.00439453125 0.00732421875
0 0.632080078125 0.4195556640625 0.0234375 0.031494140625
0 0.4608154296875 0.4859619140625 0.006591796875 0.009033203125
0 0.421875 0.49072265625 0.0126953125 0.0087890625
0 0.533447265625 0.2489013671875 0.05712890625 0.041748046875
0 0.353515625 0.47021484375 0.00830078125 0.005859375
