0 0.5845947265625 0.63134765625 0.011474609375 0.01416015625
0 0.6419677734375 0.5487060546875 0.023193359375 0.009033203125
0 0.12841796875 0.55712890625 0.02197265625 0.017578125
0 0.62353515625 0.617431640625 0.00830078125 0.009765625
0 0.6636962890625 0.57421875 0.010498046875 0.01708984375
0 0.6231689453125 0.607177734375 0.008544921875 0.009765625
0 0.62353515625 0.63330078125 0.0087890625 0.00927734375
0 0.5263671875 0.54736328125 0.00830078125 0.0146484375
0 0.62353515625 0.6248779296875 0.00830078125 0.005615234375
0 0.6231689453125 0.599365234375 0.008056640625 0.0048828125
0 0.260498046875 0.62451171875 0.00830078125 0.01318359375
