0 0.119873046875 0.7501220703125 0.01123046875 0.036376953125
0 0.7645263671875 0.64208984375 0.035400390625 0.056640625
0 0.7625732421875 0.5810546875 0.043212890625 0.06640625
0 0.12548828125 0.745849609375 0.0341796875 0.05615234375
0 0.8741455078125 0.56640625 0.072998046875 0.12060546875
0 0.3133544921875 0.7479248046875 0.005615234375 0.022216796875
0 0.1082763671875 0.698974609375 0.031982421875 0.01513671875
0 0.6478271484375 0.767578125 0.010986328125 0.0205078125
0 0.6119384765625 0.7723388671875 0.016845703125 0.014892578125
0 0.6123046875 0.791748046875 0.01416015625 0.02099609375
0 0.7193603515625 0.7535400390625 0.007568359375 0.012939453125
0 0.607421875 0.747802734375 0.00634765625 0.009765625
0 0.6141357421875 0.747314453125 0.004638671875 0.00927734375
0 0.610595703125 0.745361328125 0.01611328125 0.037109375
0 0.1182861328125 0.7127685546875 0.011962890625 0.012451171875
