0 0.6302490234375 0.549560546875 0.020751953125 0.03125
0 0.529541015625 0.540283203125 0.01416015625 0.0224609375
0 0.041259765625 0.5020751953125 0.01171875 0.014892578125
0 0.8826904296875 0.5714111328125 0.046142578125 0.065185546875
0 0.396484375 0.5302734375 0.00830078125 0.013671875
0 0.4542236328125 0.53466796875 0.009521484375 0.01611328125
0 0.3031005859375 0.5234375 0.007080078125 0.01025390625
0 0.347412109375 0.5272216796875 0.0078125 0.011474609375
0 0.260009765625 0.52001953125 0.00634765625 0.01025390625
0 0.219970703125 0.5181884765625 0.00634765625 0.009521484375
