0 0.50146484375 0.579833984375 0.0263671875 0.0400390625
0 0.4693603515625 0.5843505859375 0.026611328125 0.039794921875
0 0.54150390625 0.58447265625 0.0068359375 0.01318359375
0 0.50830078125 0.58837890625 0.0078125 0.013671875
0 0.476318359375 0.592041015625 0.00732421875 0.01318359375
0 0.5283203125 0.5858154296875 0.0068359375 0.012451171875
0 0.4630126953125 0.593505859375 0.006591796875 0.01220703125
0 0.4951171875 0.58984375 0.0068359375 0.01220703125
0 0.5345458984375 0.57666015625 0.026611328125 0.03955078125
0 0.5299072265625 0.6458740234375 0.007080078125 0.005615234375
0 0.5296630859375 0.6402587890625 0.007080078125 0.007080078125
