0 0.576904296875 0.6768798828125 0.02490234375 0.041748046875
0 0.4859619140625 0.563232421875 0.032470703125 0.04052734375
0 0.437255859375 0.5101318359375 0.0048828125 0.006103515625
0 0.7926025390625 0.521240234375 0.018310546875 0.00830078125
0 0.427490234375 0.5059814453125 0.00341796875 0.005126953125
0 0.4464111328125 0.5242919921875 0.007080078125 0.003173828125
0 0.456787109375 0.6243896484375 0.033203125 0.014892578125
0 0.4635009765625 0.5325927734375 0.003173828125 0.005615234375
0 0.4542236328125 0.5147705078125 0.005126953125 0.006591796875
0 0.4373779296875 0.504638671875 0.003173828125 0.0068359375
0 0.478515625 0.509033203125 0.0029296875 0.00390625
0 0.48779296875 0.5072021484375 0.00341796875 0.004638671875
0 0.3922119140625 0.5084228515625 0.001708984375 0.003662109375
