0 0.9727783203125 0.2308349609375 0.016845703125 0.010986328125
0 0.116943359375 0.15576171875 0.07080078125 0.13818359375
0 0.97314453125 0.215576171875 0.01904296875 0.025390625
0 0.9510498046875 0.10595703125 0.050537109375 0.04541015625
0 0.1348876953125 0.2843017578125 0.075439453125 0.117919921875
0 0.7908935546875 0.2178955078125 0.013427734375 0.051025390625
0 0.97412109375 0.2496337890625 0.017578125 0.024658203125
0 0.1624755859375 0.369384765625 0.013427734375 0.03466796875
0 0.793701171875 0.158203125 0.0087890625 0.0576171875
0 0.9532470703125 0.1453857421875 0.049560546875 0.048583984375
