0 0.2752685546875 0.410888671875 0.017822265625 0.02197265625
0 0.2772216796875 0.3790283203125 0.026611328125 0.046630859375
0 0.59619140625 0.2503662109375 0.07080078125 0.050537109375
0 0.3524169921875 0.4625244140625 0.005615234375 0.007080078125
0 0.3426513671875 0.4581298828125 0.009521484375 0.010986328125
0 0.35400390625 0.453857421875 0.00927734375 0.01318359375
0 0.3914794921875 0.4598388671875 0.012939453125 0.012939453125
0 0.3914794921875 0.45166015625 0.013916015625 0.00634765625
0 0.4520263671875 0.46533203125 0.006591796875 0.0078125
0 0.4000244140625 0.466552734375 0.005126953125 0.00634765625
0 0.45166015625 0.4732666015625 0.0048828125 0.006591796875
