0 0.71044921875 0.414306640625 0.01513671875 0.0263671875
0 0.69482421875 0.4097900390625 0.0146484375 0.025634765625
0 0.8463134765625 0.4271240234375 0.024169921875 0.009033203125
0 0.5552978515625 0.442626953125 0.006103515625 0.00830078125
0 0.69384765625 0.4267578125 0.0107421875 0.01318359375
0 0.828125 0.4189453125 0.01171875 0.0078125
0 0.314208984375 0.456787109375 0.00390625 0.0068359375
0 0.5555419921875 0.432373046875 0.006591796875 0.01123046875
0 0.555419921875 0.450927734375 0.005859375 0.0068359375
0 0.5740966796875 0.4354248046875 0.014404296875 0.042236328125
0 0.5736083984375 0.4862060546875 0.003173828125 0.022216796875
