0 0.685546875 0.491943359375 0.0185546875 0.0263671875
0 0.46533203125 0.492919921875 0.0126953125 0.01611328125
0 0.518310546875 0.51318359375 0.005859375 0.00927734375
0 0.924072265625 0.4769287109375 0.02734375 0.024658203125
0 0.629150390625 0.5179443359375 0.0087890625 0.011962890625
0 0.8912353515625 0.47509765625 0.031005859375 0.0244140625
0 0.6146240234375 0.5264892578125 0.006103515625 0.007080078125
0 0.53515625 0.52685546875 0.0048828125 0.00634765625
0 0.906494140625 0.4329833984375 0.0126953125 0.046630859375
0 0.1571044921875 0.3927001953125 0.035400390625 0.031005859375
0 0.1258544921875 0.3907470703125 0.019287109375 0.025146484375
