0 0.132080078125 0.537109375 0.02490234375 0.06640625
0 0.7384033203125 0.5008544921875 0.003173828125 0.013427734375
0 0.002685546875 0.4757080078125 0.00439453125 0.002685546875
0 0.00732421875 0.4754638671875 0.0029296875 0.005126953125
0 0.4539794921875 0.47412109375 0.004150390625 0.01025390625
0 0.0267333984375 0.478759765625 0.002685546875 0.0029296875
0 0.02685546875 0.48193359375 0.0029296875 0.0029296875
0 0.0587158203125 0.4927978515625 0.003173828125 0.009521484375
0 0.0172119140625 0.47802734375 0.006103515625 0.00341796875
0 0.0111083984375 0.4754638671875 0.002685546875 0.006103515625
