0 0.71435546875 0.6207275390625 0.01123046875 0.014892578125
0 0.75048828125 0.5955810546875 0.01220703125 0.014892578125
0 0.2039794921875 0.580078125 0.008544921875 0.01416015625
0 0.7384033203125 0.595458984375 0.011962890625 0.01513671875
0 0.2181396484375 0.580322265625 0.007080078125 0.013671875
0 0.7261962890625 0.594970703125 0.010498046875 0.01611328125
0 0.714599609375 0.5948486328125 0.00927734375 0.013916015625
0 0.18994140625 0.579833984375 0.00732421875 0.01220703125
0 0.1766357421875 0.5872802734375 0.011962890625 0.026611328125
0 0.22412109375 0.565673828125 0.0048828125 0.009765625
0 0.232666015625 0.5799560546875 0.00732421875 0.014404296875
0 0.1865234375 0.566162109375 0.00390625 0.00830078125
0 0.2479248046875 0.5416259765625 0.006103515625 0.010498046875
0 0.17822265625 0.5445556640625 0.0048828125 0.010009765625
