0 0.5234375 0.3758544921875 0.01806640625 0.024658203125
0 0.5909423828125 0.385498046875 0.008544921875 0.01025390625
0 0.5821533203125 0.40087890625 0.026123046875 0.0087890625
0 0.1422119140625 0.4351806640625 0.038330078125 0.080322265625
0 0.5440673828125 0.420166015625 0.006103515625 0.01171875
0 0.0775146484375 0.43994140625 0.051513671875 0.09033203125
0 0.5831298828125 0.4166259765625 0.024658203125 0.009521484375
0 0.0101318359375 0.44775390625 0.020263671875 0.095703125
0 0.860595703125 0.40625 0.0166015625 0.02734375
0 0.5826416015625 0.4093017578125 0.025634765625 0.007568359375
0 0.7799072265625 0.3880615234375 0.010009765625 0.011962890625
