0 0.456787109375 0.3992919921875 0.03857421875 0.088623046875
0 0.4710693359375 0.3685302734375 0.007080078125 0.011962890625
0 0.7236328125 0.4000244140625 0.0087890625 0.017822265625
0 0.7247314453125 0.4442138671875 0.008056640625 0.014404296875
0 0.7412109375 0.45556640625 0.0185546875 0.03076171875
0 0.7525634765625 0.38623046875 0.020263671875 0.03466796875
0 0.5224609375 0.37060546875 0.0146484375 0.0205078125
0 0.4493408203125 0.3814697265625 0.021240234375 0.039306640625
0 0.449462890625 0.41943359375 0.02099609375 0.0361328125
0 0.467529296875 0.4237060546875 0.0146484375 0.033447265625
0 0.4678955078125 0.3885498046875 0.014892578125 0.036376953125
