0 0.422119140625 0.4884033203125 0.01123046875 0.015380859375
0 0.650634765625 0.5955810546875 0.001953125 0.010009765625
0 0.499267578125 0.55029296875 0.001953125 0.001953125
0 0.5462646484375 0.565185546875 0.005126953125 0.0029296875
0 0.499267578125 0.54736328125 0.001953125 0.00341796875
0 0.3248291015625 0.5704345703125 0.003173828125 0.003173828125
0 0.4993896484375 0.55322265625 0.002197265625 0.0029296875
0 0.4991455078125 0.5421142578125 0.003173828125 0.001220703125
0 0.4993896484375 0.544677734375 0.002197265625 0.00244140625
0 0.5208740234375 0.553955078125 0.006103515625 0.00732421875
0 0.4490966796875 0.5537109375 0.006591796875 0.0068359375
0 0.5372314453125 0.5819091796875 0.002685546875 0.008544921875
0 0.532958984375 0.557861328125 0.0048828125 0.01025390625
0 0.7640380859375 0.5960693359375 0.005126953125 0.009521484375
0 0.5433349609375 0.528564453125 0.030029296875 0.00732421875
0 0.9365234375 0.5682373046875 0.01806640625 0.021728515625
0 0.0177001953125 0.494140625 0.011474609375 0.02197265625
0 0.6507568359375 0.57861328125 0.001708984375 0.0146484375
