0 0.680419921875 0.7037353515625 0.00927734375 0.013916015625
0 0.7674560546875 0.712890625 0.011474609375 0.01611328125
0 0.58203125 0.671875 0.005859375 0.00732421875
0 0.3677978515625 0.7105712890625 0.005615234375 0.009033203125
0 0.6041259765625 0.6951904296875 0.005615234375 0.008056640625
0 0.366943359375 0.725830078125 0.0048828125 0.0078125
0 0.5484619140625 0.712646484375 0.007568359375 0.01025390625
0 0.3670654296875 0.7176513671875 0.005615234375 0.005126953125
0 0.31103515625 0.74560546875 0.00244140625 0.01171875
0 0.3662109375 0.7464599609375 0.00439453125 0.010009765625
0 0.548095703125 0.7222900390625 0.00634765625 0.008544921875
0 0.5819091796875 0.6796875 0.006103515625 0.00732421875
0 0.576904296875 0.7503662109375 0.00927734375 0.011962890625
0 0.2027587890625 0.73828125 0.025634765625 0.01220703125
0 0.5936279296875 0.6947021484375 0.041259765625 0.015869140625
0 0.5927734375 0.6754150390625 0.0419921875 0.021728515625
