0 0.5633544921875 0.491943359375 0.014404296875 0.01904296875
0 0.6378173828125 0.530029296875 0.011474609375 0.01904296875
0 0.818359375 0.4764404296875 0.01904296875 0.022705078125
0 0.506103515625 0.4708251953125 0.01611328125 0.013916015625
0 0.636962890625 0.5523681640625 0.00732421875 0.025146484375
0 0.7364501953125 0.475341796875 0.016357421875 0.021484375
0 0.5386962890625 0.485107421875 0.004150390625 0.0087890625
0 0.81884765625 0.507080078125 0.01953125 0.01025390625
0 0.736572265625 0.4735107421875 0.0068359375 0.011474609375
0 0.819091796875 0.521728515625 0.01953125 0.01513671875
0 0.81884765625 0.4959716796875 0.0185546875 0.010986328125
