0 0.0126953125 0.363037109375 0.025390625 0.0771484375
0 0.8267822265625 0.4176025390625 0.029541015625 0.038818359375
0 0.79052734375 0.2987060546875 0.03515625 0.046142578125
0 0.7711181640625 0.4998779296875 0.023193359375 0.030029296875
0 0.95703125 0.339111328125 0.08447265625 0.23095703125
0 0.825927734375 0.4588623046875 0.01416015625 0.011962890625
0 0.6943359375 0.467529296875 0.037109375 0.02294921875
0 0.7037353515625 0.4678955078125 0.015869140625 0.019287109375
0 0.6190185546875 0.4659423828125 0.011962890625 0.014892578125
0 0.62255859375 0.465087890625 0.03515625 0.0205078125
0 0.9432373046875 0.3724365234375 0.033935546875 0.026123046875
0 0.771728515625 0.51220703125 0.06103515625 0.1171875
0 0.6578369140625 0.4664306640625 0.034423828125 0.021240234375
0 0.4315185546875 0.46435546875 0.017333984375 0.02294921875
0 0.591064453125 0.4619140625 0.0244140625 0.01708984375
