0 0.4635009765625 0.724609375 0.026123046875 0.0361328125
0 0.2835693359375 0.5821533203125 0.018310546875 0.025146484375
0 0.3133544921875 0.6429443359375 0.089599609375 0.073974609375
0 0.4873046875 0.7232666015625 0.01123046875 0.014404296875
0 0.3118896484375 0.702392578125 0.089111328125 0.0390625
0 0.310546875 0.743408203125 0.087890625 0.037109375
0 0.5389404296875 0.73583984375 0.005126953125 0.00439453125
0 0.5386962890625 0.7296142578125 0.005615234375 0.007568359375
0 0.315185546875 0.584228515625 0.08837890625 0.0380859375
0 0.548095703125 0.74365234375 0.001953125 0.005859375
0 0.538818359375 0.7237548828125 0.00537109375 0.003662109375
0 0.4873046875 0.7353515625 0.00634765625 0.0068359375
0 0.624267578125 0.734375 0.0048828125 0.0068359375
