0 0.506103515625 0.4512939453125 0.0224609375 0.037841796875
0 0.1788330078125 0.4755859375 0.010498046875 0.017578125
0 0.505126953125 0.4866943359375 0.01904296875 0.033935546875
0 0.2449951171875 0.48193359375 0.010009765625 0.01708984375
0 0.50390625 0.5157470703125 0.01904296875 0.018310546875
0 0.3494873046875 0.4678955078125 0.010498046875 0.027099609375
0 0.349365234375 0.4666748046875 0.0087890625 0.014404296875
0 0.244140625 0.506103515625 0.00634765625 0.03125
0 0.04052734375 0.4814453125 0.00390625 0.00634765625
0 0.366943359375 0.4989013671875 0.06640625 0.035888671875
0 0.039794921875 0.491943359375 0.00341796875 0.0146484375
0 0.177734375 0.50146484375 0.005859375 0.033203125
0 0.96435546875 0.551025390625 0.05859375 0.0966796875
