0 0.964111328125 0.5726318359375 0.044921875 0.008056640625
0 0.85595703125 0.4774169921875 0.01416015625 0.026123046875
0 0.6064453125 0.638916015625 0.00830078125 0.01318359375
0 0.6064453125 0.646484375 0.00341796875 0.0068359375
0 0.643310546875 0.5802001953125 0.0224609375 0.009521484375
0 0.258544921875 0.537353515625 0.00927734375 0.01513671875
0 0.9910888671875 0.638916015625 0.009521484375 0.01708984375
0 0.718505859375 0.6387939453125 0.00927734375 0.012939453125
0 0.7857666015625 0.629638671875 0.025634765625 0.0341796875
0 0.64453125 0.6400146484375 0.00927734375 0.012451171875
0 0.989990234375 0.622802734375 0.01123046875 0.01611328125
