0 0.68798828125 0.588134765625 0.06884765625 0.09716796875
0 0.698486328125 0.5833740234375 0.01123046875 0.018798828125
0 0.663330078125 0.5364990234375 0.02099609375 0.016357421875
0 0.677490234375 0.585693359375 0.0126953125 0.01953125
0 0.6488037109375 0.6336669921875 0.004638671875 0.007080078125
0 0.5472412109375 0.62646484375 0.008056640625 0.0185546875
0 0.5303955078125 0.642333984375 0.005126953125 0.00830078125
0 0.6614990234375 0.60205078125 0.025634765625 0.04638671875
0 0.5472412109375 0.6153564453125 0.008056640625 0.004638671875
0 0.580810546875 0.62939453125 0.00341796875 0.0048828125
0 0.5810546875 0.6353759765625 0.00341796875 0.004638671875
0 0.60693359375 0.611572265625 0.02099609375 0.0390625
0 0.5831298828125 0.6307373046875 0.010986328125 0.016845703125
