0 0.1329345703125 0.49267578125 0.008544921875 0.02197265625
0 0.4307861328125 0.4757080078125 0.010009765625 0.024658203125
0 0.4305419921875 0.4920654296875 0.004150390625 0.010498046875
0 0.54541015625 0.4959716796875 0.013671875 0.028564453125
0 0.5975341796875 0.44140625 0.022216796875 0.0458984375
0 0.4759521484375 0.4783935546875 0.004638671875 0.008056640625
0 0.5615234375 0.4615478515625 0.01123046875 0.016357421875
0 0.59765625 0.4718017578125 0.01318359375 0.012939453125
0 0.5631103515625 0.4796142578125 0.006103515625 0.016845703125
0 0.133056640625 0.5062255859375 0.005859375 0.006591796875
0 0.4759521484375 0.4864501953125 0.003662109375 0.004638671875
