0 0.41064453125 0.5478515625 0.0048828125 0.0126953125
0 0.801025390625 0.517333984375 0.0341796875 0.0810546875
0 0.42333984375 0.558349609375 0.0244140625 0.01220703125
0 0.1768798828125 0.565673828125 0.003662109375 0.0146484375
0 0.178955078125 0.5672607421875 0.00390625 0.009033203125
0 0.3958740234375 0.5531005859375 0.002197265625 0.010498046875
0 0.1767578125 0.555419921875 0.0029296875 0.00439453125
0 0.4163818359375 0.5692138671875 0.006103515625 0.014404296875
0 0.3958740234375 0.54150390625 0.002197265625 0.0126953125
0 0.4122314453125 0.5587158203125 0.007080078125 0.010986328125
