0 0.1016845703125 0.56591796875 0.010498046875 0.01318359375
0 0.8653564453125 0.4498291015625 0.011474609375 0.019287109375
0 0.122802734375 0.5906982421875 0.00537109375 0.009521484375
0 0.1019287109375 0.5755615234375 0.008544921875 0.006103515625
0 0.1285400390625 0.5733642578125 0.006591796875 0.012451171875
0 0.15283203125 0.5667724609375 0.03173828125 0.041748046875
0 0.158447265625 0.560546875 0.0068359375 0.005859375
0 0.2816162109375 0.527099609375 0.007080078125 0.02392578125
0 0.5653076171875 0.4930419921875 0.023193359375 0.010986328125
0 0.14013671875 0.56201171875 0.00732421875 0.00537109375
