0 0.6744384765625 0.634521484375 0.014404296875 0.01904296875
0 0.5809326171875 0.7032470703125 0.021240234375 0.014404296875
0 0.5357666015625 0.709716796875 0.007080078125 0.00439453125
0 0.56494140625 0.711181640625 0.009765625 0.0068359375
0 0.6785888671875 0.5679931640625 0.038330078125 0.026611328125
0 0.7886962890625 0.6787109375 0.007080078125 0.01806640625
0 0.6806640625 0.6192626953125 0.041015625 0.079345703125
0 0.6380615234375 0.72509765625 0.003662109375 0.00830078125
0 0.59521484375 0.5225830078125 0.12109375 0.082763671875
0 0.6729736328125 0.61328125 0.013916015625 0.01904296875
0 0.688232421875 0.5919189453125 0.01416015625 0.018798828125
0 0.7607421875 0.5103759765625 0.13037109375 0.086181640625
0 0.7904052734375 0.6983642578125 0.010498046875 0.020263671875
0 0.6722412109375 0.59326171875 0.013916015625 0.0185546875
0 0.6893310546875 0.612548828125 0.013916015625 0.01904296875
0 0.6905517578125 0.6331787109375 0.013916015625 0.018310546875
0 0.63720703125 0.7159423828125 0.00390625 0.007080078125
0 0.6944580078125 0.7108154296875 0.010498046875 0.011474609375
