0 0.4434814453125 0.4805908203125 0.006103515625 0.008544921875
0 0.510986328125 0.4871826171875 0.01123046875 0.013916015625
0 0.4912109375 0.4796142578125 0.00634765625 0.008544921875
0 0.571044921875 0.47412109375 0.01123046875 0.01025390625
0 0.443603515625 0.4874267578125 0.00341796875 0.004638671875
0 0.5709228515625 0.4903564453125 0.012939453125 0.017822265625
0 0.4661865234375 0.48779296875 0.004638671875 0.00390625
0 0.4532470703125 0.4822998046875 0.002685546875 0.002685546875
0 0.466552734375 0.4837646484375 0.00244140625 0.003662109375
0 0.4912109375 0.4864501953125 0.00390625 0.005615234375
