0 0.1607666015625 0.546875 0.050537109375 0.064453125
0 0.32373046875 0.622314453125 0.00732421875 0.01123046875
0 0.1641845703125 0.48486328125 0.053955078125 0.06201171875
0 0.961669921875 0.5299072265625 0.07568359375 0.090087890625
0 0.2281494140625 0.590576171875 0.022705078125 0.00830078125
0 0.254150390625 0.591552734375 0.015625 0.00439453125
0 0.249755859375 0.5963134765625 0.00537109375 0.005126953125
0 0.4471435546875 0.6436767578125 0.018310546875 0.026123046875
0 0.2271728515625 0.5963134765625 0.006103515625 0.005126953125
0 0.32421875 0.613037109375 0.00732421875 0.00830078125
0 0.0086669921875 0.5826416015625 0.017333984375 0.146240234375
0 0.1943359375 0.61474609375 0.0068359375 0.0087890625
0 0.275390625 0.6195068359375 0.005859375 0.008056640625
0 0.6318359375 0.6512451171875 0.0107421875 0.014892578125
