0 0.7200927734375 0.4061279296875 0.035888671875 0.033447265625
0 0.7589111328125 0.40185546875 0.040771484375 0.0458984375
0 0.779296875 0.4664306640625 0.00732421875 0.010986328125
0 0.8175048828125 0.4527587890625 0.009521484375 0.015869140625
0 0.4884033203125 0.47900390625 0.008544921875 0.01220703125
0 0.531982421875 0.4796142578125 0.00634765625 0.008544921875
0 0.582763671875 0.471435546875 0.0087890625 0.0126953125
0 0.5941162109375 0.46630859375 0.009521484375 0.0166015625
0 0.6094970703125 0.4462890625 0.012451171875 0.02099609375
0 0.611328125 0.486328125 0.0078125 0.0185546875
0 0.4697265625 0.47314453125 0.00927734375 0.015625
0 0.7120361328125 0.3985595703125 0.008544921875 0.010009765625
0 0.749755859375 0.397705078125 0.009765625 0.0126953125
0 0.766845703125 0.3955078125 0.009765625 0.01220703125
