0 0.537353515625 0.7088623046875 0.0087890625 0.011474609375
0 0.5421142578125 0.6920166015625 0.016845703125 0.023681640625
0 0.77587890625 0.68212890625 0.00732421875 0.01513671875
0 0.7747802734375 0.6956787109375 0.007568359375 0.011474609375
0 0.882568359375 0.680908203125 0.01171875 0.01904296875
0 0.712646484375 0.701416015625 0.00830078125 0.017578125
0 0.659912109375 0.6925048828125 0.0078125 0.021240234375
0 0.7078857421875 0.7330322265625 0.014892578125 0.036376953125
0 0.9705810546875 0.6328125 0.028564453125 0.05712890625
0 0.943359375 0.6326904296875 0.03173828125 0.055419921875
0 0.5904541015625 0.730224609375 0.008544921875 0.04345703125
0 0.52880859375 0.693603515625 0.00439453125 0.00634765625
0 0.5638427734375 0.7286376953125 0.006591796875 0.034912109375
0 0.5340576171875 0.7259521484375 0.006103515625 0.029052734375
0 0.5987548828125 0.6956787109375 0.008056640625 0.010498046875
0 0.7689208984375 0.746826171875 0.024169921875 0.09033203125
0 0.561279296875 0.7275390625 0.00537109375 0.0283203125
0 0.52392578125 0.693359375 0.00439453125 0.0068359375
0 0.6805419921875 0.7376708984375 0.016357421875 0.067138671875
0 0.919921875 0.7664794921875 0.0390625 0.134033203125
0 0.625244140625 0.732421875 0.01123046875 0.05224609375
0 0.6834716796875 0.6964111328125 0.009033203125 0.017333984375
