0 0.578857421875 0.610595703125 0.0283203125 0.037109375
0 0.4739990234375 0.671630859375 0.003662109375 0.01611328125
0 0.48291015625 0.6705322265625 0.00341796875 0.014404296875
0 0.2303466796875 0.587158203125 0.039306640625 0.09521484375
0 0.465087890625 0.6728515625 0.00341796875 0.01708984375
0 0.5059814453125 0.6839599609375 0.005126953125 0.026123046875
0 0.578125 0.5908203125 0.03662109375 0.09326171875
0 0.501708984375 0.6806640625 0.00537109375 0.0234375
0 0.3311767578125 0.6771240234375 0.005615234375 0.021728515625
0 0.3544921875 0.681640625 0.0087890625 0.03857421875
0 0.5228271484375 0.686767578125 0.008544921875 0.03955078125
0 0.2777099609375 0.6905517578125 0.016845703125 0.064697265625
0 0.591552734375 0.69970703125 0.01611328125 0.06787109375
0 0.22998046875 0.5657958984375 0.03173828125 0.037841796875
0 0.577880859375 0.569580078125 0.02978515625 0.037109375
0 0.230712890625 0.6083984375 0.02978515625 0.0380859375
0 0.447265625 0.6754150390625 0.00390625 0.018798828125
0 0.4561767578125 0.6737060546875 0.003173828125 0.017333984375
