0 0.469970703125 0.4788818359375 0.01611328125 0.018310546875
0 0.1572265625 0.58984375 0.00732421875 0.00634765625
0 0.203125 0.5919189453125 0.0078125 0.006103515625
0 0.2113037109375 0.5892333984375 0.004638671875 0.004638671875
0 0.211181640625 0.5843505859375 0.00390625 0.005126953125
0 0.2371826171875 0.564697265625 0.005615234375 0.005859375
0 0.242919921875 0.56494140625 0.0048828125 0.00732421875
0 0.2427978515625 0.558349609375 0.005615234375 0.00634765625
0 0.296142578125 0.5594482421875 0.03173828125 0.041748046875
0 0.509521484375 0.4859619140625 0.01904296875 0.025634765625
