0 0.861572265625 0.5802001953125 0.0341796875 0.011962890625
0 0.85009765625 0.592529296875 0.01611328125 0.01416015625
0 0.76953125 0.5919189453125 0.0185546875 0.023681640625
0 0.5487060546875 0.619140625 0.037841796875 0.01171875
0 0.0421142578125 0.5882568359375 0.010009765625 0.025146484375
0 0.086669921875 0.5928955078125 0.00439453125 0.017333984375
0 0.3955078125 0.664306640625 0.00732421875 0.01318359375
0 0.80029296875 0.6826171875 0.0068359375 0.0126953125
0 0.788818359375 0.6593017578125 0.0244140625 0.036865234375
0 0.83447265625 0.521728515625 0.05419921875 0.0634765625
0 0.8399658203125 0.5628662109375 0.023193359375 0.018798828125
0 0.6063232421875 0.619384765625 0.011474609375 0.017578125
0 0.5877685546875 0.7237548828125 0.004150390625 0.008544921875
0 0.798828125 0.577392578125 0.00732421875 0.02685546875
