0 0.6138916015625 0.591064453125 0.072998046875 0.04638671875
0 0.695068359375 0.6842041015625 0.02099609375 0.035400390625
0 0.646484375 0.7222900390625 0.02392578125 0.014892578125
0 0.6434326171875 0.6927490234375 0.016845703125 0.029541015625
0 0.5772705078125 0.7376708984375 0.007568359375 0.007568359375
0 0.5306396484375 0.7197265625 0.010498046875 0.0068359375
0 0.641845703125 0.5927734375 0.009765625 0.0205078125
0 0.515625 0.718017578125 0.01025390625 0.0078125
0 0.512451171875 0.7176513671875 0.0029296875 0.005615234375
0 0.6468505859375 0.7467041015625 0.023681640625 0.014404296875
0 0.6468505859375 0.7344970703125 0.024169921875 0.013916015625
