0 0.661865234375 0.3973388671875 0.013671875 0.018310546875
0 0.540283203125 0.42626953125 0.0087890625 0.01171875
0 0.66162109375 0.4161376953125 0.01416015625 0.019287109375
0 0.693603515625 0.415283203125 0.0048828125 0.0205078125
0 0.5185546875 0.4256591796875 0.00634765625 0.009521484375
0 0.6937255859375 0.4212646484375 0.007080078125 0.043212890625
0 0.5220947265625 0.4375 0.006103515625 0.00537109375
0 0.4747314453125 0.43896484375 0.004150390625 0.00537109375
0 0.511474609375 0.41357421875 0.00341796875 0.0068359375
0 0.4820556640625 0.4254150390625 0.003173828125 0.007568359375
0 0.5184326171875 0.4327392578125 0.004638671875 0.005615234375
0 0.4840087890625 0.430419921875 0.002685546875 0.00537109375
0 0.4793701171875 0.430908203125 0.003662109375 0.00634765625
