0 0.4547119140625 0.7783203125 0.011962890625 0.0166015625
0 0.61865234375 0.7696533203125 0.01220703125 0.034912109375
0 0.635498046875 0.7591552734375 0.00634765625 0.013916015625
0 0.2474365234375 0.77587890625 0.006591796875 0.01318359375
0 0.46533203125 0.7408447265625 0.0185546875 0.009033203125
0 0.473388671875 0.6728515625 0.0263671875 0.0107421875
0 0.473388671875 0.68798828125 0.02734375 0.01171875
0 0.809326171875 0.831298828125 0.03076171875 0.02783203125
0 0.637451171875 0.7630615234375 0.0146484375 0.017822265625
0 0.2288818359375 0.772705078125 0.005615234375 0.0126953125
0 0.4727783203125 0.7037353515625 0.027099609375 0.011474609375
