0 0.5301513671875 0.6634521484375 0.026611328125 0.036865234375
0 0.5589599609375 0.6644287109375 0.029541015625 0.040283203125
0 0.6287841796875 0.802734375 0.024658203125 0.0341796875
0 0.673828125 0.7728271484375 0.03271484375 0.043212890625
0 0.664794921875 0.6741943359375 0.06396484375 0.030517578125
0 0.55908203125 0.694580078125 0.02734375 0.01708984375
0 0.5306396484375 0.6923828125 0.027099609375 0.0166015625
0 0.618408203125 0.7728271484375 0.029296875 0.038330078125
0 0.5665283203125 0.80078125 0.026611328125 0.07470703125
0 0.35595703125 0.8154296875 0.01318359375 0.01123046875
0 0.3553466796875 0.8277587890625 0.014892578125 0.047607421875
