0 0.5155029296875 0.641845703125 0.005615234375 0.00732421875
0 0.6339111328125 0.468994140625 0.032958984375 0.04248046875
0 0.5526123046875 0.569091796875 0.013916015625 0.0185546875
0 0.7625732421875 0.5965576171875 0.011962890625 0.015869140625
0 0.591552734375 0.6422119140625 0.0068359375 0.008056640625
0 0.7613525390625 0.5838623046875 0.015869140625 0.008544921875
0 0.5567626953125 0.6380615234375 0.012939453125 0.026123046875
0 0.4068603515625 0.6553955078125 0.003662109375 0.005126953125
0 0.7640380859375 0.626220703125 0.008544921875 0.01220703125
0 0.7637939453125 0.61181640625 0.009033203125 0.013671875
0 0.5552978515625 0.58642578125 0.007080078125 0.01123046875
