0 0.7674560546875 0.64599609375 0.014404296875 0.017578125
0 0.8045654296875 0.62841796875 0.010009765625 0.01025390625
0 0.70849609375 0.6336669921875 0.00439453125 0.006103515625
0 0.6812744140625 0.6275634765625 0.005126953125 0.010009765625
0 0.864013671875 0.6409912109375 0.0048828125 0.007080078125
0 0.8790283203125 0.6346435546875 0.010009765625 0.012451171875
0 0.8043212890625 0.621337890625 0.004150390625 0.00439453125
0 0.9417724609375 0.642333984375 0.011962890625 0.01025390625
0 0.59326171875 0.623291015625 0.0068359375 0.00830078125
0 0.81982421875 0.6368408203125 0.00439453125 0.006591796875
0 0.649169921875 0.625244140625 0.005859375 0.00830078125
0 0.3560791015625 0.5994873046875 0.012939453125 0.018798828125
0 0.0550537109375 0.5238037109375 0.058837890625 0.074951171875
0 0.874755859375 0.6065673828125 0.0087890625 0.010009765625
0 0.9007568359375 0.63525390625 0.013916015625 0.01708984375
0 0.7314453125 0.621826171875 0.013671875 0.0166015625
0 0.6065673828125 0.60888671875 0.013916015625 0.01904296875
0 0.5927734375 0.631103515625 0.005859375 0.00732421875
0 0.875 0.6201171875 0.02001953125 0.01953125
