0 0.59130859375 0.676513671875 0.0068359375 0.01025390625
0 0.8326416015625 0.608154296875 0.030517578125 0.03759765625
0 0.7113037109375 0.64013671875 0.007080078125 0.01806640625
0 0.7120361328125 0.6455078125 0.013916015625 0.03564453125
0 0.5828857421875 0.67138671875 0.004638671875 0.01025390625
0 0.570556640625 0.678955078125 0.0029296875 0.00732421875
0 0.59130859375 0.6839599609375 0.00732421875 0.005126953125
0 0.5478515625 0.684814453125 0.0048828125 0.00634765625
0 0.5657958984375 0.680908203125 0.006103515625 0.01123046875
0 0.5970458984375 0.673583984375 0.005615234375 0.0166015625
