0 0.0823974609375 0.6043701171875 0.005126953125 0.010009765625
0 0.285888671875 0.2203369140625 0.03076171875 0.037353515625
0 0.2908935546875 0.5953369140625 0.005126953125 0.007080078125
0 0.29541015625 0.595947265625 0.00341796875 0.0048828125
0 0.4075927734375 0.563232421875 0.005615234375 0.0078125
0 0.52294921875 0.6124267578125 0.00439453125 0.010498046875
0 0.5897216796875 0.62255859375 0.008056640625 0.009765625
0 0.5025634765625 0.6051025390625 0.006591796875 0.011474609375
0 0.0426025390625 0.207763671875 0.043701171875 0.056640625
0 0.2862548828125 0.20556640625 0.037353515625 0.0751953125
0 0.3365478515625 0.205322265625 0.044677734375 0.0576171875
0 0.548095703125 0.20849609375 0.02978515625 0.0380859375
0 0.5479736328125 0.19482421875 0.040771484375 0.07666015625
0 0.5145263671875 0.1956787109375 0.031494140625 0.054931640625
0 0.380126953125 0.2047119140625 0.037109375 0.052978515625
0 0.2508544921875 0.2059326171875 0.033935546875 0.054931640625
0 0.0128173828125 0.2064208984375 0.025634765625 0.058349609375
0 0.0828857421875 0.209228515625 0.040771484375 0.0556640625
0 0.5657958984375 0.62109375 0.006103515625 0.01025390625
0 0.3389892578125 0.6036376953125 0.005126953125 0.008544921875
0 0.3287353515625 0.6055908203125 0.006591796875 0.008544921875
0 0.1102294921875 0.606201171875 0.004638671875 0.00634765625
0 0.2357177734375 0.6026611328125 0.004638671875 0.006591796875
0 0.59619140625 0.1888427734375 0.04345703125 0.056396484375
0 0.21630859375 0.5960693359375 0.00439453125 0.007080078125
