0 0.4730224609375 0.4720458984375 0.004638671875 0.008056640625
0 0.9110107421875 0.353759765625 0.072509765625 0.095703125
0 0.910400390625 0.416259765625 0.0693359375 0.02880859375
0 0.47998046875 0.4727783203125 0.0068359375 0.009033203125
0 0.458251953125 0.472412109375 0.00341796875 0.00439453125
0 0.4658203125 0.476806640625 0.00244140625 0.001953125
0 0.4658203125 0.47412109375 0.001953125 0.00341796875
0 0.45849609375 0.4771728515625 0.00244140625 0.001708984375
0 0.3447265625 0.4736328125 0.00341796875 0.0087890625
0 0.3450927734375 0.4671630859375 0.007568359375 0.003662109375
0 0.4581298828125 0.475830078125 0.003662109375 0.001953125
0 0.4476318359375 0.4725341796875 0.001708984375 0.002197265625
