0 0.89453125 0.4515380859375 0.0185546875 0.036376953125
0 0.6226806640625 0.4564208984375 0.012451171875 0.021728515625
0 0.760498046875 0.35400390625 0.04638671875 0.07080078125
0 0.8526611328125 0.4510498046875 0.014404296875 0.024169921875
0 0.8214111328125 0.3485107421875 0.065185546875 0.050048828125
0 0.742919921875 0.449951171875 0.01416015625 0.0244140625
0 0.783935546875 0.4656982421875 0.00634765625 0.010009765625
0 0.8114013671875 0.341064453125 0.013916015625 0.02099609375
0 0.7493896484375 0.337646484375 0.012939453125 0.021484375
0 0.8157958984375 0.452880859375 0.010009765625 0.021484375
0 0.7236328125 0.4444580078125 0.009765625 0.016357421875
0 0.79736328125 0.4635009765625 0.0068359375 0.010986328125
0 0.7236328125 0.4322509765625 0.0068359375 0.006591796875
0 0.7431640625 0.4625244140625 0.00634765625 0.012939453125
0 0.7235107421875 0.45654296875 0.007080078125 0.00830078125
0 0.81591796875 0.4510498046875 0.0048828125 0.008544921875
