0 0.8294677734375 0.4010009765625 0.018310546875 0.037841796875
0 0.7060546875 0.497314453125 0.00439453125 0.0048828125
0 0.829345703125 0.3946533203125 0.015625 0.019287109375
0 0.7061767578125 0.49169921875 0.005615234375 0.0068359375
0 0.3372802734375 0.4918212890625 0.006103515625 0.011962890625
0 0.33935546875 0.482421875 0.0048828125 0.00634765625
0 0.3369140625 0.471923828125 0.00634765625 0.01318359375
0 0.332275390625 0.4825439453125 0.00830078125 0.005615234375
0 0.196533203125 0.4974365234375 0.0048828125 0.015380859375
0 0.57373046875 0.4957275390625 0.00732421875 0.011474609375
