0 0.2667236328125 0.5609130859375 0.007080078125 0.009521484375
0 0.5693359375 0.4830322265625 0.01220703125 0.039794921875
0 0.5694580078125 0.521728515625 0.007568359375 0.03759765625
0 0.0833740234375 0.5496826171875 0.006591796875 0.009521484375
0 0.0823974609375 0.558837890625 0.004638671875 0.00634765625
0 0.1201171875 0.56103515625 0.00537109375 0.00634765625
0 0.1683349609375 0.5435791015625 0.005126953125 0.006591796875
0 0.16796875 0.5501708984375 0.005859375 0.007080078125
0 0.1671142578125 0.5650634765625 0.007568359375 0.009521484375
0 0.0498046875 0.5562744140625 0.00341796875 0.005126953125
0 0.0498046875 0.55224609375 0.00390625 0.00244140625
0 0.26611328125 0.5684814453125 0.0087890625 0.004638671875
0 0.2659912109375 0.5738525390625 0.009033203125 0.005126953125
0 0.119873046875 0.5537109375 0.0048828125 0.005859375
0 0.4417724609375 0.55224609375 0.005126953125 0.015625
0 0.44140625 0.566650390625 0.0029296875 0.013671875
