0 0.863037109375 0.6461181640625 0.015625 0.025634765625
0 0.5098876953125 0.6531982421875 0.007080078125 0.010498046875
0 0.6339111328125 0.65771484375 0.008056640625 0.0107421875
0 0.422119140625 0.6392822265625 0.009765625 0.020263671875
0 0.6971435546875 0.6383056640625 0.008544921875 0.012939453125
0 0.6663818359375 0.606201171875 0.017333984375 0.0078125
0 0.70361328125 0.6640625 0.00927734375 0.00634765625
0 0.1123046875 0.6165771484375 0.0087890625 0.024658203125
0 0.42236328125 0.635986328125 0.0078125 0.01123046875
0 0.81494140625 0.6414794921875 0.01611328125 0.022216796875
0 0.1121826171875 0.621826171875 0.014404296875 0.0439453125
