0 0.6580810546875 0.603515625 0.029052734375 0.03662109375
0 0.6575927734375 0.639404296875 0.010009765625 0.01318359375
0 0.241943359375 0.5928955078125 0.02685546875 0.030517578125
0 0.378662109375 0.6641845703125 0.0439453125 0.019775390625
0 0.7276611328125 0.60205078125 0.069580078125 0.02392578125
0 0.7166748046875 0.58349609375 0.018798828125 0.0087890625
0 0.6572265625 0.6358642578125 0.01806640625 0.028076171875
0 0.7142333984375 0.6236572265625 0.026611328125 0.011962890625
0 0.7158203125 0.63623046875 0.03369140625 0.013671875
0 0.3785400390625 0.6820068359375 0.025146484375 0.015869140625
