0 0.582763671875 0.531494140625 0.013671875 0.017578125
0 0.8719482421875 0.397705078125 0.020263671875 0.05029296875
0 0.9635009765625 0.52392578125 0.016357421875 0.015625
0 0.568359375 0.5888671875 0.0185546875 0.0244140625
0 0.0487060546875 0.5841064453125 0.017822265625 0.005615234375
0 0.035888671875 0.5045166015625 0.01513671875 0.030517578125
0 0.962646484375 0.50732421875 0.0390625 0.01416015625
0 0.0484619140625 0.5904541015625 0.010009765625 0.006591796875
0 0.528076171875 0.5140380859375 0.029296875 0.009033203125
0 0.55615234375 0.6002197265625 0.00732421875 0.010009765625
