0 0.664306640625 0.5947265625 0.0126953125 0.02490234375
0 0.3125 0.58740234375 0.013671875 0.02392578125
0 0.312744140625 0.532958984375 0.0166015625 0.02978515625
0 0.6627197265625 0.5439453125 0.015380859375 0.03076171875
0 0.313232421875 0.559814453125 0.0146484375 0.02978515625
0 0.58251953125 0.5740966796875 0.0078125 0.011474609375
0 0.6400146484375 0.57958984375 0.009033203125 0.021484375
0 0.6634521484375 0.5693359375 0.014404296875 0.0234375
0 0.6451416015625 0.5457763671875 0.008544921875 0.027099609375
0 0.6031494140625 0.5762939453125 0.010986328125 0.013427734375
