0 0.28076171875 0.5096435546875 0.0234375 0.031494140625
0 0.0313720703125 0.57373046875 0.009033203125 0.00927734375
0 0.451171875 0.6307373046875 0.00390625 0.006103515625
0 0.4815673828125 0.5859375 0.013916015625 0.0087890625
0 0.400634765625 0.605224609375 0.0068359375 0.01953125
0 0.462890625 0.49072265625 0.03369140625 0.0126953125
0 0.960693359375 0.625732421875 0.0078125 0.02001953125
0 0.2220458984375 0.5909423828125 0.014404296875 0.008056640625
0 0.5247802734375 0.4998779296875 0.011474609375 0.014892578125
0 0.2822265625 0.4827880859375 0.01708984375 0.021728515625
0 0.978271484375 0.607666015625 0.01318359375 0.00830078125
0 0.588623046875 0.4964599609375 0.03369140625 0.013427734375
0 0.977294921875 0.5867919921875 0.00927734375 0.011962890625
0 0.9598388671875 0.6065673828125 0.010986328125 0.007568359375
0 0.466552734375 0.58544921875 0.009765625 0.01318359375
0 0.3048095703125 0.5137939453125 0.023193359375 0.031005859375
0 0.4603271484375 0.609619140625 0.005615234375 0.0087890625
0 0.587646484375 0.490478515625 0.0625 0.07080078125
0 0.4605712890625 0.6002197265625 0.006103515625 0.008056640625
0 0.977783203125 0.598388671875 0.01171875 0.009765625
0 0.030029296875 0.5892333984375 0.0068359375 0.022216796875
0 0.03271484375 0.55859375 0.00732421875 0.02294921875
0 0.2713623046875 0.5489501953125 0.015869140625 0.021728515625
0 0.2227783203125 0.58203125 0.014892578125 0.0107421875
0 0.490966796875 0.48486328125 0.1181640625 0.07275390625
0 0.9595947265625 0.5947265625 0.010498046875 0.017578125
0 0.0291748046875 0.6038818359375 0.008544921875 0.008544921875
0 0.3616943359375 0.6181640625 0.004150390625 0.013671875
