0 0.5928955078125 0.393798828125 0.029541015625 0.0166015625
0 0.4595947265625 0.3350830078125 0.029052734375 0.043701171875
0 0.495361328125 0.357421875 0.025390625 0.046875
0 0.57568359375 0.39990234375 0.0048828125 0.01416015625
0 0.5703125 0.4002685546875 0.00830078125 0.012939453125
0 0.619384765625 0.3983154296875 0.00732421875 0.009033203125
0 0.6318359375 0.4052734375 0.00244140625 0.00634765625
0 0.6405029296875 0.3916015625 0.009521484375 0.005859375
0 0.286376953125 0.0770263671875 0.12890625 0.154052734375
0 0.856689453125 0.400146484375 0.03564453125 0.013671875
0 0.7613525390625 0.401611328125 0.008544921875 0.01025390625
