0 0.339111328125 0.598388671875 0.015625 0.0205078125
0 0.33740234375 0.62158203125 0.01318359375 0.0087890625
0 0.9697265625 0.2655029296875 0.060546875 0.120361328125
0 0.972412109375 0.345947265625 0.05517578125 0.06298828125
0 0.8170166015625 0.4849853515625 0.074462890625 0.064208984375
0 0.9735107421875 0.3914794921875 0.052490234375 0.070556640625
0 0.3380126953125 0.61328125 0.012939453125 0.0078125
0 0.4873046875 0.660888671875 0.00439453125 0.01806640625
0 0.97802734375 0.4307861328125 0.04296875 0.040771484375
0 0.4862060546875 0.6658935546875 0.009033203125 0.039794921875
0 0.337158203125 0.6322021484375 0.00390625 0.012939453125
