0 0.3353271484375 0.4886474609375 0.011962890625 0.022705078125
0 0.1273193359375 0.4989013671875 0.014404296875 0.025146484375
0 0.5130615234375 0.482177734375 0.006591796875 0.0107421875
0 0.5889892578125 0.4954833984375 0.021240234375 0.036376953125
0 0.6673583984375 0.4656982421875 0.029541015625 0.037353515625
0 0.412109375 0.502197265625 0.0283203125 0.02685546875
0 0.457763671875 0.4990234375 0.0263671875 0.02685546875
0 0.238037109375 0.4857177734375 0.02099609375 0.008544921875
0 0.1754150390625 0.49072265625 0.012451171875 0.01123046875
0 0.490234375 0.4619140625 0.0185546875 0.009765625
0 0.126953125 0.514404296875 0.0146484375 0.0078125
0 0.8756103515625 0.4136962890625 0.013916015625 0.013916015625
