0 0.470458984375 0.4461669921875 0.01953125 0.026123046875
0 0.436279296875 0.443603515625 0.00439453125 0.00537109375
0 0.3980712890625 0.4488525390625 0.005126953125 0.006103515625
0 0.6246337890625 0.464599609375 0.015380859375 0.01904296875
0 0.4642333984375 0.4776611328125 0.003662109375 0.006591796875
0 0.46533203125 0.4412841796875 0.0048828125 0.006591796875
0 0.450439453125 0.443115234375 0.00537109375 0.00537109375
0 0.41455078125 0.44775390625 0.00537109375 0.00634765625
0 0.4046630859375 0.4483642578125 0.004150390625 0.006103515625
0 0.4954833984375 0.4818115234375 0.002197265625 0.008544921875
0 0.4176025390625 0.4710693359375 0.022216796875 0.010009765625
0 0.3597412109375 0.4827880859375 0.004150390625 0.006103515625
0 0.3564453125 0.4857177734375 0.00390625 0.004638671875
0 0.3724365234375 0.4871826171875 0.003662109375 0.005615234375
0 0.4180908203125 0.451904296875 0.016845703125 0.01806640625
0 0.625732421875 0.440185546875 0.0146484375 0.01953125
0 0.6048583984375 0.43603515625 0.014404296875 0.0185546875
0 0.6048583984375 0.4549560546875 0.014404296875 0.020751953125
0 0.6046142578125 0.4815673828125 0.008056640625 0.015380859375
0 0.6243896484375 0.48388671875 0.013427734375 0.01953125
0 0.3992919921875 0.4512939453125 0.020751953125 0.021240234375
0 0.443603515625 0.4476318359375 0.0234375 0.025146484375
0 0.4725341796875 0.441162109375 0.005615234375 0.00634765625
0 0.4432373046875 0.443359375 0.005126953125 0.00634765625
