0 0.825439453125 0.67138671875 0.0078125 0.0126953125
0 0.4908447265625 0.6807861328125 0.001708984375 0.010009765625
0 0.3878173828125 0.65234375 0.030029296875 0.0146484375
0 0.5108642578125 0.635498046875 0.005126953125 0.00927734375
0 0.3880615234375 0.6658935546875 0.029541015625 0.014404296875
0 0.5108642578125 0.6475830078125 0.005126953125 0.009521484375
0 0.4171142578125 0.677734375 0.004638671875 0.0283203125
0 0.487548828125 0.6807861328125 0.00146484375 0.010009765625
0 0.4769287109375 0.66845703125 0.008544921875 0.0068359375
0 0.389404296875 0.6728515625 0.00830078125 0.048828125
0 0.510986328125 0.659912109375 0.00537109375 0.009765625
0 0.4429931640625 0.6614990234375 0.020263671875 0.017822265625
0 0.5234375 0.65283203125 0.0048828125 0.0087890625
0 0.4329833984375 0.67236328125 0.004150390625 0.00927734375
0 0.44677734375 0.6630859375 0.00341796875 0.00390625
0 0.477783203125 0.6810302734375 0.001953125 0.010009765625
