0 0.5577392578125 0.251953125 0.021728515625 0.03076171875
0 0.5361328125 0.3223876953125 0.00732421875 0.006103515625
0 0.5618896484375 0.3607177734375 0.009033203125 0.026611328125
0 0.5623779296875 0.353271484375 0.005615234375 0.00732421875
0 0.6234130859375 0.3507080078125 0.015869140625 0.020751953125
0 0.662109375 0.3790283203125 0.017578125 0.024658203125
0 0.5462646484375 0.3232421875 0.006591796875 0.00537109375
0 0.7352294921875 0.2901611328125 0.027099609375 0.026611328125
0 0.458984375 0.3519287109375 0.01123046875 0.004150390625
0 0.6224365234375 0.370361328125 0.008544921875 0.0185546875
0 0.4613037109375 0.3775634765625 0.005126953125 0.006591796875
0 0.5850830078125 0.373779296875 0.005615234375 0.0078125
0 0.536376953125 0.3116455078125 0.01025390625 0.012939453125
0 0.7340087890625 0.3167724609375 0.016357421875 0.024169921875
0 0.7325439453125 0.337646484375 0.019775390625 0.02001953125
0 0.4610595703125 0.370849609375 0.006591796875 0.00732421875
0 0.5467529296875 0.3126220703125 0.010009765625 0.012939453125
0 0.7154541015625 0.3443603515625 0.015380859375 0.020751953125
0 0.7135009765625 0.3651123046875 0.020751953125 0.018798828125
0 0.9259033203125 0.4130859375 0.020751953125 0.02734375
0 0.6632080078125 0.34521484375 0.030517578125 0.03759765625
0 0.8302001953125 0.405029296875 0.021728515625 0.03076171875
0 0.8988037109375 0.4095458984375 0.020751953125 0.028564453125
0 0.7166748046875 0.32177734375 0.027099609375 0.02587890625
0 0.552001953125 0.362548828125 0.00732421875 0.00927734375
