0 0.5755615234375 0.5250244140625 0.028076171875 0.050048828125
0 0.40087890625 0.5684814453125 0.02001953125 0.023681640625
0 0.8685302734375 0.57568359375 0.024169921875 0.01220703125
0 0.4775390625 0.5780029296875 0.00634765625 0.013427734375
0 0.60205078125 0.5906982421875 0.00537109375 0.011474609375
0 0.4036865234375 0.5050048828125 0.025146484375 0.046142578125
0 0.4010009765625 0.5433349609375 0.018798828125 0.025146484375
0 0.574462890625 0.5628662109375 0.0205078125 0.024169921875
0 0.7049560546875 0.72998046875 0.034912109375 0.080078125
0 0.4337158203125 0.5672607421875 0.004638671875 0.016845703125
0 0.573486328125 0.5897216796875 0.02001953125 0.033447265625
0 0.5048828125 0.5762939453125 0.005859375 0.009521484375
0 0.4744873046875 0.554443359375 0.007568359375 0.01220703125
0 0.426025390625 0.5093994140625 0.0068359375 0.023681640625
0 0.515380859375 0.5731201171875 0.00537109375 0.009521484375
