0 0.4486083984375 0.7042236328125 0.021728515625 0.012939453125
0 0.4539794921875 0.6962890625 0.009521484375 0.00439453125
0 0.8394775390625 0.7506103515625 0.015869140625 0.049560546875
0 0.4150390625 0.723388671875 0.005859375 0.0048828125
0 0.974609375 0.720703125 0.02197265625 0.015625
0 0.9830322265625 0.71875 0.033447265625 0.01904296875
0 0.707275390625 0.670654296875 0.06787109375 0.068359375
0 0.57470703125 0.71435546875 0.01416015625 0.0185546875
0 0.399658203125 0.72802734375 0.00146484375 0.00146484375
0 0.5447998046875 0.729736328125 0.002685546875 0.0048828125
0 0.50390625 0.7218017578125 0.0029296875 0.004638671875
