0 0.1851806640625 0.567626953125 0.019775390625 0.02392578125
0 0.1849365234375 0.588134765625 0.013916015625 0.017578125
0 0.1292724609375 0.6126708984375 0.008056640625 0.010009765625
0 0.010009765625 0.609130859375 0.00634765625 0.0078125
0 0.0091552734375 0.618896484375 0.006103515625 0.0078125
0 0.120361328125 0.6141357421875 0.005859375 0.009033203125
0 0.592041015625 0.4852294921875 0.0546875 0.038818359375
0 0.1002197265625 0.623779296875 0.004150390625 0.00390625
0 0.2003173828125 0.5931396484375 0.014892578125 0.010009765625
0 0.1209716796875 0.5965576171875 0.008056640625 0.009033203125
0 0.1116943359375 0.62744140625 0.004150390625 0.00537109375
0 0.0904541015625 0.6309814453125 0.003662109375 0.004150390625
0 0.0997314453125 0.6278076171875 0.003662109375 0.004150390625
0 0.098876953125 0.63232421875 0.005859375 0.0048828125
0 0.121337890625 0.6068115234375 0.0078125 0.006591796875
