0 0.43603515625 0.345458984375 0.02880859375 0.0380859375
0 0.4378662109375 0.3797607421875 0.020751953125 0.031005859375
0 0.1663818359375 0.4501953125 0.008056640625 0.01806640625
0 0.3853759765625 0.3822021484375 0.020751953125 0.036865234375
0 0.202880859375 0.4210205078125 0.0029296875 0.003662109375
0 0.2032470703125 0.42529296875 0.002685546875 0.00390625
0 0.48095703125 0.3807373046875 0.0107421875 0.036865234375
0 0.2037353515625 0.405517578125 0.009033203125 0.015625
0 0.200927734375 0.400634765625 0.0029296875 0.00390625
0 0.201904296875 0.4085693359375 0.0029296875 0.003662109375
0 0.400634765625 0.3853759765625 0.00439453125 0.012939453125
0 0.39990234375 0.37060546875 0.00390625 0.013671875
0 0.20458984375 0.420654296875 0.009765625 0.01513671875
