0 0.701171875 0.5841064453125 0.09521484375 0.109619140625
0 0.362060546875 0.711669921875 0.01171875 0.0166015625
0 0.361572265625 0.728271484375 0.01171875 0.015625
0 0.5867919921875 0.6162109375 0.014892578125 0.052734375
0 0.5880126953125 0.6312255859375 0.010498046875 0.012451171875
0 0.58740234375 0.6153564453125 0.0107421875 0.012451171875
0 0.4036865234375 0.7183837890625 0.010009765625 0.008544921875
0 0.3756103515625 0.6988525390625 0.009033203125 0.018798828125
0 0.4029541015625 0.708984375 0.004150390625 0.009765625
0 0.707763671875 0.663818359375 0.0546875 0.05078125
0 0.3773193359375 0.7137451171875 0.008056640625 0.010009765625
0 0.3763427734375 0.686279296875 0.003173828125 0.005859375
