0 0.691162109375 0.3470458984375 0.02490234375 0.036376953125
0 0.7056884765625 0.359375 0.029052734375 0.0390625
0 0.2156982421875 0.4866943359375 0.043212890625 0.050048828125
0 0.2613525390625 0.48681640625 0.037841796875 0.04833984375
0 0.3009033203125 0.4857177734375 0.038330078125 0.047119140625
0 0.6793212890625 0.374755859375 0.023681640625 0.03759765625
0 0.2918701171875 0.9200439453125 0.037841796875 0.044677734375
0 0.8858642578125 0.3807373046875 0.009033203125 0.030517578125
0 0.8824462890625 0.3582763671875 0.008544921875 0.031982421875
0 0.8779296875 0.3857421875 0.0087890625 0.0361328125
0 0.2049560546875 0.9365234375 0.044189453125 0.05517578125
0 0.2515869140625 0.927001953125 0.040283203125 0.0517578125
