0 0.7066650390625 0.52587890625 0.019775390625 0.02197265625
0 0.6126708984375 0.5257568359375 0.018798828125 0.025146484375
0 0.7540283203125 0.464599609375 0.043212890625 0.05126953125
0 0.6322021484375 0.5421142578125 0.008056640625 0.010498046875
0 0.5382080078125 0.563232421875 0.015380859375 0.00927734375
0 0.7894287109375 0.5538330078125 0.007568359375 0.010498046875
0 0.468017578125 0.570068359375 0.01318359375 0.01416015625
0 0.5225830078125 0.58203125 0.013916015625 0.00927734375
0 0.51953125 0.5592041015625 0.015625 0.007568359375
0 0.5216064453125 0.575439453125 0.013916015625 0.00634765625
0 0.5201416015625 0.5511474609375 0.012939453125 0.009521484375
0 0.5389404296875 0.5704345703125 0.014892578125 0.006591796875
0 0.45458984375 0.5711669921875 0.01171875 0.010986328125
0 0.5205078125 0.56591796875 0.01611328125 0.00634765625
0 0.5068359375 0.569580078125 0.00927734375 0.017578125
