0 0.442626953125 0.610107421875 0.0087890625 0.0205078125
0 0.3536376953125 0.552978515625 0.031494140625 0.01513671875
0 0.446044921875 0.6383056640625 0.01904296875 0.031005859375
0 0.0626220703125 0.4498291015625 0.125244140625 0.123779296875
0 0.0540771484375 0.6563720703125 0.108154296875 0.121337890625
0 0.35302734375 0.5958251953125 0.0302734375 0.023681640625
0 0.3544921875 0.5731201171875 0.0322265625 0.017822265625
0 0.425537109375 0.5740966796875 0.0078125 0.013916015625
0 0.420654296875 0.57373046875 0.0263671875 0.041015625
0 0.416015625 0.5731201171875 0.00830078125 0.012939453125
0 0.690185546875 0.575439453125 0.0107421875 0.01025390625
