0 0.5440673828125 0.37060546875 0.010009765625 0.01708984375
0 0.5775146484375 0.3819580078125 0.017822265625 0.031982421875
0 0.7679443359375 0.2283935546875 0.020263671875 0.105224609375
0 0.5458984375 0.4151611328125 0.013671875 0.033447265625
0 0.7733154296875 0.3426513671875 0.020263671875 0.059326171875
0 0.5452880859375 0.4093017578125 0.009033203125 0.015380859375
0 0.772216796875 0.296875 0.0224609375 0.052734375
0 0.304931640625 0.394775390625 0.01611328125 0.02001953125
0 0.5438232421875 0.3739013671875 0.019287109375 0.051025390625
0 0.359375 0.502197265625 0.00537109375 0.03955078125
0 0.315673828125 0.5301513671875 0.005859375 0.033935546875
0 0.3150634765625 0.5235595703125 0.003662109375 0.016845703125
