0 0.2557373046875 0.62890625 0.014892578125 0.0166015625
0 0.5460205078125 0.581787109375 0.039306640625 0.05224609375
0 0.5633544921875 0.6417236328125 0.010986328125 0.014892578125
0 0.40283203125 0.6534423828125 0.009765625 0.011962890625
0 0.430908203125 0.6387939453125 0.0126953125 0.014404296875
0 0.6697998046875 0.6583251953125 0.005615234375 0.014404296875
0 0.4893798828125 0.6397705078125 0.011474609375 0.006103515625
0 0.5462646484375 0.564453125 0.008544921875 0.01171875
0 0.2967529296875 0.6375732421875 0.003662109375 0.014404296875
0 0.4808349609375 0.6396484375 0.005615234375 0.00634765625
0 0.2559814453125 0.6248779296875 0.016357421875 0.027587890625
