0 0.177734375 0.35693359375 0.005859375 0.0283203125
0 0.177978515625 0.383056640625 0.0048828125 0.02197265625
0 0.645751953125 0.4005126953125 0.0146484375 0.014892578125
0 0.57373046875 0.400146484375 0.01318359375 0.0302734375
0 0.6539306640625 0.3740234375 0.045654296875 0.02734375
0 0.65478515625 0.342529296875 0.04541015625 0.02880859375
0 0.4208984375 0.4412841796875 0.0029296875 0.005615234375
0 0.4244384765625 0.4317626953125 0.003173828125 0.006103515625
0 0.144287109375 0.3804931640625 0.0126953125 0.021240234375
0 0.1441650390625 0.3946533203125 0.012939453125 0.007568359375
0 0.1441650390625 0.40185546875 0.012939453125 0.0068359375
