0 0.928955078125 0.38427734375 0.0087890625 0.0185546875
0 0.927978515625 0.4090576171875 0.00927734375 0.017333984375
0 0.82666015625 0.363037109375 0.05419921875 0.0693359375
0 0.63916015625 0.45947265625 0.0087890625 0.01025390625
0 0.78955078125 0.428955078125 0.00732421875 0.02734375
0 0.6920166015625 0.4150390625 0.022216796875 0.0068359375
0 0.3751220703125 0.454345703125 0.005615234375 0.01513671875
0 0.125732421875 0.4271240234375 0.015625 0.033447265625
0 0.9287109375 0.395751953125 0.01318359375 0.05224609375
0 0.689208984375 0.4208984375 0.01513671875 0.00537109375
0 0.44482421875 0.4356689453125 0.01318359375 0.006591796875
0 0.927978515625 0.4296875 0.013671875 0.01318359375
0 0.789794921875 0.448974609375 0.00732421875 0.01416015625
0 0.44482421875 0.4278564453125 0.013671875 0.006103515625
