0 0.724609375 0.5152587890625 0.0146484375 0.019287109375
0 0.595947265625 0.563720703125 0.01025390625 0.0087890625
0 0.1907958984375 0.6146240234375 0.005615234375 0.008056640625
0 0.513671875 0.6134033203125 0.0029296875 0.008544921875
0 0.2725830078125 0.59521484375 0.011474609375 0.005859375
0 0.5648193359375 0.577392578125 0.008056640625 0.005859375
0 0.1905517578125 0.6160888671875 0.008056640625 0.013427734375
0 0.5650634765625 0.5831298828125 0.009033203125 0.006103515625
0 0.5958251953125 0.580078125 0.010498046875 0.0078125
0 0.5023193359375 0.614501953125 0.003662109375 0.0048828125
0 0.595947265625 0.54931640625 0.01513671875 0.02001953125
0 0.52197265625 0.6044921875 0.00341796875 0.013671875
0 0.7249755859375 0.529541015625 0.014892578125 0.0107421875
0 0.595703125 0.572265625 0.0107421875 0.00830078125
0 0.6446533203125 0.494384765625 0.042724609375 0.0576171875
0 0.7635498046875 0.506103515625 0.023681640625 0.0107421875
0 0.56494140625 0.5902099609375 0.01123046875 0.008056640625
0 0.8543701171875 0.492431640625 0.024658203125 0.06005859375
0 0.5645751953125 0.5675048828125 0.010498046875 0.013427734375
0 0.7503662109375 0.5250244140625 0.028564453125 0.015869140625
0 0.4332275390625 0.6297607421875 0.006103515625 0.008544921875
0 0.8538818359375 0.4879150390625 0.013916015625 0.034423828125
0 0.7513427734375 0.5394287109375 0.015869140625 0.015869140625
0 0.5028076171875 0.607666015625 0.002685546875 0.00341796875
