0 0.4840087890625 0.75439453125 0.003662109375 0.00537109375
0 0.506103515625 0.7432861328125 0.005859375 0.009521484375
0 0.57568359375 0.7196044921875 0.03515625 0.028564453125
0 0.5274658203125 0.7442626953125 0.018798828125 0.023193359375
0 0.4840087890625 0.74853515625 0.006103515625 0.00537109375
0 0.5064697265625 0.7357177734375 0.006103515625 0.004150390625
0 0.5084228515625 0.7509765625 0.004638671875 0.005859375
0 0.508056640625 0.7572021484375 0.00341796875 0.005615234375
0 0.410400390625 0.7420654296875 0.00244140625 0.004150390625
0 0.4281005859375 0.715576171875 0.002197265625 0.00390625
