0 0.9139404296875 0.48193359375 0.029541015625 0.021484375
0 0.9405517578125 0.506103515625 0.022216796875 0.03515625
0 0.6544189453125 0.5438232421875 0.015380859375 0.013916015625
0 0.651611328125 0.529052734375 0.01220703125 0.01416015625
0 0.1326904296875 0.5625 0.018798828125 0.01171875
0 0.71533203125 0.53125 0.01123046875 0.03759765625
0 0.7156982421875 0.505859375 0.013427734375 0.01318359375
0 0.7154541015625 0.566650390625 0.012451171875 0.029296875
0 0.94384765625 0.532958984375 0.0205078125 0.02685546875
0 0.9161376953125 0.5079345703125 0.028076171875 0.035888671875
0 0.93896484375 0.47998046875 0.02099609375 0.01806640625
0 0.9208984375 0.5347900390625 0.02490234375 0.026123046875
