0 0.3621826171875 0.0887451171875 0.269775390625 0.177490234375
0 0.7445068359375 0.104736328125 0.351806640625 0.2001953125
0 0.9639892578125 0.140869140625 0.071533203125 0.18603515625
0 0.682861328125 0.6483154296875 0.01123046875 0.015380859375
0 0.5159912109375 0.673583984375 0.002197265625 0.0029296875
0 0.5125732421875 0.6810302734375 0.003662109375 0.006591796875
0 0.5465087890625 0.6683349609375 0.002197265625 0.002685546875
0 0.564208984375 0.668212890625 0.00244140625 0.0029296875
0 0.33154296875 0.682373046875 0.00244140625 0.01220703125
0 0.404052734375 0.6492919921875 0.01025390625 0.013916015625
0 0.31298828125 0.014892578125 0.0283203125 0.02978515625
