0 0.493408203125 0.5919189453125 0.02685546875 0.024169921875
0 0.7857666015625 0.43798828125 0.041748046875 0.07080078125
0 0.425537109375 0.5963134765625 0.00537109375 0.012939453125
0 0.7960205078125 0.6065673828125 0.005615234375 0.014892578125
0 0.8165283203125 0.5953369140625 0.006103515625 0.012939453125
0 0.8304443359375 0.58740234375 0.013916015625 0.02685546875
0 0.70361328125 0.504150390625 0.0087890625 0.02197265625
0 0.131591796875 0.578857421875 0.00439453125 0.02392578125
0 0.1656494140625 0.5947265625 0.006103515625 0.021484375
0 0.172607421875 0.5960693359375 0.00537109375 0.020751953125
0 0.511474609375 0.5889892578125 0.00732421875 0.019287109375
