0 0.676025390625 0.3721923828125 0.00537109375 0.006591796875
0 0.64697265625 0.3734130859375 0.0068359375 0.009521484375
0 0.6727294921875 0.36083984375 0.010986328125 0.01513671875
0 0.66943359375 0.3721923828125 0.00537109375 0.006591796875
0 0.644287109375 0.3822021484375 0.0048828125 0.005615234375
0 0.6490478515625 0.383056640625 0.004150390625 0.005859375
0 0.5576171875 0.4158935546875 0.00732421875 0.011962890625
0 0.673583984375 0.3668212890625 0.01611328125 0.030517578125
0 0.55859375 0.427490234375 0.00634765625 0.01220703125
0 0.6466064453125 0.3818359375 0.014892578125 0.03466796875
