0 0.5118408203125 0.4571533203125 0.012939453125 0.017822265625
0 0.799072265625 0.3446044921875 0.07275390625 0.078857421875
0 0.8004150390625 0.2652587890625 0.072021484375 0.079833984375
0 0.51171875 0.4735107421875 0.01123046875 0.013916015625
0 0.7987060546875 0.491943359375 0.022705078125 0.02734375
0 0.2962646484375 0.43212890625 0.006103515625 0.00830078125
0 0.341064453125 0.463134765625 0.00634765625 0.0087890625
0 0.799560546875 0.4176025390625 0.05126953125 0.067138671875
0 0.2967529296875 0.468505859375 0.006591796875 0.00830078125
0 0.250732421875 0.45703125 0.00634765625 0.00830078125
0 0.3216552734375 0.456787109375 0.009521484375 0.00830078125
0 0.4049072265625 0.463623046875 0.005615234375 0.01123046875
