0 0.524658203125 0.5638427734375 0.02783203125 0.026611328125
0 0.5743408203125 0.5894775390625 0.005126953125 0.006103515625
0 0.5743408203125 0.59423828125 0.003173828125 0.00341796875
0 0.48974609375 0.591796875 0.00244140625 0.0048828125
0 0.4190673828125 0.5584716796875 0.013427734375 0.016357421875
0 0.427734375 0.5545654296875 0.013671875 0.024658203125
0 0.4200439453125 0.53173828125 0.023193359375 0.0390625
0 0.41162109375 0.576171875 0.00732421875 0.01513671875
0 0.439697265625 0.5721435546875 0.01123046875 0.016845703125
0 0.4818115234375 0.5731201171875 0.011474609375 0.009521484375
0 0.4827880859375 0.556396484375 0.018310546875 0.0244140625
0 0.5035400390625 0.589111328125 0.002197265625 0.00439453125
0 0.4342041015625 0.5831298828125 0.007080078125 0.008056640625
0 0.5003662109375 0.5887451171875 0.003173828125 0.004638671875
0 0.975341796875 0.5877685546875 0.0048828125 0.010009765625
0 0.9754638671875 0.5699462890625 0.007080078125 0.024658203125
0 0.4259033203125 0.571533203125 0.009521484375 0.01025390625
0 0.723388671875 0.5675048828125 0.01611328125 0.021240234375
0 0.6397705078125 0.5948486328125 0.005615234375 0.003662109375
0 0.64013671875 0.58740234375 0.00830078125 0.01025390625
0 0.6796875 0.5947265625 0.00439453125 0.0029296875
0 0.679443359375 0.58837890625 0.00732421875 0.00927734375
0 0.6326904296875 0.5928955078125 0.001708984375 0.005126953125
0 0.166015625 0.3272705078125 0.1484375 0.164306640625
0 0.92529296875 0.437744140625 0.06298828125 0.06298828125
0 0.882080078125 0.612548828125 0.01806640625 0.03857421875
0 0.5306396484375 0.562255859375 0.004638671875 0.0068359375
0 0.519287109375 0.565185546875 0.00537109375 0.00634765625
