0 0.557861328125 0.613037109375 0.01708984375 0.02880859375
0 0.235107421875 0.672607421875 0.02197265625 0.02978515625
0 0.6217041015625 0.642333984375 0.036865234375 0.048828125
0 0.607421875 0.6854248046875 0.00439453125 0.013916015625
0 0.5152587890625 0.6944580078125 0.005126953125 0.007080078125
0 0.30224609375 0.69482421875 0.009765625 0.0185546875
0 0.3023681640625 0.6907958984375 0.005126953125 0.006591796875
0 0.2352294921875 0.64306640625 0.022216796875 0.02880859375
0 0.4764404296875 0.6763916015625 0.015380859375 0.006591796875
0 0.51513671875 0.70166015625 0.00244140625 0.005859375
0 0.4913330078125 0.678466796875 0.004638671875 0.0146484375
0 0.4625244140625 0.6976318359375 0.003173828125 0.008544921875
0 0.5841064453125 0.690185546875 0.004150390625 0.00830078125
0 0.4239501953125 0.6983642578125 0.006591796875 0.040771484375
0 0.5596923828125 0.6429443359375 0.017333984375 0.029541015625
0 0.477783203125 0.6856689453125 0.0078125 0.004150390625
