0 0.767578125 0.6602783203125 0.03271484375 0.039794921875
0 0.520263671875 0.686767578125 0.0068359375 0.009765625
0 0.508544921875 0.690673828125 0.0068359375 0.00830078125
0 0.519775390625 0.676513671875 0.0087890625 0.01171875
0 0.764404296875 0.6221923828125 0.03173828125 0.039794921875
0 0.516845703125 0.6910400390625 0.0087890625 0.010498046875
0 0.560546875 0.65966796875 0.00732421875 0.015625
0 0.51025390625 0.69921875 0.00537109375 0.00634765625
0 0.5042724609375 0.6988525390625 0.005126953125 0.005615234375
0 0.5213623046875 0.69921875 0.004638671875 0.0146484375
0 0.5157470703125 0.6990966796875 0.005126953125 0.005615234375
0 0.3616943359375 0.665283203125 0.005126953125 0.0087890625
