0 0.1859130859375 0.424072265625 0.017333984375 0.021484375
0 0.5572509765625 0.4759521484375 0.007080078125 0.010498046875
0 0.3477783203125 0.4661865234375 0.010009765625 0.019287109375
0 0.2713623046875 0.4600830078125 0.010498046875 0.015869140625
0 0.34765625 0.4854736328125 0.00830078125 0.008056640625
0 0.235107421875 0.4990234375 0.0078125 0.0234375
0 0.5567626953125 0.4669189453125 0.004150390625 0.007568359375
0 0.2373046875 0.4632568359375 0.0068359375 0.020263671875
0 0.529296875 0.4967041015625 0.00439453125 0.006103515625
0 0.514404296875 0.4859619140625 0.00390625 0.005126953125
0 0.347900390625 0.478759765625 0.0078125 0.00634765625
0 0.5257568359375 0.4981689453125 0.013427734375 0.022216796875
0 0.2733154296875 0.4454345703125 0.008544921875 0.013427734375
0 0.446533203125 0.493896484375 0.0029296875 0.00439453125
0 0.503173828125 0.487548828125 0.00732421875 0.00244140625
0 0.256103515625 0.4326171875 0.015625 0.0078125
0 0.56298828125 0.4588623046875 0.01025390625 0.005615234375
