0 0.119140625 0.50927734375 0.00537109375 0.01416015625
0 0.9185791015625 0.4766845703125 0.006103515625 0.017822265625
0 0.119384765625 0.521484375 0.00390625 0.009765625
0 0.119384765625 0.4957275390625 0.00341796875 0.009521484375
0 0.4925537109375 0.509765625 0.002197265625 0.00439453125
0 0.0450439453125 0.5059814453125 0.010498046875 0.006103515625
0 0.0948486328125 0.5107421875 0.002685546875 0.00634765625
0 0.0716552734375 0.5133056640625 0.002197265625 0.003173828125
0 0.0946044921875 0.515869140625 0.003173828125 0.00341796875
0 0.941162109375 0.4869384765625 0.00146484375 0.011474609375
