0 0.66357421875 0.566650390625 0.0234375 0.03857421875
0 0.358154296875 0.5565185546875 0.013671875 0.025146484375
0 0.506103515625 0.575439453125 0.00927734375 0.0166015625
0 0.2564697265625 0.5723876953125 0.007080078125 0.012451171875
0 0.2567138671875 0.5799560546875 0.007568359375 0.005615234375
0 0.3563232421875 0.5772705078125 0.014892578125 0.020263671875
0 0.41552734375 0.593505859375 0.00927734375 0.0068359375
0 0.44580078125 0.6160888671875 0.00390625 0.007080078125
0 0.4158935546875 0.583984375 0.009033203125 0.01513671875
0 0.4710693359375 0.6199951171875 0.004638671875 0.008544921875
0 0.3138427734375 0.52685546875 0.023193359375 0.03662109375
0 0.505859375 0.579833984375 0.01318359375 0.02978515625
0 0.4149169921875 0.61181640625 0.003662109375 0.00732421875
0 0.499267578125 0.620849609375 0.0048828125 0.009765625
