0 0.2392578125 0.3863525390625 0.0078125 0.009033203125
0 0.2581787109375 0.39599609375 0.038330078125 0.0146484375
0 0.2122802734375 0.4881591796875 0.012451171875 0.014892578125
0 0.212890625 0.49951171875 0.00634765625 0.0068359375
0 0.2125244140625 0.5052490234375 0.005615234375 0.004638671875
0 0.37255859375 0.4295654296875 0.021484375 0.026123046875
0 0.3724365234375 0.44873046875 0.016357421875 0.009765625
0 0.5450439453125 0.3807373046875 0.009033203125 0.041748046875
0 0.694091796875 0.435302734375 0.00390625 0.01025390625
0 0.5513916015625 0.3006591796875 0.017822265625 0.031982421875
0 0.568359375 0.333251953125 0.0185546875 0.0302734375
0 0.06591796875 0.484619140625 0.01318359375 0.025390625
0 0.0972900390625 0.4622802734375 0.010009765625 0.016357421875
0 0.5679931640625 0.302001953125 0.016845703125 0.03125
0 0.5828857421875 0.30224609375 0.015380859375 0.03271484375
