0 0.2869873046875 0.487060546875 0.012451171875 0.0126953125
0 0.4404296875 0.4766845703125 0.009765625 0.011962890625
0 0.37158203125 0.501708984375 0.0078125 0.00927734375
0 0.8363037109375 0.466796875 0.003662109375 0.00537109375
0 0.5318603515625 0.443359375 0.019287109375 0.025390625
0 0.5318603515625 0.4173583984375 0.018798828125 0.027587890625
0 0.5281982421875 0.4114990234375 0.007568359375 0.010009765625
0 0.528076171875 0.4217529296875 0.0078125 0.009521484375
0 0.83642578125 0.4769287109375 0.00390625 0.005615234375
0 0.836181640625 0.4722900390625 0.00341796875 0.003173828125
0 0.53564453125 0.4114990234375 0.00732421875 0.008544921875
0 0.753173828125 0.4752197265625 0.0078125 0.004150390625
