0 0.597412109375 0.672119140625 0.0078125 0.01171875
0 0.3814697265625 0.6558837890625 0.034912109375 0.026123046875
0 0.4239501953125 0.6719970703125 0.025634765625 0.018310546875
0 0.4195556640625 0.65673828125 0.010986328125 0.01318359375
0 0.4654541015625 0.67529296875 0.007080078125 0.00732421875
0 0.478515625 0.6771240234375 0.01318359375 0.011474609375
0 0.357666015625 0.665283203125 0.00439453125 0.00732421875
0 0.3577880859375 0.671630859375 0.005126953125 0.00634765625
0 0.49951171875 0.681884765625 0.00830078125 0.0068359375
0 0.4737548828125 0.662109375 0.006591796875 0.013671875
0 0.5665283203125 0.6824951171875 0.003173828125 0.004638671875
0 0.5859375 0.6790771484375 0.00634765625 0.007568359375
0 0.5103759765625 0.68212890625 0.005126953125 0.0068359375
