0 0.0037841796875 0.43017578125 0.007568359375 0.0244140625
0 0.486572265625 0.4583740234375 0.0048828125 0.006591796875
0 0.4737548828125 0.4637451171875 0.003662109375 0.007568359375
0 0.4638671875 0.461669921875 0.0029296875 0.0068359375
0 0.4498291015625 0.462158203125 0.005126953125 0.005859375
0 0.2935791015625 0.43896484375 0.012939453125 0.015625
0 0.2935791015625 0.4300537109375 0.009033203125 0.004150390625
0 0.293701171875 0.4193115234375 0.013671875 0.016357421875
0 0.23388671875 0.4696044921875 0.00341796875 0.005126953125
0 0.5452880859375 0.3487548828125 0.006103515625 0.025146484375
0 0.5831298828125 0.4266357421875 0.003662109375 0.018310546875
0 0.8665771484375 0.414306640625 0.005615234375 0.01953125
0 0.8822021484375 0.414794921875 0.005615234375 0.0205078125
0 0.9036865234375 0.31494140625 0.016845703125 0.01904296875
0 0.9305419921875 0.44384765625 0.024658203125 0.01123046875
0 0.3287353515625 0.3470458984375 0.008056640625 0.026611328125
0 0.291015625 0.360595703125 0.02587890625 0.01611328125
0 0.3192138671875 0.431884765625 0.020263671875 0.009765625
0 0.3184814453125 0.4237060546875 0.019287109375 0.007568359375
0 0.587890625 0.453125 0.00439453125 0.00732421875
0 0.1873779296875 0.4749755859375 0.007080078125 0.010009765625
