0 0.0635986328125 0.597900390625 0.011474609375 0.015625
0 0.1888427734375 0.66015625 0.031494140625 0.056640625
0 0.218994140625 0.4490966796875 0.07275390625 0.034423828125
0 0.21728515625 0.47607421875 0.07177734375 0.03564453125
0 0.2108154296875 0.54638671875 0.072509765625 0.0283203125
0 0.21337890625 0.5245361328125 0.07177734375 0.030517578125
0 0.2152099609375 0.500732421875 0.072509765625 0.03076171875
0 0.3167724609375 0.57958984375 0.023193359375 0.03076171875
0 0.3145751953125 0.600830078125 0.011474609375 0.01220703125
0 0.3955078125 0.5838623046875 0.01611328125 0.025634765625
0 0.5677490234375 0.5958251953125 0.018798828125 0.025634765625
