0 0.0675048828125 0.5947265625 0.029541015625 0.03662109375
0 0.0230712890625 0.5914306640625 0.030517578125 0.039794921875
0 0.530029296875 0.5731201171875 0.02685546875 0.044677734375
0 0.0242919921875 0.5347900390625 0.033935546875 0.041748046875
0 0.0692138671875 0.5391845703125 0.031494140625 0.038330078125
0 0.1607666015625 0.616455078125 0.005615234375 0.01171875
0 0.045654296875 0.56396484375 0.09130859375 0.119140625
0 0.1231689453125 0.5946044921875 0.020751953125 0.033935546875
0 0.1937255859375 0.6190185546875 0.005615234375 0.011474609375
0 0.740478515625 0.6390380859375 0.029296875 0.066162109375
