0 0.6273193359375 0.518310546875 0.017333984375 0.0234375
0 0.307861328125 0.534423828125 0.01806640625 0.01220703125
0 0.147705078125 0.5159912109375 0.009765625 0.010009765625
0 0.6258544921875 0.5025634765625 0.007080078125 0.009033203125
0 0.3800048828125 0.5076904296875 0.004150390625 0.005126953125
0 0.5584716796875 0.5047607421875 0.020263671875 0.027099609375
0 0.1497802734375 0.524169921875 0.006591796875 0.0068359375
0 0.378662109375 0.51220703125 0.001953125 0.00341796875
0 0.1434326171875 0.523193359375 0.005615234375 0.00537109375
0 0.382080078125 0.513427734375 0.0029296875 0.0048828125
0 0.558837890625 0.484375 0.01806640625 0.01123046875
0 0.628662109375 0.5400390625 0.0126953125 0.01806640625
