0 0.4815673828125 0.689453125 0.040283203125 0.02880859375
0 0.3701171875 0.7305908203125 0.0078125 0.010986328125
0 0.4761962890625 0.7374267578125 0.005615234375 0.009033203125
0 0.8226318359375 0.753662109375 0.024658203125 0.01953125
0 0.822509765625 0.7276611328125 0.0234375 0.041748046875
0 0.39697265625 0.72607421875 0.01025390625 0.0048828125
0 0.4049072265625 0.72607421875 0.005126953125 0.0068359375
0 0.435791015625 0.7388916015625 0.00634765625 0.005126953125
0 0.4483642578125 0.7396240234375 0.008056640625 0.006591796875
0 0.4134521484375 0.7271728515625 0.009033203125 0.007568359375
0 0.4593505859375 0.7371826171875 0.008056640625 0.007568359375
0 0.4285888671875 0.7384033203125 0.002197265625 0.002685546875
