0 0.5526123046875 0.45166015625 0.012939453125 0.00927734375
0 0.90869140625 0.1607666015625 0.1826171875 0.321533203125
0 0.5992431640625 0.4493408203125 0.018798828125 0.018310546875
0 0.1688232421875 0.444091796875 0.004150390625 0.01416015625
0 0.4981689453125 0.45556640625 0.004638671875 0.00927734375
0 0.3634033203125 0.446044921875 0.010498046875 0.0185546875
0 0.4241943359375 0.4569091796875 0.003173828125 0.007568359375
0 0.4901123046875 0.4293212890625 0.010498046875 0.018798828125
0 0.9072265625 0.2410888671875 0.0234375 0.040283203125
0 0.489501953125 0.4468994140625 0.0107421875 0.016845703125
0 0.4801025390625 0.4544677734375 0.008544921875 0.004150390625
0 0.98681640625 0.22607421875 0.02099609375 0.041015625
0 0.6383056640625 0.4471435546875 0.001708984375 0.007080078125
0 0.841552734375 0.07177734375 0.02197265625 0.0322265625
0 0.5048828125 0.4613037109375 0.00390625 0.007080078125
0 0.63818359375 0.454833984375 0.001953125 0.0078125
0 0.60302734375 0.4512939453125 0.00244140625 0.004150390625
0 0.4981689453125 0.446044921875 0.005615234375 0.00927734375
0 0.50927734375 0.46142578125 0.00341796875 0.0068359375
0 0.5220947265625 0.4195556640625 0.019287109375 0.032470703125
0 0.591796875 0.449951171875 0.001953125 0.0029296875
0 0.500732421875 0.4615478515625 0.00390625 0.007080078125
0 0.340576171875 0.4521484375 0.0029296875 0.00732421875
0 0.3751220703125 0.4508056640625 0.003173828125 0.006591796875
0 0.340576171875 0.4591064453125 0.0029296875 0.007080078125
0 0.5213623046875 0.447998046875 0.014404296875 0.02587890625
0 0.375 0.4578857421875 0.0029296875 0.007080078125
0 0.169189453125 0.4586181640625 0.0048828125 0.013427734375
0 0.169189453125 0.47119140625 0.00537109375 0.01123046875
