0 0.247802734375 0.2642822265625 0.02001953125 0.030517578125
0 0.3460693359375 0.2913818359375 0.049560546875 0.078857421875
0 0.2479248046875 0.2686767578125 0.033447265625 0.049560546875
0 0.9112548828125 0.3629150390625 0.006591796875 0.007080078125
0 0.2491455078125 0.309326171875 0.029052734375 0.03515625
0 0.8917236328125 0.3641357421875 0.004638671875 0.007080078125
0 0.7125244140625 0.3115234375 0.034423828125 0.044921875
0 0.250732421875 0.3349609375 0.02587890625 0.0185546875
0 0.25244140625 0.3533935546875 0.02783203125 0.019287109375
0 0.244384765625 0.3355712890625 0.0068359375 0.010498046875
0 0.9527587890625 0.3487548828125 0.004638671875 0.009033203125
