0 0.7550048828125 0.671630859375 0.014892578125 0.017578125
0 0.7744140625 0.66455078125 0.0029296875 0.009765625
0 0.3038330078125 0.6488037109375 0.008056640625 0.019287109375
0 0.495849609375 0.6680908203125 0.005859375 0.012451171875
0 0.8740234375 0.673828125 0.00341796875 0.009765625
0 0.774658203125 0.6766357421875 0.00439453125 0.011474609375
0 0.2760009765625 0.662109375 0.008056640625 0.0126953125
0 0.3345947265625 0.6695556640625 0.003662109375 0.008544921875
0 0.359375 0.67041015625 0.00390625 0.00830078125
0 0.5872802734375 0.678955078125 0.003662109375 0.00537109375
0 0.5799560546875 0.626220703125 0.010009765625 0.0126953125
0 0.579833984375 0.633056640625 0.0185546875 0.0380859375
0 0.6732177734375 0.6722412109375 0.004638671875 0.003662109375
0 0.7545166015625 0.6541748046875 0.009521484375 0.011474609375
0 0.7540283203125 0.6383056640625 0.009521484375 0.011962890625
0 0.9642333984375 0.611328125 0.020263671875 0.01025390625
0 0.8131103515625 0.675048828125 0.005615234375 0.0078125
0 0.9901123046875 0.6256103515625 0.019287109375 0.008056640625
0 0.9896240234375 0.6112060546875 0.020263671875 0.009033203125
0 0.9788818359375 0.5999755859375 0.025146484375 0.012939453125
0 0.75439453125 0.64453125 0.0166015625 0.037109375
0 0.4964599609375 0.667724609375 0.003173828125 0.0068359375
0 0.826416015625 0.6578369140625 0.0146484375 0.018798828125
0 0.5811767578125 0.64208984375 0.009033203125 0.0126953125
0 0.89697265625 0.64990234375 0.02001953125 0.021484375
0 0.27685546875 0.6624755859375 0.00537109375 0.008056640625
0 0.30419921875 0.648681640625 0.00390625 0.01025390625
0 0.416015625 0.6712646484375 0.00390625 0.007568359375
0 0.378173828125 0.6688232421875 0.01025390625 0.019287109375
