0 0.3446044921875 0.6717529296875 0.009521484375 0.013427734375
0 0.54248046875 0.6705322265625 0.0087890625 0.011474609375
0 0.0947265625 0.5950927734375 0.0498046875 0.013916015625
0 0.537109375 0.638671875 0.02392578125 0.00634765625
0 0.4263916015625 0.6748046875 0.009033203125 0.0126953125
0 0.543212890625 0.6788330078125 0.00634765625 0.004150390625
0 0.5892333984375 0.5936279296875 0.006103515625 0.011962890625
0 0.5250244140625 0.6868896484375 0.003173828125 0.007568359375
0 0.2587890625 0.68310546875 0.0048828125 0.0107421875
0 0.25927734375 0.691162109375 0.00390625 0.00439453125
