0 0.1175537109375 0.3680419921875 0.013916015625 0.024658203125
0 0.2271728515625 0.4775390625 0.004638671875 0.00927734375
0 0.3675537109375 0.455078125 0.004638671875 0.01611328125
0 0.117431640625 0.3822021484375 0.013671875 0.023681640625
0 0.3284912109375 0.4691162109375 0.002197265625 0.010498046875
0 0.3675537109375 0.45458984375 0.003173828125 0.00927734375
0 0.1943359375 0.48193359375 0.0029296875 0.00634765625
0 0.153564453125 0.4962158203125 0.0009765625 0.004150390625
0 0.2615966796875 0.4669189453125 0.002685546875 0.007568359375
0 0.200439453125 0.43359375 0.01123046875 0.009765625
0 0.083984375 0.4991455078125 0.0009765625 0.003662109375
