0 0.8448486328125 0.7684326171875 0.029052734375 0.035888671875
0 0.2086181640625 0.0054931640625 0.082763671875 0.010986328125
0 0.3896484375 0.8583984375 0.01513671875 0.0185546875
0 0.64208984375 0.832763671875 0.02294921875 0.0185546875
0 0.7003173828125 0.8248291015625 0.016357421875 0.023193359375
0 0.6275634765625 0.838623046875 0.004638671875 0.0068359375
0 0.5557861328125 0.8424072265625 0.003173828125 0.004150390625
0 0.5914306640625 0.841064453125 0.002685546875 0.0048828125
0 0.5325927734375 0.8475341796875 0.002685546875 0.003173828125
0 0.601806640625 0.8402099609375 0.005859375 0.009521484375
