0 0.4295654296875 0.751953125 0.014892578125 0.02587890625
0 0.4281005859375 0.7706298828125 0.011474609375 0.013427734375
0 0.09033203125 0.57470703125 0.07421875 0.08251953125
0 0.5062255859375 0.8070068359375 0.006591796875 0.009033203125
0 0.3441162109375 0.7591552734375 0.005126953125 0.011474609375
0 0.5625 0.8173828125 0.00341796875 0.0068359375
0 0.9166259765625 0.7432861328125 0.010986328125 0.028076171875
0 0.2049560546875 0.6650390625 0.019775390625 0.0498046875
0 0.0792236328125 0.615234375 0.067138671875 0.05712890625
0 0.517333984375 0.812744140625 0.00341796875 0.00634765625
0 0.5062255859375 0.8148193359375 0.003662109375 0.005126953125
0 0.4276123046875 0.7855224609375 0.004638671875 0.016845703125
0 0.37939453125 0.76318359375 0.00341796875 0.013671875
