0 0.419189453125 0.6236572265625 0.02197265625 0.010986328125
0 0.7174072265625 0.619873046875 0.007080078125 0.00390625
0 0.9237060546875 0.63232421875 0.022216796875 0.00537109375
0 0.8818359375 0.5313720703125 0.01708984375 0.016357421875
0 0.4884033203125 0.6209716796875 0.006103515625 0.011474609375
0 0.584716796875 0.60546875 0.01611328125 0.01904296875
0 0.5843505859375 0.6259765625 0.018310546875 0.02197265625
0 0.6339111328125 0.62646484375 0.014892578125 0.01904296875
0 0.8802490234375 0.4932861328125 0.017822265625 0.062744140625
0 0.018798828125 0.5189208984375 0.03759765625 0.054931640625
0 0.42236328125 0.6558837890625 0.015625 0.005615234375
0 0.31298828125 0.613525390625 0.01123046875 0.0234375
0 0.2916259765625 0.6605224609375 0.009521484375 0.017333984375
0 0.4334716796875 0.626220703125 0.008056640625 0.01025390625
0 0.42236328125 0.6263427734375 0.015625 0.018798828125
0 0.4034423828125 0.580078125 0.017333984375 0.021484375
0 0.4017333984375 0.603515625 0.010986328125 0.0185546875
0 0.391845703125 0.62744140625 0.015625 0.01953125
0 0.54150390625 0.6287841796875 0.00634765625 0.009033203125
0 0.8819580078125 0.4739990234375 0.005615234375 0.020751953125
0 0.315673828125 0.6068115234375 0.00439453125 0.008544921875
0 0.008544921875 0.5067138671875 0.01708984375 0.023681640625
