0 0.182861328125 0.4481201171875 0.0087890625 0.018310546875
0 0.767333984375 0.4696044921875 0.00439453125 0.006591796875
0 0.7672119140625 0.4749755859375 0.004150390625 0.003662109375
0 0.715576171875 0.467041015625 0.00537109375 0.00537109375
0 0.7152099609375 0.458740234375 0.005615234375 0.00927734375
0 0.459716796875 0.4500732421875 0.00634765625 0.031982421875
0 0.5107421875 0.510498046875 0.001953125 0.00439453125
0 0.3876953125 0.4105224609375 0.0146484375 0.072509765625
0 0.3873291015625 0.466796875 0.007568359375 0.017578125
0 0.2625732421875 0.4842529296875 0.003662109375 0.009521484375
0 0.27392578125 0.490234375 0.0068359375 0.00927734375
0 0.2113037109375 0.4698486328125 0.005615234375 0.002197265625
0 0.18212890625 0.4644775390625 0.0087890625 0.014892578125
0 0.2742919921875 0.47900390625 0.006591796875 0.0126953125
0 0.21142578125 0.463134765625 0.00537109375 0.00927734375
0 0.60546875 0.435302734375 0.00634765625 0.0146484375
0 0.449462890625 0.50634765625 0.00244140625 0.00439453125
0 0.009033203125 0.4500732421875 0.00390625 0.007568359375
