0 0.084716796875 0.545654296875 0.0517578125 0.0849609375
0 0.686279296875 0.7181396484375 0.00927734375 0.013427734375
0 0.935546875 0.68603515625 0.01513671875 0.00537109375
0 0.9263916015625 0.7230224609375 0.010009765625 0.016845703125
0 0.614501953125 0.7161865234375 0.0087890625 0.017822265625
0 0.678466796875 0.6876220703125 0.0107421875 0.004638671875
0 0.750732421875 0.685791015625 0.01025390625 0.01171875
0 0.685791015625 0.727294921875 0.00537109375 0.00439453125
0 0.716552734375 0.6824951171875 0.0087890625 0.011474609375
0 0.785888671875 0.68408203125 0.00927734375 0.0126953125
0 0.935302734375 0.6806640625 0.01171875 0.00537109375
