0 0.517578125 0.6148681640625 0.00439453125 0.004150390625
0 0.501953125 0.606201171875 0.001953125 0.00341796875
0 0.32373046875 0.631591796875 0.00537109375 0.0068359375
0 0.2786865234375 0.634033203125 0.002197265625 0.00439453125
0 0.7279052734375 0.646484375 0.003662109375 0.00927734375
0 0.7176513671875 0.632568359375 0.011962890625 0.01513671875
0 0.6282958984375 0.63134765625 0.005615234375 0.00927734375
0 0.591552734375 0.6322021484375 0.00537109375 0.007568359375
0 0.5413818359375 0.6309814453125 0.002197265625 0.004638671875
0 0.5224609375 0.623046875 0.0048828125 0.0078125
0 0.4697265625 0.621337890625 0.005859375 0.0078125
