0 0.6761474609375 0.47705078125 0.010986328125 0.01416015625
0 0.74169921875 0.4073486328125 0.04931640625 0.063232421875
0 0.478271484375 0.439208984375 0.0224609375 0.02783203125
0 0.79443359375 0.4332275390625 0.02734375 0.030029296875
0 0.4781494140625 0.4681396484375 0.017333984375 0.030029296875
0 0.9183349609375 0.4530029296875 0.033447265625 0.015380859375
0 0.7420654296875 0.460205078125 0.030029296875 0.01904296875
0 0.7952880859375 0.456298828125 0.020751953125 0.01611328125
0 0.5860595703125 0.4732666015625 0.014892578125 0.008056640625
0 0.59326171875 0.4853515625 0.01220703125 0.01708984375
