0 0.38916015625 0.61474609375 0.00634765625 0.03466796875
0 0.8922119140625 0.072509765625 0.116943359375 0.14501953125
0 0.8917236328125 0.1947021484375 0.126708984375 0.081298828125
0 0.1492919921875 0.6004638671875 0.018798828125 0.012451171875
0 0.45263671875 0.58251953125 0.0263671875 0.0361328125
0 0.453857421875 0.6485595703125 0.03955078125 0.020263671875
0 0.4534912109375 0.6182861328125 0.039306640625 0.038330078125
0 0.4315185546875 0.52001953125 0.010498046875 0.01513671875
0 0.3896484375 0.5892333984375 0.0107421875 0.014892578125
0 0.466796875 0.629638671875 0.00732421875 0.0087890625
0 0.439208984375 0.63134765625 0.009765625 0.01025390625
