0 0.5963134765625 0.4854736328125 0.007568359375 0.015869140625
0 0.4844970703125 0.491455078125 0.007080078125 0.01025390625
0 0.5379638671875 0.465087890625 0.021240234375 0.01318359375
0 0.01953125 0.572021484375 0.0390625 0.048828125
0 0.532470703125 0.455810546875 0.01025390625 0.0048828125
0 0.5166015625 0.4659423828125 0.01904296875 0.012939453125
0 0.588623046875 0.4954833984375 0.0048828125 0.005126953125
0 0.5281982421875 0.49853515625 0.002197265625 0.0029296875
0 0.41796875 0.4891357421875 0.0068359375 0.004638671875
0 0.5760498046875 0.5074462890625 0.002685546875 0.015380859375
