0 0.4041748046875 0.6702880859375 0.019287109375 0.006103515625
0 0.53857421875 0.6846923828125 0.01513671875 0.004150390625
0 0.3492431640625 0.703369140625 0.006103515625 0.0087890625
0 0.8011474609375 0.6591796875 0.025146484375 0.0341796875
0 0.80126953125 0.6842041015625 0.021484375 0.018310546875
0 0.5003662109375 0.704833984375 0.005126953125 0.009765625
0 0.5791015625 0.716552734375 0.00390625 0.0078125
0 0.2744140625 0.655029296875 0.0244140625 0.03466796875
0 0.273193359375 0.6796875 0.02099609375 0.02001953125
0 0.3485107421875 0.7099609375 0.004150390625 0.00390625
