0 0.7227783203125 0.467529296875 0.014892578125 0.01904296875
0 0.39990234375 0.5048828125 0.009765625 0.01513671875
0 0.7232666015625 0.483154296875 0.014892578125 0.01220703125
0 0.399658203125 0.526123046875 0.01318359375 0.01171875
0 0.5821533203125 0.512451171875 0.007080078125 0.00634765625
0 0.58154296875 0.5035400390625 0.00390625 0.009521484375
0 0.4603271484375 0.5240478515625 0.004638671875 0.011474609375
0 0.5999755859375 0.507080078125 0.006591796875 0.0126953125
0 0.692626953125 0.5054931640625 0.00830078125 0.006103515625
0 0.6923828125 0.4991455078125 0.00390625 0.004150390625
0 0.6768798828125 0.50390625 0.006591796875 0.013671875
0 0.3994140625 0.5167236328125 0.0107421875 0.008544921875
