0 0.8236083984375 0.435791015625 0.008056640625 0.01416015625
0 0.8232421875 0.4532470703125 0.0078125 0.013427734375
0 0.830322265625 0.412109375 0.02490234375 0.03369140625
0 0.8345947265625 0.4375 0.008056640625 0.01318359375
0 0.444091796875 0.4296875 0.02099609375 0.02001953125
0 0.8306884765625 0.3885498046875 0.024169921875 0.015869140625
0 0.4930419921875 0.4503173828125 0.009033203125 0.026123046875
0 0.4603271484375 0.4691162109375 0.005126953125 0.017822265625
0 0.4122314453125 0.4505615234375 0.002685546875 0.005126953125
0 0.4925537109375 0.4656982421875 0.009033203125 0.006103515625
0 0.444091796875 0.4578857421875 0.00244140625 0.020751953125
0 0.425537109375 0.4530029296875 0.0087890625 0.008544921875
0 0.4512939453125 0.4622802734375 0.005126953125 0.015380859375
0 0.4393310546875 0.45361328125 0.008056640625 0.0078125
