0 0.5123291015625 0.677978515625 0.005126953125 0.0068359375
0 0.5322265625 0.6741943359375 0.00439453125 0.006103515625
0 0.61962890625 0.610595703125 0.01416015625 0.01904296875
0 0.1583251953125 0.68505859375 0.005615234375 0.00732421875
0 0.9554443359375 0.4296875 0.043212890625 0.0556640625
0 0.4091796875 0.6646728515625 0.00390625 0.004638671875
0 0.9652099609375 0.4912109375 0.026611328125 0.05859375
0 0.531982421875 0.679931640625 0.00390625 0.0029296875
0 0.531982421875 0.667236328125 0.015625 0.0068359375
0 0.43408203125 0.6632080078125 0.00341796875 0.004638671875
0 0.1578369140625 0.69091796875 0.005615234375 0.00390625
0 0.4090576171875 0.668701171875 0.004638671875 0.00390625
0 0.4993896484375 0.6727294921875 0.004638671875 0.004638671875
