0 0.685546875 0.61474609375 0.01806640625 0.0224609375
0 0.3934326171875 0.620849609375 0.007568359375 0.01171875
0 0.375244140625 0.6197509765625 0.01953125 0.022705078125
0 0.0775146484375 0.5994873046875 0.094482421875 0.116943359375
0 0.5147705078125 0.6148681640625 0.007080078125 0.010498046875
0 0.4912109375 0.6058349609375 0.00537109375 0.008544921875
0 0.7659912109375 0.580322265625 0.011962890625 0.0205078125
0 0.3477783203125 0.550048828125 0.041259765625 0.0185546875
0 0.3817138671875 0.555908203125 0.021728515625 0.009765625
0 0.383056640625 0.6219482421875 0.00927734375 0.011962890625
0 0.5184326171875 0.587890625 0.015869140625 0.00830078125
0 0.8631591796875 0.5662841796875 0.011474609375 0.010009765625
0 0.88134765625 0.574462890625 0.01513671875 0.02392578125
