0 0.41259765625 0.6650390625 0.021484375 0.02197265625
0 0.3160400390625 0.690185546875 0.033447265625 0.0283203125
0 0.5574951171875 0.71484375 0.002197265625 0.00341796875
0 0.565185546875 0.7135009765625 0.00244140625 0.003662109375
0 0.5765380859375 0.7110595703125 0.005615234375 0.008544921875
0 0.583984375 0.70947265625 0.00537109375 0.00732421875
0 0.740478515625 0.64404296875 0.02880859375 0.04541015625
0 0.6600341796875 0.7423095703125 0.017822265625 0.028076171875
0 0.7867431640625 0.6392822265625 0.012939453125 0.022705078125
0 0.3179931640625 0.653564453125 0.025634765625 0.04345703125
0 0.4664306640625 0.68505859375 0.009521484375 0.01220703125
0 0.6514892578125 0.6661376953125 0.004638671875 0.010986328125
0 0.6513671875 0.6773681640625 0.00439453125 0.011474609375
0 0.656005859375 0.6881103515625 0.005859375 0.008544921875
0 0.650390625 0.7015380859375 0.00439453125 0.008544921875
0 0.543701171875 0.7154541015625 0.00244140625 0.004638671875
0 0.535888671875 0.713623046875 0.001953125 0.0029296875
