0 0.5557861328125 0.4990234375 0.006591796875 0.0107421875
0 0.4476318359375 0.5 0.006591796875 0.009765625
0 0.560302734375 0.4561767578125 0.02685546875 0.009033203125
0 0.4271240234375 0.5096435546875 0.005126953125 0.006103515625
0 0.490966796875 0.5018310546875 0.00341796875 0.002197265625
0 0.5595703125 0.4459228515625 0.03369140625 0.008056640625
0 0.7247314453125 0.439208984375 0.006103515625 0.0078125
0 0.5159912109375 0.49609375 0.009521484375 0.0068359375
0 0.515625 0.4876708984375 0.00927734375 0.010986328125
0 0.3909912109375 0.501708984375 0.006103515625 0.01123046875
0 0.4908447265625 0.496826171875 0.006103515625 0.00732421875
0 0.4129638671875 0.50732421875 0.003662109375 0.00390625
0 0.4134521484375 0.501708984375 0.005615234375 0.0068359375
0 0.455322265625 0.5108642578125 0.00634765625 0.002685546875
0 0.5426025390625 0.5069580078125 0.002685546875 0.003662109375
