0 0.3585205078125 0.7261962890625 0.010498046875 0.019775390625
0 0.62548828125 0.64892578125 0.04248046875 0.0146484375
0 0.56396484375 0.640869140625 0.0107421875 0.013671875
0 0.564208984375 0.6455078125 0.01953125 0.02978515625
0 0.7022705078125 0.735107421875 0.006591796875 0.009765625
0 0.3555908203125 0.6732177734375 0.017333984375 0.024658203125
0 0.47412109375 0.765869140625 0.005859375 0.00634765625
0 0.3577880859375 0.7540283203125 0.010986328125 0.014404296875
0 0.3609619140625 0.736083984375 0.005615234375 0.013671875
0 0.436767578125 0.7777099609375 0.0029296875 0.003662109375
