0 0.25439453125 0.41064453125 0.00732421875 0.00390625
0 0.5606689453125 0.3975830078125 0.008056640625 0.005615234375
0 0.2510986328125 0.36962890625 0.012451171875 0.017578125
0 0.25341796875 0.3934326171875 0.01171875 0.004150390625
0 0.254150390625 0.40185546875 0.0068359375 0.01318359375
0 0.2537841796875 0.3853759765625 0.011474609375 0.014404296875
0 0.1243896484375 0.4342041015625 0.007568359375 0.031005859375
0 0.1219482421875 0.4144287109375 0.007080078125 0.005126953125
0 0.1201171875 0.392822265625 0.009765625 0.01220703125
0 0.11865234375 0.3795166015625 0.00927734375 0.013916015625
0 0.1383056640625 0.3779296875 0.004638671875 0.01220703125
0 0.1212158203125 0.4012451171875 0.008544921875 0.005126953125
