0 0.1617431640625 0.3995361328125 0.010498046875 0.008544921875
0 0.327392578125 0.3616943359375 0.03466796875 0.035400390625
0 0.37109375 0.4102783203125 0.00732421875 0.010498046875
0 0.361328125 0.3658447265625 0.0224609375 0.035888671875
0 0.1619873046875 0.3897705078125 0.012939453125 0.010009765625
0 0.322021484375 0.35595703125 0.0048828125 0.0078125
0 0.2154541015625 0.3885498046875 0.009033203125 0.010498046875
0 0.5936279296875 0.420166015625 0.004638671875 0.00537109375
0 0.1654052734375 0.344970703125 0.016357421875 0.0224609375
0 0.1630859375 0.374755859375 0.015625 0.02001953125
0 0.164306640625 0.3604736328125 0.0146484375 0.010498046875
