0 0.0262451171875 0.4102783203125 0.026123046875 0.059326171875
0 0.1697998046875 0.3109130859375 0.014892578125 0.040771484375
0 0.7509765625 0.43115234375 0.00439453125 0.0263671875
0 0.3236083984375 0.3973388671875 0.007568359375 0.018310546875
0 0.7354736328125 0.4158935546875 0.010498046875 0.023681640625
0 0.1551513671875 0.306884765625 0.016845703125 0.046875
0 0.158935546875 0.3388671875 0.0146484375 0.01416015625
0 0.9647216796875 0.3955078125 0.019287109375 0.04345703125
0 0.964599609375 0.385498046875 0.01416015625 0.021484375
0 0.7447509765625 0.417236328125 0.010986328125 0.02734375
0 0.7362060546875 0.4107666015625 0.006591796875 0.010986328125
0 0.4775390625 0.3819580078125 0.0107421875 0.008056640625
0 0.6351318359375 0.4273681640625 0.006103515625 0.018310546875
0 0.7449951171875 0.4117431640625 0.006591796875 0.011474609375
0 0.640625 0.4285888671875 0.005859375 0.017333984375
0 0.1553955078125 0.296875 0.010986328125 0.02001953125
0 0.0277099609375 0.3984375 0.017822265625 0.02880859375
0 0.169677734375 0.3026123046875 0.0107421875 0.019287109375
0 0.32421875 0.393798828125 0.00537109375 0.00927734375
0 0.63525390625 0.423583984375 0.00341796875 0.0068359375
0 0.158447265625 0.3587646484375 0.015625 0.024658203125
0 0.53125 0.390869140625 0.0166015625 0.0087890625
0 0.640869140625 0.4249267578125 0.00439453125 0.006591796875
0 0.162109375 0.2640380859375 0.01806640625 0.019775390625
