0 0.210205078125 0.4468994140625 0.04638671875 0.060791015625
0 0.91650390625 0.5889892578125 0.0244140625 0.030517578125
0 0.7388916015625 0.628173828125 0.006103515625 0.0107421875
0 0.8856201171875 0.638671875 0.009033203125 0.0107421875
0 0.87060546875 0.64208984375 0.00537109375 0.00634765625
0 0.2071533203125 0.5006103515625 0.049072265625 0.045166015625
0 0.4395751953125 0.6365966796875 0.016357421875 0.009033203125
0 0.7535400390625 0.61181640625 0.007080078125 0.00830078125
0 0.7392578125 0.6361083984375 0.005859375 0.004638671875
0 0.441650390625 0.6453857421875 0.01171875 0.007080078125
0 0.5645751953125 0.625244140625 0.023193359375 0.01904296875
