0 0.5806884765625 0.5596923828125 0.022705078125 0.010986328125
0 0.749267578125 0.45361328125 0.07470703125 0.0966796875
0 0.7615966796875 0.6007080078125 0.011962890625 0.052978515625
0 0.5660400390625 0.5987548828125 0.008544921875 0.029541015625
0 0.540283203125 0.57666015625 0.01611328125 0.02685546875
0 0.3963623046875 0.607666015625 0.007080078125 0.00927734375
0 0.397705078125 0.58251953125 0.01318359375 0.017578125
0 0.41162109375 0.578125 0.01513671875 0.0205078125
0 0.421142578125 0.60107421875 0.01171875 0.0068359375
0 0.2567138671875 0.5943603515625 0.002197265625 0.002685546875
0 0.4388427734375 0.586669921875 0.006103515625 0.00830078125
0 0.0635986328125 0.607177734375 0.018798828125 0.0126953125
0 0.0643310546875 0.59423828125 0.018310546875 0.01318359375
0 0.060302734375 0.5806884765625 0.0068359375 0.012939453125
0 0.053955078125 0.574462890625 0.00439453125 0.013671875
0 0.0452880859375 0.5665283203125 0.014404296875 0.018798828125
0 0.0455322265625 0.55322265625 0.014404296875 0.01953125
0 0.046630859375 0.5401611328125 0.01416015625 0.019287109375
0 0.051025390625 0.52880859375 0.005859375 0.01611328125
0 0.4298095703125 0.5867919921875 0.008544921875 0.008056640625
0 0.254638671875 0.59912109375 0.00244140625 0.00244140625
