0 0.087646484375 0.408935546875 0.0087890625 0.03759765625
0 0.2366943359375 0.431396484375 0.015380859375 0.03076171875
0 0.457275390625 0.4244384765625 0.01220703125 0.008056640625
0 0.087646484375 0.43603515625 0.00927734375 0.017578125
0 0.489990234375 0.442626953125 0.005859375 0.005859375
0 0.44140625 0.440185546875 0.00732421875 0.0126953125
0 0.0875244140625 0.4556884765625 0.009033203125 0.020751953125
0 0.085205078125 0.4356689453125 0.00244140625 0.011474609375
0 0.053466796875 0.4852294921875 0.00439453125 0.014892578125
0 0.490234375 0.4329833984375 0.0048828125 0.013916015625
