0 0.7496337890625 0.3436279296875 0.008056640625 0.015869140625
0 0.737060546875 0.3717041015625 0.00439453125 0.009033203125
0 0.7490234375 0.3709716796875 0.005859375 0.009521484375
0 0.739990234375 0.36083984375 0.0048828125 0.009765625
0 0.7427978515625 0.3709716796875 0.005126953125 0.009521484375
0 0.7562255859375 0.3642578125 0.005615234375 0.01025390625
0 0.7767333984375 0.3624267578125 0.005126953125 0.010009765625
0 0.76318359375 0.363525390625 0.00537109375 0.009765625
0 0.7696533203125 0.3626708984375 0.005126953125 0.009521484375
0 0.557373046875 0.32666015625 0.01806640625 0.0205078125
0 0.558349609375 0.3714599609375 0.0146484375 0.007080078125
0 0.9854736328125 0.4305419921875 0.024169921875 0.285400390625
