0 0.5992431640625 0.4521484375 0.008056640625 0.01611328125
0 0.1326904296875 0.5223388671875 0.003662109375 0.005126953125
0 0.1329345703125 0.515869140625 0.003173828125 0.0048828125
0 0.13427734375 0.50244140625 0.00390625 0.005859375
0 0.1378173828125 0.5076904296875 0.008056640625 0.003173828125
0 0.1380615234375 0.5206298828125 0.007568359375 0.003662109375
0 0.197021484375 0.52392578125 0.0029296875 0.00634765625
0 0.1380615234375 0.5164794921875 0.007568359375 0.003173828125
0 0.1380615234375 0.51220703125 0.007568359375 0.00341796875
0 0.2823486328125 0.5352783203125 0.002197265625 0.007080078125
0 0.43505859375 0.5150146484375 0.0068359375 0.005126953125
0 0.1339111328125 0.509033203125 0.003662109375 0.0048828125
0 0.3758544921875 0.51025390625 0.001708984375 0.00244140625
0 0.446044921875 0.4791259765625 0.01220703125 0.004638671875
0 0.4459228515625 0.4735107421875 0.011962890625 0.005126953125
0 0.4384765625 0.4954833984375 0.005859375 0.014404296875
0 0.431640625 0.48974609375 0.01220703125 0.00634765625
0 0.4462890625 0.4852294921875 0.01220703125 0.005615234375
0 0.4307861328125 0.4654541015625 0.011962890625 0.005615234375
0 0.4317626953125 0.4732666015625 0.012939453125 0.008544921875
0 0.4317626953125 0.4822998046875 0.012451171875 0.006591796875
0 0.7078857421875 0.5556640625 0.024658203125 0.111328125
0 0.546875 0.47265625 0.00244140625 0.01025390625
0 0.1683349609375 0.5238037109375 0.003173828125 0.006591796875
0 0.4317626953125 0.495849609375 0.011962890625 0.005859375
0 0.4466552734375 0.4918212890625 0.011962890625 0.006591796875
0 0.1375732421875 0.524658203125 0.008056640625 0.0029296875
0 0.7095947265625 0.59228515625 0.016357421875 0.03076171875
0 0.1343994140625 0.4942626953125 0.004638671875 0.009521484375
0 0.102294921875 0.521240234375 0.001953125 0.00439453125
