0 0.6531982421875 0.5267333984375 0.029052734375 0.038330078125
0 0.509033203125 0.4384765625 0.01171875 0.01611328125
0 0.517578125 0.1905517578125 0.025390625 0.032958984375
0 0.094482421875 0.37353515625 0.01318359375 0.0205078125
0 0.5128173828125 0.5299072265625 0.011962890625 0.017822265625
0 0.6053466796875 0.488525390625 0.008056640625 0.01123046875
0 0.9190673828125 0.37939453125 0.043701171875 0.07373046875
0 0.7791748046875 0.478759765625 0.019775390625 0.01708984375
0 0.9683837890625 0.4710693359375 0.005615234375 0.013427734375
0 0.5081787109375 0.540771484375 0.004150390625 0.013671875
