0 0.28125 0.575927734375 0.00439453125 0.01708984375
0 0.3382568359375 0.558349609375 0.006103515625 0.0224609375
0 0.4520263671875 0.4642333984375 0.009521484375 0.043701171875
0 0.376953125 0.55810546875 0.0185546875 0.02294921875
0 0.836181640625 0.5390625 0.07080078125 0.056640625
0 0.4034423828125 0.2015380859375 0.022705078125 0.103271484375
0 0.233154296875 0.404296875 0.0712890625 0.09033203125
0 0.236572265625 0.5999755859375 0.00732421875 0.028564453125
0 0.2349853515625 0.47265625 0.068115234375 0.0302734375
0 0.3819580078125 0.60302734375 0.002197265625 0.009765625
0 0.4046630859375 0.5289306640625 0.005126953125 0.029052734375
