0 0.3310546875 0.587890625 0.03759765625 0.06640625
0 0.330810546875 0.6817626953125 0.03759765625 0.068603515625
0 0.453369140625 0.82763671875 0.0068359375 0.01318359375
0 0.4349365234375 0.3485107421875 0.051025390625 0.095458984375
0 0.4862060546875 0.339111328125 0.049072265625 0.09375
0 0.32861328125 0.490234375 0.0361328125 0.06396484375
0 0.4866943359375 0.4044189453125 0.049560546875 0.035400390625
0 0.3310546875 0.6343994140625 0.02587890625 0.027099609375
0 0.4527587890625 0.81298828125 0.007080078125 0.01318359375
0 0.453125 0.837158203125 0.00732421875 0.005859375
0 0.3306884765625 0.725830078125 0.027587890625 0.02001953125
0 0.3282470703125 0.535888671875 0.037353515625 0.02490234375
