0 0.6151123046875 0.5482177734375 0.035400390625 0.028076171875
0 0.5843505859375 0.60986328125 0.008544921875 0.01123046875
0 0.4796142578125 0.6417236328125 0.005126953125 0.006591796875
0 0.6539306640625 0.590576171875 0.013427734375 0.00634765625
0 0.4886474609375 0.6365966796875 0.003662109375 0.004150390625
0 0.614990234375 0.5740966796875 0.03564453125 0.018798828125
0 0.532470703125 0.587890625 0.01025390625 0.02001953125
0 0.2088623046875 0.60302734375 0.005126953125 0.021484375
0 0.2091064453125 0.6041259765625 0.003662109375 0.010986328125
0 0.6888427734375 0.5999755859375 0.003662109375 0.017333984375
0 0.61572265625 0.5950927734375 0.03564453125 0.018798828125
