0 0.6348876953125 0.5181884765625 0.008056640625 0.008056640625
0 0.493896484375 0.50634765625 0.01220703125 0.03076171875
0 0.1683349609375 0.4736328125 0.010009765625 0.01513671875
0 0.544921875 0.497802734375 0.0029296875 0.005859375
0 0.6341552734375 0.4803466796875 0.010498046875 0.020263671875
0 0.168212890625 0.4986572265625 0.001953125 0.005126953125
0 0.2156982421875 0.4952392578125 0.003662109375 0.006103515625
0 0.5714111328125 0.5093994140625 0.001220703125 0.003662109375
0 0.1634521484375 0.499755859375 0.002685546875 0.00341796875
0 0.5577392578125 0.505615234375 0.000732421875 0.00390625
0 0.634765625 0.501708984375 0.0107421875 0.0234375
