0 0.5311279296875 0.493408203125 0.011474609375 0.00732421875
0 0.481689453125 0.510009765625 0.00341796875 0.00439453125
0 0.607177734375 0.517333984375 0.00244140625 0.00439453125
0 0.4862060546875 0.509033203125 0.005615234375 0.00732421875
0 0.531005859375 0.5081787109375 0.005859375 0.007568359375
0 0.5714111328125 0.5 0.003662109375 0.0048828125
0 0.4656982421875 0.4854736328125 0.019287109375 0.025634765625
0 0.4820556640625 0.5013427734375 0.002685546875 0.003173828125
0 0.48193359375 0.5047607421875 0.00244140625 0.003662109375
0 0.158447265625 0.539306640625 0.03662109375 0.02197265625
0 0.5712890625 0.5042724609375 0.00390625 0.002685546875
