0 0.557861328125 0.478515625 0.03125 0.03759765625
0 0.791748046875 0.4501953125 0.0517578125 0.0615234375
0 0.782958984375 0.37841796875 0.0576171875 0.07763671875
0 0.641357421875 0.503662109375 0.025390625 0.03955078125
0 0.558837890625 0.5048828125 0.033203125 0.01318359375
0 0.7940673828125 0.4962158203125 0.040283203125 0.020751953125
0 0.50244140625 0.5164794921875 0.01611328125 0.019775390625
0 0.4315185546875 0.52294921875 0.006591796875 0.01220703125
0 0.412353515625 0.526123046875 0.00537109375 0.01025390625
0 0.3846435546875 0.5283203125 0.004638671875 0.00732421875
0 0.159423828125 0.430908203125 0.03515625 0.0439453125
0 0.4599609375 0.5213623046875 0.0078125 0.013916015625
0 0.4019775390625 0.527587890625 0.007080078125 0.0078125
0 0.26171875 0.532470703125 0.00439453125 0.00634765625
