0 0.5245361328125 0.4915771484375 0.006591796875 0.010986328125
0 0.4521484375 0.4876708984375 0.009765625 0.014892578125
0 0.478759765625 0.4886474609375 0.0087890625 0.013427734375
0 0.5435791015625 0.492919921875 0.007080078125 0.01025390625
0 0.6104736328125 0.4951171875 0.005126953125 0.00830078125
0 0.564697265625 0.4940185546875 0.005859375 0.010009765625
0 0.9915771484375 0.48779296875 0.016357421875 0.029296875
0 0.6473388671875 0.49267578125 0.038818359375 0.02294921875
0 0.6478271484375 0.5216064453125 0.010009765625 0.020751953125
0 0.5885009765625 0.49365234375 0.006103515625 0.00927734375
