0 0.615478515625 0.6514892578125 0.013671875 0.023681640625
0 0.4576416015625 0.5755615234375 0.013427734375 0.013427734375
0 0.268310546875 0.5579833984375 0.0146484375 0.015380859375
0 0.201171875 0.55029296875 0.015625 0.0146484375
0 0.159912109375 0.642822265625 0.015625 0.02392578125
0 0.013427734375 0.5328369140625 0.01171875 0.019775390625
0 0.599609375 0.590576171875 0.01220703125 0.013671875
0 0.5159912109375 0.582275390625 0.012939453125 0.013671875
0 0.506591796875 0.668212890625 0.0126953125 0.0234375
0 0.1326904296875 0.543212890625 0.015380859375 0.0146484375
0 0.3968505859375 0.5701904296875 0.013427734375 0.014404296875
0 0.334228515625 0.564208984375 0.01416015625 0.0146484375
0 0.2310791015625 0.642333984375 0.014892578125 0.0146484375
0 0.085205078125 0.633544921875 0.01513671875 0.01708984375
0 0.4788818359375 0.6563720703125 0.003662109375 0.008056640625
0 0.373291015625 0.6572265625 0.01416015625 0.02392578125
0 0.0113525390625 0.5142822265625 0.022705078125 0.059326171875
0 0.3043212890625 0.651611328125 0.014892578125 0.02587890625
0 0.0645751953125 0.53466796875 0.014404296875 0.0166015625
0 0.0146484375 0.4931640625 0.0068359375 0.0107421875
