0 0.446044921875 0.5284423828125 0.0087890625 0.014404296875
0 0.9627685546875 0.4805908203125 0.006591796875 0.025634765625
0 0.4271240234375 0.4801025390625 0.009521484375 0.010986328125
0 0.4266357421875 0.4949951171875 0.006103515625 0.006591796875
0 0.4388427734375 0.530029296875 0.003173828125 0.00390625
0 0.4320068359375 0.5179443359375 0.005615234375 0.011962890625
0 0.4393310546875 0.522216796875 0.004638671875 0.00341796875
0 0.9627685546875 0.4462890625 0.010009765625 0.04296875
0 0.4757080078125 0.5185546875 0.009521484375 0.017578125
0 0.4764404296875 0.5059814453125 0.007080078125 0.007080078125
0 0.1761474609375 0.54736328125 0.003662109375 0.00244140625
0 0.4764404296875 0.485595703125 0.006103515625 0.0146484375
0 0.6549072265625 0.423828125 0.020751953125 0.15576171875
0 0.3076171875 0.4072265625 0.01953125 0.04833984375
0 0.2340087890625 0.54248046875 0.006591796875 0.0087890625
0 0.313720703125 0.336181640625 0.037109375 0.0859375
0 0.6585693359375 0.2879638671875 0.038330078125 0.178955078125
0 0.47607421875 0.498046875 0.0068359375 0.00732421875
0 0.17626953125 0.5433349609375 0.00439453125 0.005126953125
