0 0.3060302734375 0.60986328125 0.023681640625 0.00927734375
0 0.2879638671875 0.4969482421875 0.021728515625 0.027099609375
0 0.9552001953125 0.5631103515625 0.005615234375 0.012939453125
0 0.080078125 0.617919921875 0.02001953125 0.02685546875
0 0.192138671875 0.607177734375 0.0185546875 0.02587890625
0 0.20361328125 0.501708984375 0.02099609375 0.0283203125
0 0.5264892578125 0.596435546875 0.017333984375 0.01318359375
0 0.5252685546875 0.5760498046875 0.017333984375 0.024169921875
0 0.421630859375 0.6092529296875 0.02197265625 0.009521484375
0 0.2462158203125 0.49853515625 0.022216796875 0.02685546875
0 0.5665283203125 0.433349609375 0.052001953125 0.05322265625
