0 0.87158203125 0.757080078125 0.02685546875 0.03076171875
0 0.929443359375 0.8115234375 0.01025390625 0.01318359375
0 0.199462890625 0.685302734375 0.1396484375 0.0458984375
0 0.0487060546875 0.7281494140625 0.014404296875 0.027099609375
0 0.4588623046875 0.8084716796875 0.031005859375 0.042236328125
0 0.2535400390625 0.771240234375 0.009033203125 0.02880859375
0 0.7841796875 0.742919921875 0.0146484375 0.02392578125
0 0.92626953125 0.8216552734375 0.01806640625 0.008544921875
0 0.20556640625 0.654052734375 0.07568359375 0.03076171875
0 0.7880859375 0.770751953125 0.0087890625 0.0234375
