0 0.4534912109375 0.6170654296875 0.013427734375 0.016357421875
0 0.4534912109375 0.640380859375 0.011474609375 0.01611328125
0 0.4383544921875 0.64990234375 0.008544921875 0.0126953125
0 0.3377685546875 0.64453125 0.007568359375 0.009765625
0 0.4537353515625 0.60107421875 0.014404296875 0.015625
0 0.5625 0.59619140625 0.005859375 0.0400390625
0 0.588134765625 0.6368408203125 0.01513671875 0.023681640625
0 0.4385986328125 0.6380615234375 0.009033203125 0.012451171875
0 0.453857421875 0.6290283203125 0.0107421875 0.007080078125
0 0.188232421875 0.6142578125 0.025390625 0.0341796875
0 0.4384765625 0.6588134765625 0.00830078125 0.004638671875
0 0.5908203125 0.5338134765625 0.02783203125 0.016845703125
0 0.58740234375 0.4588623046875 0.03662109375 0.047607421875
0 0.5892333984375 0.5040283203125 0.032470703125 0.036865234375
0 0.5921630859375 0.572021484375 0.036865234375 0.04736328125
0 0.3372802734375 0.6536865234375 0.009033203125 0.005615234375
