0 0.54443359375 0.5545654296875 0.009765625 0.013427734375
0 0.298095703125 0.519287109375 0.00927734375 0.00732421875
0 0.4923095703125 0.5379638671875 0.017822265625 0.022705078125
0 0.4930419921875 0.5146484375 0.017822265625 0.02392578125
0 0.491943359375 0.5579833984375 0.015625 0.014892578125
0 0.502685546875 0.578857421875 0.005859375 0.0078125
0 0.5439453125 0.54443359375 0.0107421875 0.0048828125
0 0.478515625 0.5555419921875 0.00390625 0.007080078125
0 0.528564453125 0.52490234375 0.017578125 0.00537109375
0 0.4786376953125 0.5654296875 0.004150390625 0.005859375
0 0.544189453125 0.576171875 0.00537109375 0.0078125
