0 0.5350341796875 0.705810546875 0.007080078125 0.01025390625
0 0.14453125 0.3812255859375 0.05029296875 0.066162109375
0 0.2755126953125 0.361083984375 0.124267578125 0.080078125
0 0.626953125 0.7381591796875 0.00439453125 0.007568359375
0 0.565185546875 0.7320556640625 0.00732421875 0.010009765625
0 0.548095703125 0.7061767578125 0.01806640625 0.008544921875
0 0.5948486328125 0.7066650390625 0.007568359375 0.010986328125
0 0.5654296875 0.739501953125 0.00634765625 0.00390625
0 0.56494140625 0.7484130859375 0.0078125 0.012939453125
0 0.5653076171875 0.7457275390625 0.005615234375 0.006591796875
0 0.5672607421875 0.757080078125 0.005126953125 0.00732421875
