0 0.5594482421875 0.5814208984375 0.006103515625 0.011474609375
0 0.5821533203125 0.5089111328125 0.047607421875 0.016357421875
0 0.030029296875 0.5853271484375 0.01025390625 0.007568359375
0 0.6683349609375 0.4801025390625 0.021240234375 0.026123046875
0 0.1092529296875 0.4742431640625 0.048095703125 0.028076171875
0 0.6685791015625 0.540283203125 0.016357421875 0.021484375
0 0.684326171875 0.5565185546875 0.01318359375 0.012451171875
0 0.6839599609375 0.540283203125 0.014892578125 0.021484375
0 0.16845703125 0.6258544921875 0.0078125 0.008056640625
0 0.168212890625 0.617431640625 0.00732421875 0.009765625
0 0.213623046875 0.5777587890625 0.01220703125 0.010498046875
0 0.669189453125 0.5565185546875 0.013671875 0.011962890625
0 0.3304443359375 0.613525390625 0.004150390625 0.03857421875
0 0.755859375 0.6240234375 0.0107421875 0.013671875
0 0.7557373046875 0.6094970703125 0.010986328125 0.014892578125
0 0.7069091796875 0.61474609375 0.013916015625 0.0146484375
