0 0.185302734375 0.459228515625 0.01220703125 0.02001953125
0 0.045654296875 0.46142578125 0.0166015625 0.021484375
0 0.202880859375 0.46484375 0.015625 0.02685546875
0 0.5166015625 0.4508056640625 0.01708984375 0.032470703125
0 0.146240234375 0.4591064453125 0.00927734375 0.010009765625
0 0.064453125 0.4598388671875 0.00830078125 0.005615234375
0 0.020751953125 0.45458984375 0.005859375 0.01220703125
0 0.478515625 0.45556640625 0.00634765625 0.0205078125
0 0.301513671875 0.446533203125 0.00830078125 0.01513671875
0 0.4527587890625 0.4664306640625 0.003173828125 0.003173828125
0 0.4566650390625 0.4664306640625 0.003173828125 0.004638671875
0 0.4522705078125 0.458984375 0.003173828125 0.01025390625
0 0.45703125 0.4478759765625 0.00390625 0.012451171875
0 0.4566650390625 0.4598388671875 0.004150390625 0.010986328125
0 0.452392578125 0.447509765625 0.00390625 0.01220703125
