0 0.33740234375 0.521728515625 0.00634765625 0.0078125
0 0.6153564453125 0.4053955078125 0.028564453125 0.035888671875
0 0.5018310546875 0.4747314453125 0.005615234375 0.008544921875
0 0.614990234375 0.438232421875 0.02001953125 0.02734375
0 0.579833984375 0.4898681640625 0.00634765625 0.010986328125
0 0.1016845703125 0.385498046875 0.017822265625 0.033203125
0 0.2562255859375 0.49658203125 0.011474609375 0.0048828125
0 0.615966796875 0.458740234375 0.0205078125 0.01513671875
0 0.212890625 0.4852294921875 0.00927734375 0.007568359375
0 0.2584228515625 0.5003662109375 0.007080078125 0.003662109375
0 0.33740234375 0.5321044921875 0.00341796875 0.008544921875
