0 0.5177001953125 0.5848388671875 0.015380859375 0.016845703125
0 0.34375 0.55419921875 0.00439453125 0.00634765625
0 0.3038330078125 0.591796875 0.005126953125 0.0068359375
0 0.3221435546875 0.55419921875 0.005126953125 0.0068359375
0 0.363037109375 0.595947265625 0.005859375 0.00634765625
0 0.2503662109375 0.5927734375 0.005126953125 0.00634765625
0 0.32763671875 0.5567626953125 0.0166015625 0.023681640625
0 0.3492431640625 0.558837890625 0.021240234375 0.01953125
0 0.351318359375 0.6036376953125 0.00244140625 0.003662109375
0 0.3280029296875 0.5594482421875 0.005615234375 0.005126953125
0 0.307373046875 0.5582275390625 0.00537109375 0.007080078125
0 0.5181884765625 0.572021484375 0.015380859375 0.00927734375
0 0.2711181640625 0.584716796875 0.011474609375 0.01513671875
0 0.4127197265625 0.584716796875 0.010986328125 0.0146484375
0 0.3074951171875 0.556396484375 0.021728515625 0.0244140625
0 0.351806640625 0.546630859375 0.01708984375 0.0048828125
0 0.3204345703125 0.59619140625 0.002197265625 0.00390625
0 0.517578125 0.57958984375 0.01611328125 0.02734375
