0 0.70458984375 0.6063232421875 0.01220703125 0.019287109375
0 0.2359619140625 0.6136474609375 0.011962890625 0.020263671875
0 0.811279296875 0.6077880859375 0.0068359375 0.012451171875
0 0.7574462890625 0.647705078125 0.075439453125 0.1279296875
0 0.4764404296875 0.6163330078125 0.004150390625 0.007080078125
0 0.853515625 0.6094970703125 0.0068359375 0.014892578125
0 0.1854248046875 0.6068115234375 0.014892578125 0.025634765625
0 0.8118896484375 0.6217041015625 0.007080078125 0.014892578125
0 0.4888916015625 0.638916015625 0.002685546875 0.01220703125
0 0.63671875 0.593994140625 0.01220703125 0.00634765625
0 0.810302734375 0.5958251953125 0.0029296875 0.007080078125
0 0.5799560546875 0.599365234375 0.004150390625 0.0126953125
0 0.8104248046875 0.593994140625 0.006103515625 0.0146484375
0 0.430419921875 0.60302734375 0.00341796875 0.0068359375
