0 0.36181640625 0.6943359375 0.00732421875 0.01123046875
0 0.89697265625 0.4349365234375 0.0615234375 0.075439453125
0 0.4713134765625 0.677734375 0.013916015625 0.00634765625
0 0.2615966796875 0.708740234375 0.004638671875 0.009765625
0 0.471435546875 0.682373046875 0.01318359375 0.005859375
0 0.4718017578125 0.6878662109375 0.013916015625 0.006103515625
0 0.472412109375 0.7047119140625 0.00537109375 0.008544921875
0 0.4793701171875 0.616455078125 0.024169921875 0.01220703125
0 0.3076171875 0.70947265625 0.00341796875 0.00927734375
0 0.260498046875 0.7215576171875 0.00390625 0.014892578125
