0 0.685302734375 0.48486328125 0.02294921875 0.02880859375
0 0.7564697265625 0.491455078125 0.007568359375 0.00390625
0 0.683349609375 0.5084228515625 0.0048828125 0.019287109375
0 0.4959716796875 0.4814453125 0.006103515625 0.00634765625
0 0.5545654296875 0.48681640625 0.007568359375 0.00341796875
0 0.5894775390625 0.4598388671875 0.021240234375 0.017822265625
0 0.49609375 0.4859619140625 0.005859375 0.002685546875
0 0.604736328125 0.485107421875 0.01318359375 0.01171875
0 0.7572021484375 0.4810791015625 0.010498046875 0.014892578125
0 0.468017578125 0.4930419921875 0.00634765625 0.009521484375
0 0.482177734375 0.487060546875 0.01904296875 0.01708984375
0 0.62109375 0.4649658203125 0.0078125 0.019775390625
0 0.5540771484375 0.4793701171875 0.008544921875 0.011474609375
0 0.56396484375 0.48486328125 0.00927734375 0.01171875
0 0.9661865234375 0.3748779296875 0.067138671875 0.060302734375
0 0.674560546875 0.4771728515625 0.01416015625 0.018310546875
0 0.6212158203125 0.444091796875 0.009033203125 0.02294921875
0 0.470703125 0.5125732421875 0.005859375 0.012451171875
0 0.96484375 0.3236083984375 0.06982421875 0.042236328125
