0 0.716064453125 0.267822265625 0.021484375 0.029296875
0 0.304931640625 0.2445068359375 0.03173828125 0.044677734375
0 0.3665771484375 0.2535400390625 0.016357421875 0.013427734375
0 0.3663330078125 0.2647705078125 0.016845703125 0.010986328125
0 0.6702880859375 0.298583984375 0.019287109375 0.0087890625
0 0.619384765625 0.30224609375 0.005859375 0.00830078125
0 0.710693359375 0.3099365234375 0.0205078125 0.014404296875
0 0.67041015625 0.2908935546875 0.0185546875 0.008544921875
0 0.619873046875 0.3101806640625 0.0048828125 0.006103515625
0 0.527099609375 0.300048828125 0.0166015625 0.02587890625
