0 0.54541015625 0.6043701171875 0.0068359375 0.008544921875
0 0.6368408203125 0.6019287109375 0.008544921875 0.010986328125
0 0.7103271484375 0.5577392578125 0.030029296875 0.032470703125
0 0.6455078125 0.6072998046875 0.00830078125 0.010498046875
0 0.608642578125 0.61181640625 0.0048828125 0.00732421875
0 0.6104736328125 0.6268310546875 0.004150390625 0.004638671875
0 0.6600341796875 0.6378173828125 0.028076171875 0.008544921875
0 0.599609375 0.6270751953125 0.00341796875 0.005615234375
0 0.7103271484375 0.580322265625 0.027587890625 0.00830078125
0 0.5374755859375 0.6202392578125 0.003173828125 0.005615234375
0 0.6273193359375 0.6082763671875 0.006103515625 0.006591796875
0 0.6201171875 0.61279296875 0.00341796875 0.00439453125
