0 0.444580078125 0.5321044921875 0.00732421875 0.010009765625
0 0.4453125 0.5439453125 0.0078125 0.013671875
0 0.464599609375 0.5018310546875 0.0107421875 0.013916015625
0 0.4752197265625 0.5015869140625 0.010009765625 0.013916015625
0 0.3070068359375 0.544189453125 0.006591796875 0.02099609375
0 0.6392822265625 0.5494384765625 0.004638671875 0.009521484375
0 0.5186767578125 0.549560546875 0.004638671875 0.0068359375
0 0.3062744140625 0.5220947265625 0.008056640625 0.023681640625
0 0.3468017578125 0.537353515625 0.047119140625 0.009765625
0 0.345458984375 0.512939453125 0.04541015625 0.0107421875
0 0.3463134765625 0.525146484375 0.045166015625 0.01025390625
0 0.3482666015625 0.5494384765625 0.045166015625 0.010986328125
