0 0.74462890625 0.2911376953125 0.01708984375 0.029541015625
0 0.5115966796875 0.3572998046875 0.009033203125 0.015869140625
0 0.0279541015625 0.4722900390625 0.006103515625 0.015380859375
0 0.923828125 0.4212646484375 0.01416015625 0.025634765625
0 0.8046875 0.2757568359375 0.0576171875 0.032470703125
0 0.5506591796875 0.3580322265625 0.030517578125 0.011474609375
0 0.0123291015625 0.2950439453125 0.024658203125 0.036376953125
0 0.845703125 0.4664306640625 0.0078125 0.017822265625
0 0.9237060546875 0.40478515625 0.014892578125 0.0068359375
0 0.530517578125 0.429443359375 0.0078125 0.01220703125
