0 0.8992919921875 0.456787109375 0.026611328125 0.04931640625
0 0.8465576171875 0.5107421875 0.039794921875 0.06591796875
0 0.4241943359375 0.5296630859375 0.010498046875 0.020751953125
0 0.3941650390625 0.3206787109375 0.081787109375 0.030517578125
0 0.384521484375 0.529296875 0.04638671875 0.02978515625
0 0.8983154296875 0.495361328125 0.022216796875 0.02880859375
0 0.3873291015625 0.2960205078125 0.025146484375 0.018310546875
0 0.39501953125 0.35400390625 0.07958984375 0.03955078125
0 0.3948974609375 0.385009765625 0.079345703125 0.0263671875
0 0.5914306640625 0.4696044921875 0.023193359375 0.009521484375
