0 0.597412109375 0.4765625 0.01953125 0.025390625
0 0.6171875 0.6026611328125 0.00341796875 0.007080078125
0 0.5567626953125 0.607666015625 0.004150390625 0.0078125
0 0.3326416015625 0.6033935546875 0.002197265625 0.012939453125
0 0.6558837890625 0.6004638671875 0.002197265625 0.007568359375
0 0.214599609375 0.5479736328125 0.025390625 0.009521484375
0 0.5528564453125 0.611083984375 0.003662109375 0.00341796875
0 0.552490234375 0.6044921875 0.0048828125 0.0078125
0 0.9384765625 0.4697265625 0.06201171875 0.013671875
0 0.9393310546875 0.4830322265625 0.061279296875 0.014892578125
0 0.706298828125 0.5906982421875 0.00537109375 0.010498046875
0 0.941162109375 0.565673828125 0.02001953125 0.0400390625
0 0.9400634765625 0.51806640625 0.032470703125 0.05615234375
0 0.706298828125 0.599609375 0.005859375 0.00732421875
0 0.9378662109375 0.4561767578125 0.061767578125 0.014404296875
0 0.705810546875 0.5802001953125 0.0107421875 0.010986328125
