0 0.1124267578125 0.453857421875 0.007080078125 0.025390625
0 0.1148681640625 0.4891357421875 0.009521484375 0.024658203125
0 0.11279296875 0.4710693359375 0.00439453125 0.010498046875
0 0.890625 0.497314453125 0.01025390625 0.03125
0 0.0179443359375 0.4932861328125 0.006103515625 0.012451171875
0 0.1064453125 0.47802734375 0.0068359375 0.02490234375
0 0.7801513671875 0.458251953125 0.011962890625 0.0126953125
0 0.107421875 0.49609375 0.0068359375 0.01220703125
0 0.79345703125 0.492431640625 0.001953125 0.00390625
0 0.3619384765625 0.544189453125 0.002685546875 0.00634765625
