0 0.5992431640625 0.6416015625 0.018310546875 0.0302734375
0 0.690185546875 0.496826171875 0.0107421875 0.00537109375
0 0.066162109375 0.3487548828125 0.021484375 0.049560546875
0 0.0628662109375 0.301025390625 0.032958984375 0.07958984375
0 0.0567626953125 0.218994140625 0.032470703125 0.11474609375
0 0.048583984375 0.091064453125 0.03564453125 0.18212890625
0 0.1917724609375 0.4739990234375 0.005126953125 0.019287109375
0 0.190185546875 0.4525146484375 0.00732421875 0.032470703125
0 0.18798828125 0.4134521484375 0.0068359375 0.052001953125
0 0.1844482421875 0.35107421875 0.011474609375 0.08447265625
0 0.1923828125 0.516357421875 0.00634765625 0.02734375
0 0.19140625 0.492431640625 0.00439453125 0.01806640625
0 0.22314453125 0.4918212890625 0.0146484375 0.051025390625
0 0.946533203125 0.4580078125 0.01904296875 0.04931640625
0 0.918212890625 0.4775390625 0.01220703125 0.00830078125
0 0.9134521484375 0.437255859375 0.015380859375 0.021484375
0 0.9163818359375 0.4639892578125 0.010498046875 0.016357421875
0 0.4114990234375 0.458984375 0.020263671875 0.02392578125
0 0.8968505859375 0.478271484375 0.014892578125 0.0205078125
0 0.6900634765625 0.4913330078125 0.010986328125 0.006103515625
0 0.8961181640625 0.46435546875 0.016845703125 0.01025390625
0 0.89404296875 0.44775390625 0.0166015625 0.02392578125
0 0.4378662109375 0.570068359375 0.014892578125 0.02685546875
0 0.4146728515625 0.50537109375 0.022705078125 0.056640625
0 0.4132080078125 0.4739990234375 0.010986328125 0.006591796875
0 0.91064453125 0.4803466796875 0.01123046875 0.021240234375
0 0.384765625 0.52197265625 0.021484375 0.0263671875
0 0.371826171875 0.5352783203125 0.01220703125 0.008056640625
0 0.6917724609375 0.5177001953125 0.008056640625 0.005615234375
0 0.69091796875 0.5096435546875 0.009765625 0.012451171875
0 0.68505859375 0.5137939453125 0.00537109375 0.010986328125
0 0.9617919921875 0.4659423828125 0.014892578125 0.029052734375
0 0.4139404296875 0.4921875 0.016357421875 0.0234375
0 0.94580078125 0.44580078125 0.013671875 0.01953125
0 0.91845703125 0.484619140625 0.0078125 0.00634765625
