0 0.7760009765625 0.6280517578125 0.040771484375 0.045654296875
0 0.5955810546875 0.6484375 0.018310546875 0.02880859375
0 0.8521728515625 0.6307373046875 0.029541015625 0.043701171875
0 0.9454345703125 0.6319580078125 0.028076171875 0.043212890625
0 0.355712890625 0.6558837890625 0.005859375 0.009521484375
0 0.77734375 0.6744384765625 0.025390625 0.031982421875
0 0.71044921875 0.65283203125 0.01416015625 0.048828125
0 0.7095947265625 0.6053466796875 0.035888671875 0.043701171875
0 0.3287353515625 0.6727294921875 0.005126953125 0.006591796875
0 0.2203369140625 0.6341552734375 0.011962890625 0.008544921875
0 0.2899169921875 0.6566162109375 0.004638671875 0.006103515625
0 0.6480712890625 0.6473388671875 0.009521484375 0.021240234375
0 0.342041015625 0.6329345703125 0.01123046875 0.059814453125
