0 0.5380859375 0.4488525390625 0.0224609375 0.028564453125
0 0.3565673828125 0.548828125 0.008056640625 0.01025390625
0 0.5599365234375 0.4180908203125 0.015380859375 0.031005859375
0 0.564697265625 0.48095703125 0.02001953125 0.02587890625
0 0.4857177734375 0.5458984375 0.009521484375 0.01220703125
0 0.0093994140625 0.543701171875 0.017333984375 0.02099609375
0 0.0435791015625 0.570068359375 0.010009765625 0.01220703125
0 0.7681884765625 0.4149169921875 0.103271484375 0.061279296875
0 0.20654296875 0.544677734375 0.00927734375 0.01123046875
0 0.357177734375 0.5670166015625 0.00732421875 0.028076171875
