0 0.1104736328125 0.524169921875 0.028076171875 0.033203125
0 0.2130126953125 0.530029296875 0.004638671875 0.0146484375
0 0.1571044921875 0.5362548828125 0.008056640625 0.015869140625
0 0.459228515625 0.520751953125 0.01171875 0.0146484375
0 0.564697265625 0.5155029296875 0.01318359375 0.016357421875
0 0.565673828125 0.5279541015625 0.00830078125 0.008544921875
0 0.57666015625 0.5023193359375 0.015625 0.020751953125
0 0.576904296875 0.517822265625 0.01025390625 0.01025390625
0 0.576171875 0.5418701171875 0.015625 0.014892578125
0 0.6810302734375 0.4591064453125 0.020263671875 0.027099609375
0 0.6083984375 0.482666015625 0.029296875 0.03955078125
0 0.4102783203125 0.5543212890625 0.011474609375 0.011962890625
