0 0.71435546875 0.4700927734375 0.02392578125 0.031494140625
0 0.10595703125 0.5472412109375 0.00732421875 0.006591796875
0 0.0994873046875 0.543212890625 0.020263671875 0.0078125
0 0.7362060546875 0.4471435546875 0.007568359375 0.009033203125
0 0.7359619140625 0.459716796875 0.007080078125 0.009765625
0 0.781005859375 0.427734375 0.00732421875 0.01025390625
0 0.544189453125 0.5323486328125 0.0087890625 0.014892578125
0 0.45849609375 0.5855712890625 0.0078125 0.031494140625
0 0.349365234375 0.5657958984375 0.00390625 0.009521484375
0 0.76171875 0.455810546875 0.015625 0.01171875
0 0.769287109375 0.4422607421875 0.00830078125 0.010986328125
0 0.5435791015625 0.5430908203125 0.010009765625 0.006591796875
0 0.7467041015625 0.446044921875 0.007568359375 0.00927734375
0 0.76953125 0.429443359375 0.0068359375 0.009765625
0 0.7581787109375 0.43115234375 0.007080078125 0.01025390625
0 0.72998046875 0.4310302734375 0.0126953125 0.017822265625
0 0.715087890625 0.432373046875 0.01220703125 0.01806640625
0 0.7576904296875 0.4443359375 0.007080078125 0.00927734375
0 0.7801513671875 0.453125 0.007080078125 0.00927734375
0 0.7806396484375 0.4407958984375 0.008544921875 0.010009765625
0 0.7257080078125 0.448974609375 0.007080078125 0.00927734375
0 0.389892578125 0.543701171875 0.01025390625 0.013671875
0 0.7464599609375 0.4581298828125 0.007080078125 0.009521484375
0 0.7449951171875 0.4285888671875 0.013427734375 0.017333984375
0 0.7254638671875 0.4605712890625 0.007080078125 0.010009765625
