0 0.3680419921875 0.68310546875 0.011962890625 0.01123046875
0 0.3319091796875 0.67138671875 0.012451171875 0.013671875
0 0.4244384765625 0.54736328125 0.057861328125 0.0341796875
0 0.73388671875 0.560302734375 0.02685546875 0.03515625
0 0.3140869140625 0.6419677734375 0.009521484375 0.012939453125
0 0.3690185546875 0.6270751953125 0.017333984375 0.021240234375
0 0.476806640625 0.6361083984375 0.00927734375 0.013427734375
0 0.3919677734375 0.6629638671875 0.010009765625 0.020263671875
0 0.3848876953125 0.619873046875 0.007568359375 0.01171875
0 0.3690185546875 0.64111328125 0.008056640625 0.0068359375
