0 0.083251953125 0.3798828125 0.02587890625 0.0087890625
0 0.3900146484375 0.455078125 0.007080078125 0.0087890625
0 0.92236328125 0.029052734375 0.154296875 0.05810546875
0 0.2025146484375 0.40966796875 0.015380859375 0.02001953125
0 0.3955078125 0.298583984375 0.037109375 0.0703125
0 0.072265625 0.390869140625 0.00732421875 0.01611328125
0 0.30712890625 0.49560546875 0.00390625 0.0078125
0 0.8662109375 0.3109130859375 0.03173828125 0.067138671875
0 0.30810546875 0.4749755859375 0.0048828125 0.009521484375
0 0.511962890625 0.488525390625 0.00390625 0.009765625
0 0.48095703125 0.47607421875 0.0087890625 0.013671875
0 0.4842529296875 0.465087890625 0.004638671875 0.0087890625
0 0.4830322265625 0.43212890625 0.011474609375 0.0166015625
0 0.4974365234375 0.4661865234375 0.005615234375 0.007568359375
0 0.0574951171875 0.3775634765625 0.015380859375 0.009033203125
0 0.304931640625 0.46533203125 0.0048828125 0.0087890625
0 0.8492431640625 0.42626953125 0.015380859375 0.01806640625
