0 0.6121826171875 0.5140380859375 0.006103515625 0.017333984375
0 0.6195068359375 0.5146484375 0.007080078125 0.0185546875
0 0.6839599609375 0.5185546875 0.002685546875 0.0087890625
0 0.68115234375 0.5185546875 0.00244140625 0.0087890625
0 0.6116943359375 0.527587890625 0.007080078125 0.0087890625
0 0.6114501953125 0.5367431640625 0.007080078125 0.008544921875
0 0.6837158203125 0.5255126953125 0.002685546875 0.005126953125
0 0.683837890625 0.5303955078125 0.0029296875 0.004638671875
0 0.6812744140625 0.5257568359375 0.002685546875 0.006591796875
0 0.6192626953125 0.5281982421875 0.006103515625 0.008544921875
