0 0.5997314453125 0.6248779296875 0.015869140625 0.007568359375
0 0.4859619140625 0.6075439453125 0.008056640625 0.008544921875
0 0.492431640625 0.6072998046875 0.00634765625 0.008544921875
0 0.4930419921875 0.6141357421875 0.004638671875 0.005126953125
0 0.5086669921875 0.59130859375 0.015380859375 0.025390625
0 0.510498046875 0.6129150390625 0.005859375 0.006103515625
0 0.486328125 0.6146240234375 0.0048828125 0.005615234375
0 0.510009765625 0.585205078125 0.00830078125 0.00927734375
0 0.5106201171875 0.605224609375 0.006591796875 0.009765625
0 0.594970703125 0.5919189453125 0.0029296875 0.008544921875
0 0.8922119140625 0.3404541015625 0.060302734375 0.073974609375
0 0.5103759765625 0.594970703125 0.009033203125 0.01025390625
0 0.4892578125 0.620361328125 0.00537109375 0.00732421875
0 0.59423828125 0.5810546875 0.0029296875 0.0126953125
0 0.5933837890625 0.556640625 0.003662109375 0.00634765625
0 0.587890625 0.5521240234375 0.0048828125 0.012939453125
0 0.5927734375 0.541259765625 0.0029296875 0.01025390625
0 0.831298828125 0.3448486328125 0.07275390625 0.075439453125
0 0.86572265625 0.4139404296875 0.0576171875 0.072998046875
0 0.5096435546875 0.5750732421875 0.007080078125 0.007568359375
0 0.489501953125 0.627197265625 0.0048828125 0.005859375
0 0.4937744140625 0.580078125 0.010986328125 0.00732421875
0 0.511474609375 0.6326904296875 0.01171875 0.006103515625
0 0.87109375 0.4725341796875 0.04833984375 0.046630859375
0 0.8519287109375 0.2822265625 0.057373046875 0.05322265625
0 0.59375 0.567138671875 0.00439453125 0.01416015625
0 0.4761962890625 0.6275634765625 0.003662109375 0.006591796875
0 0.476318359375 0.6319580078125 0.00341796875 0.002685546875
