0 0.51953125 0.57470703125 0.0087890625 0.0107421875
0 0.5255126953125 0.58056640625 0.004638671875 0.0068359375
0 0.595947265625 0.6038818359375 0.00341796875 0.005126953125
0 0.5360107421875 0.5823974609375 0.004638671875 0.006591796875
0 0.536376953125 0.5870361328125 0.00341796875 0.002685546875
0 0.6048583984375 0.57470703125 0.005126953125 0.00537109375
0 0.6044921875 0.57861328125 0.00390625 0.00146484375
0 0.6300048828125 0.6107177734375 0.004150390625 0.031005859375
0 0.6199951171875 0.587890625 0.004638671875 0.00341796875
0 0.528564453125 0.5810546875 0.00341796875 0.00537109375
0 0.5194091796875 0.58154296875 0.006591796875 0.00537109375
0 0.3123779296875 0.5345458984375 0.046630859375 0.058349609375
0 0.53955078125 0.575439453125 0.00830078125 0.013671875
0 0.3123779296875 0.5673828125 0.032470703125 0.01513671875
0 0.593994140625 0.57421875 0.009765625 0.0126953125
0 0.64404296875 0.5804443359375 0.0087890625 0.011474609375
0 0.7091064453125 0.604248046875 0.025634765625 0.04638671875
0 0.53076171875 0.580810546875 0.00390625 0.0068359375
0 0.6197509765625 0.5828857421875 0.006591796875 0.007568359375
