0 0.5670166015625 0.5576171875 0.018310546875 0.0302734375
0 0.3055419921875 0.56201171875 0.009521484375 0.0048828125
0 0.812744140625 0.2757568359375 0.02734375 0.090087890625
0 0.2999267578125 0.627685546875 0.004150390625 0.01220703125
0 0.1219482421875 0.64697265625 0.005615234375 0.02783203125
0 0.8101806640625 0.3623046875 0.036376953125 0.09765625
0 0.2017822265625 0.510009765625 0.015380859375 0.00830078125
0 0.299072265625 0.6016845703125 0.00830078125 0.015380859375
0 0.20703125 0.500244140625 0.021484375 0.0087890625
0 0.51220703125 0.552490234375 0.009765625 0.0068359375
0 0.8690185546875 0.3382568359375 0.035888671875 0.087158203125
0 0.567626953125 0.5855712890625 0.01220703125 0.025634765625
0 0.8680419921875 0.3192138671875 0.022216796875 0.037841796875
0 0.808349609375 0.3433837890625 0.017578125 0.034912109375
0 0.5087890625 0.5445556640625 0.01513671875 0.008544921875
0 0.5191650390625 0.5631103515625 0.009033203125 0.015869140625
0 0.161376953125 0.6435546875 0.00439453125 0.0234375
