0 0.3677978515625 0.6700439453125 0.009033203125 0.012939453125
0 0.44287109375 0.6759033203125 0.00830078125 0.011962890625
0 0.477783203125 0.665771484375 0.03466796875 0.02685546875
0 0.473388671875 0.6629638671875 0.01708984375 0.035888671875
0 0.4708251953125 0.6617431640625 0.004638671875 0.006103515625
0 0.46044921875 0.6785888671875 0.00341796875 0.004638671875
0 0.4542236328125 0.680419921875 0.004638671875 0.00634765625
0 0.4542236328125 0.6746826171875 0.006591796875 0.007568359375
0 0.4541015625 0.685302734375 0.0048828125 0.00390625
0 0.4097900390625 0.6654052734375 0.006591796875 0.009521484375
0 0.4302978515625 0.676025390625 0.003662109375 0.0048828125
0 0.3468017578125 0.688232421875 0.004638671875 0.01708984375
0 0.42333984375 0.6739501953125 0.0087890625 0.012451171875
0 0.3172607421875 0.6907958984375 0.005615234375 0.021240234375
