0 0.6097412109375 0.578857421875 0.026611328125 0.0478515625
0 0.51220703125 0.61279296875 0.0078125 0.01611328125
0 0.593505859375 0.579345703125 0.01611328125 0.029296875
0 0.5638427734375 0.602294921875 0.012451171875 0.021484375
0 0.7657470703125 0.4671630859375 0.073974609375 0.103271484375
0 0.4794921875 0.61962890625 0.0048828125 0.0107421875
0 0.515380859375 0.6234130859375 0.00341796875 0.013427734375
0 0.4437255859375 0.62158203125 0.006591796875 0.01416015625
0 0.4847412109375 0.58837890625 0.014404296875 0.01904296875
0 0.4854736328125 0.583740234375 0.010498046875 0.00927734375
