0 0.405029296875 0.6221923828125 0.0185546875 0.025634765625
0 0.9847412109375 0.617431640625 0.016845703125 0.0341796875
0 0.4556884765625 0.64208984375 0.005126953125 0.00732421875
0 0.9852294921875 0.652587890625 0.014404296875 0.03369140625
0 0.5447998046875 0.6085205078125 0.013427734375 0.018310546875
0 0.9893798828125 0.7066650390625 0.017333984375 0.034423828125
0 0.9876708984375 0.6795654296875 0.011962890625 0.015869140625
0 0.48974609375 0.6427001953125 0.00390625 0.006103515625
0 0.51904296875 0.6373291015625 0.00927734375 0.014404296875
0 0.990966796875 0.7333984375 0.01123046875 0.01708984375
