0 0.5699462890625 0.439208984375 0.019775390625 0.0263671875
0 0.976806640625 0.33447265625 0.0458984375 0.05615234375
0 0.2318115234375 0.4613037109375 0.010498046875 0.010498046875
0 0.2296142578125 0.428955078125 0.002685546875 0.0068359375
0 0.2352294921875 0.4415283203125 0.002197265625 0.005615234375
0 0.6292724609375 0.3648681640625 0.049560546875 0.018798828125
0 0.232177734375 0.4515380859375 0.009765625 0.009033203125
0 0.25 0.4462890625 0.0087890625 0.009765625
0 0.2320556640625 0.42919921875 0.010009765625 0.01123046875
0 0.9705810546875 0.24951171875 0.058837890625 0.11669921875
0 0.62841796875 0.418701171875 0.05078125 0.08740234375
0 0.7099609375 0.3900146484375 0.046875 0.043701171875
0 0.250244140625 0.45654296875 0.00927734375 0.0107421875
0 0.2315673828125 0.468994140625 0.010009765625 0.00927734375
0 0.2318115234375 0.44091796875 0.009521484375 0.0126953125
