0 0.583984375 0.5665283203125 0.0146484375 0.013427734375
0 0.604736328125 0.5469970703125 0.01611328125 0.023193359375
0 0.60498046875 0.5655517578125 0.0146484375 0.014404296875
0 0.5811767578125 0.4759521484375 0.015380859375 0.010498046875
0 0.58349609375 0.547119140625 0.01611328125 0.0224609375
0 0.602783203125 0.5130615234375 0.013671875 0.014404296875
0 0.5115966796875 0.6170654296875 0.003173828125 0.002197265625
0 0.5823974609375 0.5128173828125 0.013427734375 0.013427734375
0 0.6015625 0.475830078125 0.01513671875 0.01025390625
0 0.6036376953125 0.5289306640625 0.015380859375 0.010986328125
0 0.6025390625 0.4935302734375 0.015625 0.019775390625
0 0.5814208984375 0.4940185546875 0.015380859375 0.021240234375
