0 0.675537109375 0.4395751953125 0.01611328125 0.007080078125
0 0.5308837890625 0.466064453125 0.007080078125 0.005859375
0 0.0506591796875 0.4857177734375 0.003662109375 0.010986328125
0 0.47607421875 0.4949951171875 0.00146484375 0.002685546875
0 0.036376953125 0.4061279296875 0.0087890625 0.023681640625
0 0.5059814453125 0.498291015625 0.002197265625 0.00537109375
0 0.1741943359375 0.483642578125 0.004150390625 0.001953125
0 0.21240234375 0.489990234375 0.0009765625 0.00244140625
0 0.051025390625 0.492919921875 0.00341796875 0.00341796875
0 0.3878173828125 0.4383544921875 0.005126953125 0.010009765625
0 0.4700927734375 0.4954833984375 0.000732421875 0.002197265625
