0 0.1190185546875 0.6126708984375 0.028076171875 0.047119140625
0 0.4066162109375 0.5587158203125 0.005126953125 0.007568359375
0 0.119873046875 0.6536865234375 0.0302734375 0.034912109375
0 0.32421875 0.6109619140625 0.00634765625 0.009521484375
0 0.420654296875 0.6182861328125 0.0078125 0.009521484375
0 0.36083984375 0.62451171875 0.00390625 0.009765625
0 0.3370361328125 0.6182861328125 0.004638671875 0.014892578125
0 0.471435546875 0.618896484375 0.013671875 0.00830078125
0 0.48193359375 0.62353515625 0.00341796875 0.00927734375
0 0.67578125 0.5982666015625 0.01171875 0.039306640625
0 0.511474609375 0.6175537109375 0.00390625 0.013427734375
0 0.32470703125 0.6158447265625 0.00732421875 0.020263671875
0 0.349365234375 0.6239013671875 0.00537109375 0.008056640625
0 0.2645263671875 0.6138916015625 0.013427734375 0.028564453125
0 0.3765869140625 0.570068359375 0.011962890625 0.02685546875
0 0.5418701171875 0.60888671875 0.030029296875 0.02294921875
0 0.4486083984375 0.5693359375 0.034912109375 0.03857421875
0 0.42529296875 0.567138671875 0.00537109375 0.0107421875
0 0.3048095703125 0.6160888671875 0.015869140625 0.026611328125
0 0.40380859375 0.5672607421875 0.03076171875 0.048583984375
0 0.4144287109375 0.5587158203125 0.004150390625 0.007080078125
0 0.392578125 0.55859375 0.00537109375 0.0087890625
