0 0.60791015625 0.5498046875 0.01025390625 0.02001953125
0 0.4578857421875 0.4801025390625 0.081298828125 0.050048828125
0 0.652587890625 0.537353515625 0.0146484375 0.0185546875
0 0.4111328125 0.562744140625 0.00439453125 0.00634765625
0 0.52978515625 0.4776611328125 0.0419921875 0.048583984375
0 0.5330810546875 0.9656982421875 0.043701171875 0.049560546875
0 0.45458984375 0.966552734375 0.08935546875 0.05029296875
0 0.029296875 0.9508056640625 0.01025390625 0.008056640625
0 0.0546875 0.5628662109375 0.01123046875 0.020263671875
0 0.665283203125 0.92578125 0.013671875 0.00927734375
0 0.6162109375 0.9183349609375 0.01025390625 0.010498046875
