0 0.5843505859375 0.40625 0.010009765625 0.0234375
0 0.7625732421875 0.3677978515625 0.020263671875 0.034912109375
0 0.6300048828125 0.3526611328125 0.033447265625 0.022216796875
0 0.85595703125 0.429443359375 0.021484375 0.0166015625
0 0.2822265625 0.4146728515625 0.00439453125 0.010009765625
0 0.541015625 0.41455078125 0.01123046875 0.01318359375
0 0.76171875 0.39306640625 0.021484375 0.013671875
0 0.7607421875 0.4083251953125 0.02197265625 0.014892578125
0 0.5843505859375 0.407958984375 0.007568359375 0.0107421875
0 0.7620849609375 0.3707275390625 0.013916015625 0.017333984375
