0 0.625 0.5023193359375 0.04296875 0.057373046875
0 0.939208984375 0.461181640625 0.02099609375 0.02978515625
0 0.6273193359375 0.55078125 0.021728515625 0.01513671875
0 0.337646484375 0.5987548828125 0.005859375 0.008056640625
0 0.4112548828125 0.595947265625 0.005126953125 0.00732421875
0 0.337646484375 0.604736328125 0.0029296875 0.001953125
0 0.9420166015625 0.479248046875 0.058349609375 0.07958984375
0 0.00439453125 0.513671875 0.0087890625 0.05224609375
0 0.357177734375 0.6026611328125 0.0029296875 0.004150390625
0 0.42138671875 0.5985107421875 0.0048828125 0.008056640625
0 0.43701171875 0.5972900390625 0.00439453125 0.006591796875
