0 0.6727294921875 0.4586181640625 0.016845703125 0.030517578125
0 0.7996826171875 0.390380859375 0.068115234375 0.08740234375
0 0.5445556640625 0.5172119140625 0.016357421875 0.022216796875
0 0.1156005859375 0.199462890625 0.049560546875 0.0634765625
0 0.428466796875 0.195556640625 0.04541015625 0.0625
0 0.5955810546875 0.5157470703125 0.015869140625 0.020751953125
0 0.536865234375 0.466064453125 0.01220703125 0.015625
0 0.49658203125 0.5145263671875 0.01025390625 0.013427734375
0 0.5372314453125 0.4847412109375 0.011962890625 0.016357421875
0 0.4967041015625 0.5250244140625 0.008544921875 0.004638671875
0 0.24951171875 0.5196533203125 0.0087890625 0.017333984375
