0 0.5631103515625 0.382080078125 0.015869140625 0.0234375
0 0.478759765625 0.056396484375 0.01953125 0.02587890625
0 0.6221923828125 0.36376953125 0.020263671875 0.02734375
0 0.656982421875 0.36279296875 0.04443359375 0.02099609375
0 0.8843994140625 0.1177978515625 0.053955078125 0.038818359375
0 0.8836669921875 0.22509765625 0.055419921875 0.0361328125
0 0.622802734375 0.3868408203125 0.01904296875 0.024169921875
0 0.2659912109375 0.3509521484375 0.010498046875 0.016845703125
0 0.6263427734375 0.3587646484375 0.003173828125 0.008056640625
0 0.629638671875 0.3577880859375 0.0029296875 0.009521484375
