0 0.2603759765625 0.61865234375 0.014892578125 0.015625
0 0.260009765625 0.6068115234375 0.01611328125 0.007080078125
0 0.3194580078125 0.6256103515625 0.009033203125 0.013916015625
0 0.3624267578125 0.6241455078125 0.004638671875 0.007568359375
0 0.2608642578125 0.6314697265625 0.015869140625 0.008056640625
0 0.345458984375 0.6248779296875 0.00634765625 0.010009765625
0 0.4119873046875 0.62158203125 0.003662109375 0.0048828125
0 0.39013671875 0.6239013671875 0.0029296875 0.006103515625
0 0.3775634765625 0.624267578125 0.003662109375 0.005859375
0 0.4014892578125 0.6234130859375 0.003662109375 0.004638671875
0 0.431884765625 0.618896484375 0.001953125 0.00390625
0 0.4991455078125 0.61279296875 0.021240234375 0.017578125
