0 0.3583984375 0.5167236328125 0.017578125 0.027099609375
0 0.179443359375 0.5380859375 0.00390625 0.01953125
0 0.6502685546875 0.5150146484375 0.044677734375 0.055908203125
0 0.211669921875 0.528564453125 0.0029296875 0.015625
0 0.0963134765625 0.5374755859375 0.005615234375 0.026611328125
0 0.0966796875 0.554931640625 0.00537109375 0.0078125
0 0.2119140625 0.5509033203125 0.00439453125 0.005615234375
0 0.1798095703125 0.56396484375 0.006591796875 0.00634765625
0 0.2122802734375 0.5428466796875 0.005615234375 0.010498046875
0 0.1798095703125 0.55419921875 0.005126953125 0.0126953125
