0 0.2132568359375 0.5087890625 0.015869140625 0.02099609375
0 0.2841796875 0.53076171875 0.00830078125 0.00390625
0 0.1748046875 0.4962158203125 0.01611328125 0.016845703125
0 0.5543212890625 0.567626953125 0.003662109375 0.00390625
0 0.173583984375 0.50830078125 0.01416015625 0.00927734375
0 0.554443359375 0.5709228515625 0.0029296875 0.002197265625
0 0.2613525390625 0.5445556640625 0.004638671875 0.007080078125
0 0.4432373046875 0.5650634765625 0.008056640625 0.006103515625
0 0.2073974609375 0.5137939453125 0.011474609375 0.011474609375
0 0.3363037109375 0.53466796875 0.001708984375 0.0068359375
0 0.429443359375 0.5311279296875 0.01318359375 0.017333984375
0 0.748046875 0.5753173828125 0.0126953125 0.016357421875
0 0.28466796875 0.523193359375 0.0087890625 0.01025390625
0 0.1768798828125 0.4801025390625 0.015380859375 0.016845703125
0 0.2857666015625 0.5123291015625 0.009521484375 0.010498046875
0 0.615234375 0.5960693359375 0.00146484375 0.008056640625
0 0.4287109375 0.5435791015625 0.01318359375 0.008544921875
