0 0.3914794921875 0.545654296875 0.004638671875 0.00537109375
0 0.467041015625 0.4437255859375 0.01708984375 0.024658203125
0 0.17529296875 0.4520263671875 0.029296875 0.026611328125
0 0.04052734375 0.4761962890625 0.04833984375 0.042724609375
0 0.0438232421875 0.4224853515625 0.057373046875 0.068603515625
0 0.084716796875 0.5244140625 0.01611328125 0.02294921875
0 0.5247802734375 0.5709228515625 0.010498046875 0.013916015625
0 0.7481689453125 0.5450439453125 0.006103515625 0.032958984375
0 0.831298828125 0.5345458984375 0.0078125 0.064697265625
0 0.312255859375 0.5645751953125 0.0107421875 0.009521484375
0 0.3126220703125 0.5518798828125 0.010498046875 0.017822265625
