0 0.6396484375 0.5906982421875 0.00732421875 0.009521484375
0 0.2772216796875 0.53271484375 0.011474609375 0.0146484375
0 0.5054931640625 0.5411376953125 0.011962890625 0.015380859375
0 0.2677001953125 0.54052734375 0.004150390625 0.009765625
0 0.267333984375 0.5489501953125 0.0029296875 0.004638671875
0 0.294189453125 0.5511474609375 0.00732421875 0.004638671875
0 0.0806884765625 0.538330078125 0.006103515625 0.01220703125
0 0.0806884765625 0.537353515625 0.005126953125 0.0087890625
0 0.850341796875 0.570068359375 0.00537109375 0.00634765625
0 0.8509521484375 0.5748291015625 0.004150390625 0.002197265625
