0 0.8603515625 0.559814453125 0.0068359375 0.02001953125
0 0.435302734375 0.4913330078125 0.0048828125 0.006591796875
0 0.716796875 0.4920654296875 0.0244140625 0.036376953125
0 0.9376220703125 0.512939453125 0.021728515625 0.033203125
0 0.93603515625 0.5357666015625 0.015625 0.011474609375
0 0.7950439453125 0.5106201171875 0.014404296875 0.018798828125
0 0.152099609375 0.4537353515625 0.001953125 0.005126953125
0 0.0186767578125 0.435302734375 0.002685546875 0.00830078125
0 0.2650146484375 0.475341796875 0.004150390625 0.00537109375
0 0.740234375 0.5028076171875 0.0048828125 0.010009765625
