0 0.6453857421875 0.5008544921875 0.011962890625 0.015380859375
0 0.3731689453125 0.5091552734375 0.010986328125 0.015869140625
0 0.5323486328125 0.5413818359375 0.003173828125 0.004150390625
0 0.7703857421875 0.5233154296875 0.005126953125 0.006591796875
0 0.8538818359375 0.4720458984375 0.024169921875 0.031982421875
0 0.533935546875 0.5255126953125 0.0078125 0.010498046875
0 0.265869140625 0.5401611328125 0.00537109375 0.010498046875
0 0.586669921875 0.536865234375 0.00244140625 0.00390625
0 0.9122314453125 0.5159912109375 0.010986328125 0.018310546875
0 0.353515625 0.5592041015625 0.00732421875 0.027099609375
0 0.7421875 0.5269775390625 0.00732421875 0.012939453125
0 0.7703857421875 0.5257568359375 0.008056640625 0.014404296875
0 0.559814453125 0.53125 0.00390625 0.005859375
0 0.6802978515625 0.5311279296875 0.005615234375 0.009521484375
0 0.66357421875 0.534912109375 0.00439453125 0.00830078125
