0 0.047119140625 0.4793701171875 0.02392578125 0.052978515625
0 0.6605224609375 0.5108642578125 0.005615234375 0.009033203125
0 0.660888671875 0.51708984375 0.00830078125 0.02392578125
0 0.309326171875 0.458740234375 0.01806640625 0.04443359375
0 0.3731689453125 0.5445556640625 0.013427734375 0.017333984375
0 0.310546875 0.5845947265625 0.0234375 0.023681640625
0 0.3306884765625 0.534423828125 0.026123046875 0.02783203125
0 0.3104248046875 0.557861328125 0.017333984375 0.0361328125
0 0.1151123046875 0.522216796875 0.010986328125 0.0234375
0 0.047607421875 0.4647216796875 0.017578125 0.021240234375
0 0.12158203125 0.5211181640625 0.0048828125 0.009521484375
0 0.3094482421875 0.4471435546875 0.014404296875 0.018310546875
0 0.115478515625 0.5162353515625 0.0078125 0.009033203125
