0 0.65625 0.138671875 0.21240234375 0.15625
0 0.592041015625 0.14404296875 0.05224609375 0.072265625
0 0.7845458984375 0.5953369140625 0.029052734375 0.019287109375
0 0.8162841796875 0.630859375 0.006591796875 0.0087890625
0 0.81640625 0.6436767578125 0.00634765625 0.014404296875
0 0.8233642578125 0.66015625 0.013427734375 0.02587890625
0 0.7994384765625 0.49072265625 0.020263671875 0.0087890625
0 0.905517578125 0.4423828125 0.05419921875 0.07373046875
0 0.90771484375 0.53369140625 0.056640625 0.111328125
0 0.7899169921875 0.5606689453125 0.017822265625 0.014892578125
