0 0.072265625 0.4217529296875 0.048828125 0.014892578125
0 0.07275390625 0.43408203125 0.0185546875 0.01220703125
0 0.697265625 0.436767578125 0.02587890625 0.033203125
0 0.6976318359375 0.45947265625 0.010498046875 0.0078125
0 0.8638916015625 0.3924560546875 0.048095703125 0.058837890625
0 0.8636474609375 0.4334716796875 0.036865234375 0.023193359375
0 0.86279296875 0.479248046875 0.05029296875 0.0634765625
0 0.78271484375 0.447021484375 0.0107421875 0.0205078125
0 0.34375 0.4300537109375 0.0283203125 0.038818359375
0 0.341552734375 0.454345703125 0.01220703125 0.009765625
