0 0.3099365234375 0.1944580078125 0.044677734375 0.090087890625
0 0.4864501953125 0.419677734375 0.012451171875 0.02734375
0 0.71923828125 0.291748046875 0.0224609375 0.041015625
0 0.5989990234375 0.41357421875 0.031982421875 0.01953125
0 0.71044921875 0.48974609375 0.0234375 0.03076171875
0 0.7442626953125 0.4481201171875 0.029052734375 0.046630859375
0 0.7442626953125 0.48876953125 0.023681640625 0.029296875
0 0.6053466796875 0.5211181640625 0.007080078125 0.007080078125
0 0.6461181640625 0.33349609375 0.010009765625 0.04296875
0 0.7095947265625 0.4503173828125 0.028076171875 0.045654296875
0 0.593994140625 0.53515625 0.005859375 0.013671875
0 0.60546875 0.5345458984375 0.0107421875 0.013916015625
0 0.6048583984375 0.531982421875 0.007568359375 0.01318359375
0 0.7281494140625 0.5181884765625 0.013916015625 0.033447265625
