0 0.667236328125 0.6505126953125 0.0048828125 0.013427734375
0 0.5078125 0.646240234375 0.00341796875 0.00634765625
0 0.8736572265625 0.562744140625 0.068115234375 0.0810546875
0 0.8807373046875 0.6165771484375 0.042724609375 0.024658203125
0 0.6444091796875 0.6483154296875 0.008056640625 0.013916015625
0 0.5247802734375 0.6473388671875 0.008056640625 0.010986328125
0 0.573486328125 0.659912109375 0.0029296875 0.00390625
0 0.6416015625 0.6558837890625 0.0087890625 0.004150390625
0 0.6673583984375 0.661376953125 0.003662109375 0.0068359375
0 0.6422119140625 0.6468505859375 0.013427734375 0.007568359375
0 0.6429443359375 0.6524658203125 0.008056640625 0.003662109375
