0 0.5062255859375 0.6044921875 0.077880859375 0.0390625
0 0.6146240234375 0.586181640625 0.049072265625 0.04150390625
0 0.6251220703125 0.5849609375 0.013427734375 0.01904296875
0 0.6107177734375 0.5850830078125 0.013427734375 0.017333984375
0 0.6138916015625 0.5235595703125 0.050048828125 0.086669921875
0 0.6162109375 0.5421142578125 0.009765625 0.011962890625
0 0.6058349609375 0.5467529296875 0.008544921875 0.012451171875
0 0.3238525390625 0.6097412109375 0.005615234375 0.007080078125
0 0.6259765625 0.5386962890625 0.0087890625 0.011962890625
0 0.360107421875 0.590576171875 0.00634765625 0.00634765625
0 0.3828125 0.590576171875 0.0068359375 0.0078125
0 0.335205078125 0.5906982421875 0.0078125 0.008544921875
0 0.3240966796875 0.6219482421875 0.006103515625 0.007568359375
0 0.3240966796875 0.6158447265625 0.005615234375 0.006103515625
0 0.31005859375 0.6304931640625 0.00341796875 0.008056640625
0 0.2333984375 0.6104736328125 0.01171875 0.014892578125
