0 0.791259765625 0.4840087890625 0.091796875 0.105224609375
0 0.4013671875 0.64013671875 0.00390625 0.005859375
0 0.4681396484375 0.6375732421875 0.004638671875 0.006103515625
0 0.352783203125 0.607666015625 0.02392578125 0.02392578125
0 0.477294921875 0.63818359375 0.00537109375 0.0068359375
0 0.2197265625 0.6168212890625 0.00537109375 0.009033203125
0 0.431640625 0.6416015625 0.0029296875 0.00537109375
0 0.4600830078125 0.6424560546875 0.005126953125 0.004638671875
0 0.4595947265625 0.63671875 0.004150390625 0.00634765625
0 0.3546142578125 0.6036376953125 0.009033203125 0.011474609375
0 0.1563720703125 0.62109375 0.005126953125 0.0078125
0 0.3603515625 0.6407470703125 0.0029296875 0.005615234375
