0 0.36328125 0.6033935546875 0.01806640625 0.032470703125
0 0.788330078125 0.663818359375 0.0078125 0.021484375
0 0.584228515625 0.6492919921875 0.00439453125 0.008544921875
0 0.4583740234375 0.6551513671875 0.004638671875 0.006591796875
0 0.659423828125 0.65771484375 0.005859375 0.01025390625
0 0.4583740234375 0.6473388671875 0.006103515625 0.007080078125
0 0.4581298828125 0.639404296875 0.005126953125 0.0078125
0 0.3623046875 0.6324462890625 0.0146484375 0.020263671875
0 0.4586181640625 0.629150390625 0.006591796875 0.01171875
0 0.5648193359375 0.6492919921875 0.002685546875 0.004150390625
0 0.5712890625 0.6488037109375 0.00244140625 0.004638671875
0 0.5556640625 0.64794921875 0.001953125 0.00390625
0 0.65966796875 0.6708984375 0.0048828125 0.01318359375
