0 0.9840087890625 0.5648193359375 0.031005859375 0.062744140625
0 0.2030029296875 0.635009765625 0.016357421875 0.021484375
0 0.9349365234375 0.566162109375 0.055908203125 0.06591796875
0 0.104248046875 0.6473388671875 0.015625 0.019287109375
0 0.1143798828125 0.6474609375 0.004150390625 0.0166015625
0 0.175537109375 0.6392822265625 0.00341796875 0.012939453125
0 0.156005859375 0.6416015625 0.00244140625 0.01318359375
0 0.18359375 0.6370849609375 0.0029296875 0.013916015625
0 0.1409912109375 0.64306640625 0.003662109375 0.0146484375
0 0.1915283203125 0.637939453125 0.002685546875 0.01123046875
0 0.2457275390625 0.6287841796875 0.002197265625 0.010986328125
0 0.257080078125 0.6278076171875 0.00244140625 0.011962890625
0 0.2403564453125 0.6302490234375 0.003173828125 0.011474609375
0 0.265869140625 0.6263427734375 0.001953125 0.011474609375
0 0.2681884765625 0.62646484375 0.002685546875 0.01123046875
