0 0.4168701171875 0.5980224609375 0.004638671875 0.008544921875
0 0.3724365234375 0.5869140625 0.017333984375 0.01171875
0 0.372802734375 0.5965576171875 0.01416015625 0.008056640625
0 0.18408203125 0.59619140625 0.015625 0.0205078125
0 0.1671142578125 0.58203125 0.020751953125 0.0341796875
0 0.213134765625 0.5933837890625 0.00390625 0.009033203125
0 0.40234375 0.5948486328125 0.00439453125 0.011962890625
0 0.5146484375 0.57177734375 0.0087890625 0.00390625
0 0.51513671875 0.5870361328125 0.00732421875 0.006591796875
0 0.5146484375 0.5780029296875 0.0087890625 0.009521484375
