0 0.93115234375 0.57177734375 0.03173828125 0.04150390625
0 0.908935546875 0.556884765625 0.0087890625 0.01123046875
0 0.71875 0.5931396484375 0.00732421875 0.009521484375
0 0.8455810546875 0.5804443359375 0.005615234375 0.008056640625
0 0.909912109375 0.568359375 0.00732421875 0.01025390625
0 0.7369384765625 0.6011962890625 0.004638671875 0.006591796875
0 0.719482421875 0.601806640625 0.0048828125 0.00634765625
0 0.83056640625 0.588134765625 0.0078125 0.0107421875
0 0.8311767578125 0.5799560546875 0.003662109375 0.005615234375
0 0.8310546875 0.571533203125 0.00390625 0.0078125
