0 0.9647216796875 0.2220458984375 0.026611328125 0.042724609375
0 0.6434326171875 0.3642578125 0.035888671875 0.0146484375
0 0.1722412109375 0.4547119140625 0.014892578125 0.004150390625
0 0.1719970703125 0.45947265625 0.007568359375 0.0048828125
0 0.003662109375 0.344970703125 0.00732421875 0.013671875
0 0.8231201171875 0.3270263671875 0.008544921875 0.028076171875
0 0.3636474609375 0.3736572265625 0.010986328125 0.018798828125
0 0.421875 0.3704833984375 0.01416015625 0.018798828125
0 0.4959716796875 0.470947265625 0.008056640625 0.0126953125
0 0.60693359375 0.493408203125 0.00390625 0.0048828125
