0 0.2222900390625 0.409912109375 0.056396484375 0.06689453125
0 0.49951171875 0.5362548828125 0.00830078125 0.009521484375
0 0.405517578125 0.4608154296875 0.06201171875 0.080322265625
0 0.4544677734375 0.519287109375 0.012451171875 0.01708984375
0 0.474609375 0.486328125 0.01123046875 0.0146484375
0 0.4805908203125 0.520751953125 0.013427734375 0.01708984375
0 0.46728515625 0.503173828125 0.0126953125 0.01611328125
0 0.46728515625 0.52001953125 0.0126953125 0.017578125
0 0.4552001953125 0.5018310546875 0.012451171875 0.015380859375
0 0.4613037109375 0.4862060546875 0.011962890625 0.016845703125
0 0.509521484375 0.5377197265625 0.00830078125 0.003173828125
0 0.600830078125 0.517822265625 0.0087890625 0.00390625
0 0.480224609375 0.503662109375 0.01220703125 0.0166015625
0 0.4678955078125 0.4998779296875 0.040771484375 0.060302734375
