0 0.45068359375 0.34521484375 0.0029296875 0.0068359375
0 0.9566650390625 0.3565673828125 0.005615234375 0.008544921875
0 0.46142578125 0.3443603515625 0.0029296875 0.004638671875
0 0.4302978515625 0.3699951171875 0.005615234375 0.004150390625
0 0.48291015625 0.3656005859375 0.00146484375 0.003173828125
0 0.39892578125 0.360107421875 0.00244140625 0.00537109375
0 0.4830322265625 0.3624267578125 0.002685546875 0.003662109375
0 0.4737548828125 0.3480224609375 0.002197265625 0.002685546875
0 0.597412109375 0.3743896484375 0.00390625 0.030029296875
0 0.4736328125 0.344482421875 0.0029296875 0.00390625
