0 0.8450927734375 0.2591552734375 0.160400390625 0.051025390625
0 0.6507568359375 0.19091796875 0.196044921875 0.0830078125
0 0.4053955078125 0.1519775390625 0.225830078125 0.094970703125
0 0.4156494140625 0.632568359375 0.004638671875 0.0029296875
0 0.4111328125 0.615966796875 0.0166015625 0.00341796875
0 0.3927001953125 0.6109619140625 0.018798828125 0.005615234375
0 0.3642578125 0.60986328125 0.01953125 0.00732421875
0 0.403564453125 0.2244873046875 0.22705078125 0.104248046875
0 0.4017333984375 0.317138671875 0.230712890625 0.13037109375
0 0.6519775390625 0.256103515625 0.197509765625 0.08154296875
0 0.6529541015625 0.3406982421875 0.197998046875 0.114501953125
0 0.8475341796875 0.30126953125 0.160888671875 0.05859375
0 0.85009765625 0.364990234375 0.16357421875 0.09033203125
0 0.41552734375 0.635498046875 0.0048828125 0.0029296875
0 0.415771484375 0.6395263671875 0.00537109375 0.005126953125
0 0.364013671875 0.616455078125 0.01953125 0.00830078125
0 0.3636474609375 0.6246337890625 0.019775390625 0.010498046875
0 0.3924560546875 0.617431640625 0.018798828125 0.0068359375
0 0.392333984375 0.625244140625 0.01806640625 0.00927734375
0 0.4110107421875 0.620361328125 0.016845703125 0.00439453125
0 0.4107666015625 0.6265869140625 0.016845703125 0.008056640625
0 0.2918701171875 0.65087890625 0.004150390625 0.00634765625
0 0.406494140625 0.650146484375 0.00439453125 0.00439453125
0 0.37548828125 0.1480712890625 0.0439453125 0.055419921875
0 0.595703125 0.1842041015625 0.04052734375 0.056396484375
0 0.385986328125 0.617431640625 0.0029296875 0.0048828125
0 0.5814208984375 0.2501220703125 0.039794921875 0.054443359375
0 0.3876953125 0.611083984375 0.0029296875 0.00341796875
0 0.361328125 0.609375 0.00390625 0.00439453125
