0 0.45947265625 0.5369873046875 0.04052734375 0.014404296875
0 0.4598388671875 0.5474853515625 0.040771484375 0.014892578125
0 0.4608154296875 0.569091796875 0.041259765625 0.01416015625
0 0.4615478515625 0.5797119140625 0.041259765625 0.014892578125
0 0.46240234375 0.5904541015625 0.04150390625 0.014892578125
0 0.4630126953125 0.60205078125 0.042724609375 0.017578125
0 0.1207275390625 0.6077880859375 0.020263671875 0.028076171875
0 0.3763427734375 0.589599609375 0.018798828125 0.025390625
0 0.8570556640625 0.625 0.030517578125 0.04150390625
0 0.025634765625 0.689208984375 0.05126953125 0.06787109375
