0 0.4383544921875 0.41064453125 0.016845703125 0.01708984375
0 0.37646484375 0.38916015625 0.05712890625 0.04150390625
0 0.466552734375 0.4356689453125 0.01123046875 0.010498046875
0 0.4814453125 0.443359375 0.009765625 0.009765625
0 0.395751953125 0.3663330078125 0.0234375 0.013427734375
0 0.3685302734375 0.418212890625 0.018798828125 0.01318359375
0 0.4373779296875 0.4234619140625 0.013427734375 0.009033203125
0 0.38623046875 0.4033203125 0.0078125 0.00830078125
0 0.4808349609375 0.45068359375 0.007080078125 0.0048828125
0 0.79150390625 0.440673828125 0.009765625 0.01416015625
