0 0.2491455078125 0.4559326171875 0.016845703125 0.022705078125
0 0.8282470703125 0.37451171875 0.043701171875 0.08203125
0 0.2425537109375 0.46923828125 0.009033203125 0.0126953125
0 0.25 0.4371337890625 0.03125 0.014892578125
0 0.0498046875 0.4453125 0.0185546875 0.01025390625
0 0.236083984375 0.321533203125 0.02880859375 0.01904296875
0 0.2589111328125 0.3831787109375 0.026123046875 0.024658203125
0 0.263427734375 0.3232421875 0.02783203125 0.017578125
0 0.2603759765625 0.3511962890625 0.030517578125 0.039306640625
0 0.2330322265625 0.3494873046875 0.031005859375 0.037841796875
0 0.7706298828125 0.503662109375 0.004638671875 0.00341796875
0 0.2279052734375 0.3814697265625 0.026123046875 0.025634765625
