0 0.5440673828125 0.454833984375 0.011474609375 0.0146484375
0 0.7547607421875 0.4150390625 0.031494140625 0.021484375
0 0.367919921875 0.44873046875 0.00927734375 0.02294921875
0 0.3487548828125 0.439208984375 0.021728515625 0.02685546875
0 0.9244384765625 0.253662109375 0.149658203125 0.1962890625
0 0.7576904296875 0.478759765625 0.031982421875 0.03271484375
0 0.63427734375 0.447021484375 0.02099609375 0.029296875
0 0.7559814453125 0.4456787109375 0.031982421875 0.041259765625
0 0.34423828125 0.4324951171875 0.0068359375 0.008544921875
0 0.920166015625 0.3695068359375 0.14111328125 0.044677734375
0 0.3489990234375 0.456787109375 0.019287109375 0.00830078125
0 0.916015625 0.1905517578125 0.03173828125 0.044677734375
0 0.4588623046875 0.41357421875 0.005615234375 0.0087890625
0 0.9010009765625 0.2537841796875 0.032958984375 0.043701171875
