0 0.5677490234375 0.587158203125 0.026123046875 0.04296875
0 0.4556884765625 0.627197265625 0.017822265625 0.01171875
0 0.071533203125 0.5933837890625 0.025390625 0.038818359375
0 0.7738037109375 0.655029296875 0.012451171875 0.03955078125
0 0.7996826171875 0.4864501953125 0.056884765625 0.070556640625
0 0.9844970703125 0.6175537109375 0.030029296875 0.072509765625
0 0.91552734375 0.65478515625 0.013671875 0.05419921875
0 0.4317626953125 0.6201171875 0.007080078125 0.01416015625
0 0.390380859375 0.621337890625 0.0068359375 0.005859375
0 0.4320068359375 0.632568359375 0.005126953125 0.00732421875
0 0.3905029296875 0.6278076171875 0.008056640625 0.008544921875
0 0.3902587890625 0.636474609375 0.006591796875 0.0078125
0 0.286865234375 0.648681640625 0.00439453125 0.0068359375
