0 0.7691650390625 0.5784912109375 0.006591796875 0.014892578125
0 0.50732421875 0.613525390625 0.009765625 0.01708984375
0 0.60791015625 0.545166015625 0.02197265625 0.03564453125
0 0.614501953125 0.568359375 0.0068359375 0.01318359375
0 0.478759765625 0.631591796875 0.00537109375 0.01416015625
0 0.614013671875 0.5816650390625 0.00634765625 0.011474609375
0 0.4324951171875 0.616455078125 0.009033203125 0.00634765625
0 0.7689208984375 0.59375 0.007080078125 0.01123046875
0 0.4332275390625 0.6044921875 0.009033203125 0.01806640625
0 0.517822265625 0.6182861328125 0.01025390625 0.005126953125
