0 0.2406005859375 0.3685302734375 0.031005859375 0.048095703125
0 0.5994873046875 0.3746337890625 0.028076171875 0.046142578125
0 0.6005859375 0.42138671875 0.01904296875 0.04736328125
0 0.24169921875 0.4166259765625 0.021484375 0.052001953125
0 0.339599609375 0.5047607421875 0.0029296875 0.017333984375
0 0.2156982421875 0.510009765625 0.007080078125 0.02685546875
0 0.2767333984375 0.5074462890625 0.005615234375 0.024658203125
0 0.2052001953125 0.5115966796875 0.008056640625 0.022216796875
0 0.02490234375 0.5169677734375 0.0126953125 0.049072265625
0 0.307861328125 0.5064697265625 0.00390625 0.020751953125
