0 0.712646484375 0.3731689453125 0.03466796875 0.037353515625
0 0.71337890625 0.3238525390625 0.0341796875 0.050537109375
0 0.7449951171875 0.4180908203125 0.032470703125 0.043212890625
0 0.4892578125 0.5206298828125 0.00634765625 0.009033203125
0 0.2642822265625 0.4931640625 0.013427734375 0.01708984375
0 0.566162109375 0.506103515625 0.0146484375 0.0185546875
0 0.4560546875 0.549560546875 0.02001953125 0.0185546875
0 0.76806640625 0.458984375 0.009765625 0.0341796875
0 0.192138671875 0.485595703125 0.00439453125 0.021484375
0 0.745361328125 0.4613037109375 0.0087890625 0.019775390625
0 0.640869140625 0.5242919921875 0.02294921875 0.010009765625
0 0.270751953125 0.5203857421875 0.001953125 0.007080078125
0 0.1744384765625 0.513427734375 0.005615234375 0.021484375
0 0.48095703125 0.53076171875 0.0048828125 0.00732421875
0 0.174072265625 0.5369873046875 0.00439453125 0.015869140625
