0 0.400146484375 0.423583984375 0.02978515625 0.05224609375
0 0.0926513671875 0.3800048828125 0.043212890625 0.014404296875
0 0.04052734375 0.3974609375 0.00830078125 0.02197265625
0 0.123779296875 0.315673828125 0.0244140625 0.052734375
0 0.1220703125 0.3553466796875 0.01611328125 0.029052734375
0 0.537109375 0.4967041015625 0.00830078125 0.004150390625
0 0.5411376953125 0.4835205078125 0.004150390625 0.002685546875
0 0.0401611328125 0.396484375 0.014404296875 0.05810546875
0 0.609619140625 0.4779052734375 0.00341796875 0.006103515625
0 0.4000244140625 0.413818359375 0.021728515625 0.0263671875
