0 0.619384765625 0.6197509765625 0.025390625 0.071044921875
0 0.174072265625 0.58544921875 0.01171875 0.01806640625
0 0.2984619140625 0.6851806640625 0.009521484375 0.009521484375
0 0.5264892578125 0.221923828125 0.029052734375 0.0986328125
0 0.326171875 0.588623046875 0.03125 0.01123046875
0 0.468994140625 0.6722412109375 0.0107421875 0.002685546875
0 0.3453369140625 0.6141357421875 0.010009765625 0.011962890625
0 0.5281982421875 0.2852783203125 0.017333984375 0.081787109375
0 0.543212890625 0.742919921875 0.00439453125 0.02197265625
0 0.50537109375 0.2103271484375 0.04296875 0.118896484375
0 0.345458984375 0.6007080078125 0.015625 0.012939453125
