0 0.77587890625 0.459228515625 0.01513671875 0.02294921875
0 0.7862548828125 0.472900390625 0.052978515625 0.07470703125
0 0.4969482421875 0.4462890625 0.072998046875 0.1015625
0 0.6614990234375 0.552001953125 0.040771484375 0.041015625
0 0.7318115234375 0.478515625 0.060302734375 0.0712890625
0 0.419189453125 0.4619140625 0.06982421875 0.099609375
0 0.797119140625 0.458740234375 0.01025390625 0.021484375
0 0.496826171875 0.5047607421875 0.07275390625 0.023681640625
0 0.7366943359375 0.4359130859375 0.043701171875 0.015380859375
0 0.7894287109375 0.4281005859375 0.039794921875 0.016357421875
0 0.7232666015625 0.462890625 0.016357421875 0.02294921875
0 0.6497802734375 0.511962890625 0.015380859375 0.01025390625
0 0.6839599609375 0.51123046875 0.019775390625 0.009765625
