0 0.3458251953125 0.439697265625 0.030517578125 0.04296875
0 0.26318359375 0.5421142578125 0.00537109375 0.010498046875
0 0.3443603515625 0.390380859375 0.041259765625 0.06640625
0 0.4801025390625 0.4716796875 0.017822265625 0.04296875
0 0.4537353515625 0.521240234375 0.006103515625 0.01123046875
0 0.221923828125 0.6204833984375 0.01220703125 0.067138671875
0 0.460693359375 0.5262451171875 0.00244140625 0.003173828125
0 0.4183349609375 0.5504150390625 0.002685546875 0.014892578125
0 0.330078125 0.5819091796875 0.0078125 0.038818359375
0 0.457763671875 0.5362548828125 0.00537109375 0.007080078125
0 0.41015625 0.5538330078125 0.00341796875 0.017822265625
0 0.399658203125 0.55615234375 0.00341796875 0.017578125
0 0.4609375 0.5299072265625 0.0029296875 0.003662109375
0 0.4608154296875 0.522216796875 0.003173828125 0.0048828125
