0 0.5931396484375 0.1103515625 0.015869140625 0.02099609375
0 0.144775390625 0.1373291015625 0.0087890625 0.013916015625
0 0.228515625 0.1002197265625 0.01611328125 0.024658203125
0 0.36181640625 0.1534423828125 0.01025390625 0.012939453125
0 0.630859375 0.10205078125 0.01904296875 0.03173828125
0 0.21728515625 0.1612548828125 0.005859375 0.011962890625
0 0.1251220703125 0.14306640625 0.009033203125 0.01123046875
0 0.8907470703125 0.0704345703125 0.008056640625 0.011474609375
0 0.3802490234375 0.1292724609375 0.013916015625 0.020751953125
0 0.2232666015625 0.1407470703125 0.010009765625 0.012451171875
0 0.6495361328125 0.18212890625 0.010986328125 0.01513671875
0 0.3797607421875 0.10693359375 0.019287109375 0.025390625
0 0.0406494140625 0.1239013671875 0.009521484375 0.015380859375
0 0.5577392578125 0.1708984375 0.015380859375 0.02099609375
0 0.2369384765625 0.092529296875 0.018798828125 0.0224609375
0 0.5916748046875 0.1314697265625 0.011474609375 0.018798828125
0 0.28173828125 0.1502685546875 0.00927734375 0.011962890625
