0 0.3497314453125 0.5999755859375 0.021240234375 0.015380859375
0 0.0799560546875 0.6650390625 0.159912109375 0.13818359375
0 0.4456787109375 0.5997314453125 0.005615234375 0.007080078125
0 0.49072265625 0.6019287109375 0.00830078125 0.003662109375
0 0.494384765625 0.615478515625 0.02099609375 0.0146484375
0 0.46728515625 0.6436767578125 0.005859375 0.007568359375
0 0.38525390625 0.60107421875 0.00634765625 0.01025390625
0 0.3853759765625 0.609130859375 0.004638671875 0.005859375
0 0.350341796875 0.58984375 0.0205078125 0.0048828125
0 0.127685546875 0.7943115234375 0.09423828125 0.130126953125
