0 0.4329833984375 0.39892578125 0.024658203125 0.044921875
0 0.525634765625 0.71044921875 0.01904296875 0.0439453125
0 0.593994140625 0.7257080078125 0.0146484375 0.027587890625
0 0.8350830078125 0.6588134765625 0.008544921875 0.018310546875
0 0.378173828125 0.6561279296875 0.03173828125 0.067626953125
0 0.8341064453125 0.640869140625 0.008544921875 0.01953125
0 0.4320068359375 0.4403076171875 0.025146484375 0.043701171875
0 0.4652099609375 0.6988525390625 0.058837890625 0.093017578125
0 0.9937744140625 0.6053466796875 0.011962890625 0.033447265625
0 0.833251953125 0.6226806640625 0.0078125 0.015380859375
0 0.4281005859375 0.53271484375 0.027099609375 0.0576171875
0 0.4302978515625 0.4835205078125 0.025634765625 0.056396484375
0 0.8189697265625 0.7039794921875 0.011474609375 0.010009765625
0 0.8319091796875 0.605712890625 0.009033203125 0.02001953125
