0 0.5213623046875 0.6004638671875 0.012451171875 0.030029296875
0 0.9549560546875 0.0301513671875 0.043212890625 0.060302734375
0 0.5274658203125 0.5516357421875 0.006103515625 0.012939453125
0 0.8172607421875 0.4517822265625 0.013916015625 0.029541015625
0 0.8145751953125 0.487548828125 0.011962890625 0.0400390625
0 0.329345703125 0.5570068359375 0.01220703125 0.031982421875
0 0.3309326171875 0.594970703125 0.012939453125 0.02490234375
0 0.23486328125 0.0106201171875 0.02490234375 0.021240234375
0 0.50244140625 0.5928955078125 0.00439453125 0.030029296875
0 0.3187255859375 0.606201171875 0.005615234375 0.04443359375
0 0.2374267578125 0.6181640625 0.005126953125 0.046875
0 0.498291015625 0.6153564453125 0.00634765625 0.056884765625
