0 0.50830078125 0.511474609375 0.00537109375 0.01025390625
0 0.4561767578125 0.52294921875 0.002685546875 0.0048828125
0 0.451904296875 0.5162353515625 0.00634765625 0.008056640625
0 0.4541015625 0.51806640625 0.00341796875 0.00634765625
0 0.466796875 0.514892578125 0.0048828125 0.00341796875
0 0.4613037109375 0.51513671875 0.004150390625 0.0048828125
0 0.4666748046875 0.509521484375 0.005126953125 0.0068359375
0 0.4613037109375 0.5096435546875 0.005126953125 0.006591796875
0 0.46630859375 0.50390625 0.005859375 0.00390625
0 0.4608154296875 0.504150390625 0.005126953125 0.00390625
0 0.36572265625 0.5264892578125 0.00537109375 0.008056640625
0 0.3658447265625 0.518310546875 0.006103515625 0.00927734375
0 0.384033203125 0.525390625 0.00341796875 0.005859375
0 0.261962890625 0.5228271484375 0.00732421875 0.009033203125
0 0.319091796875 0.53759765625 0.00390625 0.00537109375
0 0.4486083984375 0.5196533203125 0.005126953125 0.009521484375
