0 0.6021728515625 0.5806884765625 0.017333984375 0.023193359375
0 0.593017578125 0.5643310546875 0.015625 0.018798828125
0 0.622314453125 0.5660400390625 0.017578125 0.016357421875
0 0.0306396484375 0.560791015625 0.051513671875 0.0654296875
0 0.80078125 0.5013427734375 0.10009765625 0.165771484375
0 0.802490234375 0.4864501953125 0.04052734375 0.048583984375
0 0.595947265625 0.5968017578125 0.0078125 0.004150390625
0 0.6171875 0.56591796875 0.0048828125 0.00537109375
0 0.576171875 0.566650390625 0.0126953125 0.015625
0 0.58935546875 0.5625 0.00537109375 0.005859375
0 0.6160888671875 0.59228515625 0.005615234375 0.00830078125
