0 0.647216796875 0.47412109375 0.07373046875 0.0458984375
0 0.6480712890625 0.5028076171875 0.078857421875 0.017822265625
0 0.45458984375 0.5633544921875 0.00341796875 0.005126953125
0 0.4573974609375 0.563232421875 0.004150390625 0.00634765625
0 0.4722900390625 0.5726318359375 0.002685546875 0.006591796875
0 0.468505859375 0.575439453125 0.00244140625 0.0146484375
0 0.4678955078125 0.564453125 0.006103515625 0.009765625
0 0.6488037109375 0.52294921875 0.080322265625 0.0244140625
0 0.647216796875 0.5430908203125 0.0751953125 0.014892578125
0 0.397216796875 0.5660400390625 0.00439453125 0.005615234375
0 0.6170654296875 0.54248046875 0.007568359375 0.01025390625
