0 0.43505859375 0.689697265625 0.00244140625 0.0078125
0 0.481689453125 0.685302734375 0.00390625 0.0078125
0 0.47021484375 0.6861572265625 0.00244140625 0.008544921875
0 0.5050048828125 0.6795654296875 0.005126953125 0.008544921875
0 0.263671875 0.678955078125 0.00341796875 0.00341796875
0 0.5606689453125 0.663818359375 0.008056640625 0.015625
0 0.5828857421875 0.6612548828125 0.007568359375 0.008544921875
0 0.582763671875 0.6680908203125 0.0078125 0.004638671875
0 0.6231689453125 0.6431884765625 0.011474609375 0.014404296875
0 0.7333984375 0.630859375 0.01416015625 0.0078125
0 0.6231689453125 0.65673828125 0.009033203125 0.0126953125
0 0.7340087890625 0.6165771484375 0.017822265625 0.023193359375
0 0.5618896484375 0.683837890625 0.016357421875 0.02490234375
