0 0.576904296875 0.5989990234375 0.01123046875 0.015380859375
0 0.5523681640625 0.598876953125 0.010986328125 0.01416015625
0 0.5648193359375 0.5987548828125 0.010986328125 0.014892578125
0 0.5645751953125 0.602294921875 0.041259765625 0.02685546875
0 0.48486328125 0.606201171875 0.00439453125 0.00537109375
0 0.4896240234375 0.6083984375 0.005126953125 0.0078125
0 0.478759765625 0.6080322265625 0.00537109375 0.006591796875
0 0.4696044921875 0.6070556640625 0.007568359375 0.005615234375
0 0.4849853515625 0.607666015625 0.006591796875 0.01123046875
0 0.97119140625 0.5653076171875 0.05712890625 0.111572265625
