0 0.4921875 0.5667724609375 0.0087890625 0.015380859375
0 0.3553466796875 0.530029296875 0.022705078125 0.03955078125
0 0.5714111328125 0.5205078125 0.059814453125 0.1083984375
0 0.469970703125 0.5496826171875 0.005859375 0.010498046875
0 0.3944091796875 0.5494384765625 0.005615234375 0.010009765625
0 0.6776123046875 0.5865478515625 0.002685546875 0.006591796875
0 0.4691162109375 0.5712890625 0.005615234375 0.0068359375
0 0.3944091796875 0.5601806640625 0.005615234375 0.010498046875
0 0.4700927734375 0.565673828125 0.004638671875 0.0048828125
0 0.469970703125 0.558837890625 0.005859375 0.00830078125
0 0.539306640625 0.5743408203125 0.0068359375 0.008544921875
0 0.523681640625 0.5592041015625 0.005859375 0.008056640625
0 0.5152587890625 0.5572509765625 0.004150390625 0.005615234375
