0 0.4862060546875 0.7227783203125 0.010498046875 0.014404296875
0 0.5499267578125 0.7227783203125 0.011474609375 0.017333984375
0 0.520263671875 0.72314453125 0.01123046875 0.01611328125
0 0.5806884765625 0.767578125 0.010986328125 0.01123046875
0 0.597900390625 0.7584228515625 0.009765625 0.014892578125
0 0.572265625 0.7403564453125 0.01123046875 0.014892578125
0 0.5506591796875 0.755859375 0.007568359375 0.01025390625
0 0.5599365234375 0.7484130859375 0.009033203125 0.012451171875
0 0.54443359375 0.7615966796875 0.00634765625 0.008544921875
0 0.3621826171875 0.7501220703125 0.009521484375 0.012939453125
0 0.56884765625 0.763427734375 0.00537109375 0.00732421875
