0 0.7109375 0.8731689453125 0.01611328125 0.010498046875
0 0.7059326171875 0.8662109375 0.027587890625 0.0673828125
0 0.7105712890625 0.86279296875 0.014404296875 0.00927734375
0 0.7117919921875 0.8829345703125 0.015869140625 0.010498046875
0 0.709716796875 0.8519287109375 0.0146484375 0.010009765625
0 0.836181640625 0.8546142578125 0.04052734375 0.051513671875
0 0.712158203125 0.893310546875 0.01513671875 0.0107421875
0 0.5853271484375 0.89697265625 0.013427734375 0.01708984375
0 0.5289306640625 0.901123046875 0.009033203125 0.01318359375
0 0.4451904296875 0.9053955078125 0.005126953125 0.007568359375
0 0.471435546875 0.904052734375 0.00634765625 0.009765625
0 0.3939208984375 0.8739013671875 0.022216796875 0.006103515625
