0 0.7513427734375 0.2864990234375 0.024169921875 0.031005859375
0 0.5989990234375 0.295166015625 0.016845703125 0.02294921875
0 0.7005615234375 0.28271484375 0.014892578125 0.02734375
0 0.592041015625 0.2572021484375 0.0224609375 0.010498046875
0 0.612060546875 0.3343505859375 0.00927734375 0.012451171875
0 0.70068359375 0.2791748046875 0.01220703125 0.016357421875
0 0.590576171875 0.2642822265625 0.0537109375 0.035400390625
0 0.611572265625 0.3446044921875 0.00830078125 0.008544921875
0 0.41259765625 0.337646484375 0.0048828125 0.0126953125
0 0.4132080078125 0.3583984375 0.004638671875 0.0087890625
0 0.412109375 0.348388671875 0.00537109375 0.0087890625
