0 0.8775634765625 0.5159912109375 0.020751953125 0.028076171875
0 0.462158203125 0.621826171875 0.0048828125 0.00732421875
0 0.875732421875 0.4869384765625 0.04736328125 0.100830078125
0 0.510009765625 0.6234130859375 0.0166015625 0.004638671875
0 0.87548828125 0.482666015625 0.0224609375 0.02685546875
0 0.5101318359375 0.6180419921875 0.016845703125 0.004638671875
0 0.5096435546875 0.613037109375 0.016845703125 0.0068359375
0 0.1180419921875 0.5570068359375 0.010009765625 0.034423828125
0 0.11865234375 0.5797119140625 0.005859375 0.011474609375
0 0.3819580078125 0.6156005859375 0.004150390625 0.006591796875
