0 0.6846923828125 0.4754638671875 0.010009765625 0.015869140625
0 0.34130859375 0.482177734375 0.009765625 0.015625
0 0.3414306640625 0.4473876953125 0.010009765625 0.016845703125
0 0.8321533203125 0.4715576171875 0.008544921875 0.012939453125
0 0.6849365234375 0.4560546875 0.010498046875 0.02001953125
0 0.6859130859375 0.436279296875 0.011474609375 0.01708984375
0 0.341552734375 0.4652099609375 0.01025390625 0.016845703125
0 0.8323974609375 0.484375 0.035888671875 0.05859375
0 0.339111328125 0.491943359375 0.00439453125 0.0087890625
0 0.4051513671875 0.4901123046875 0.004638671875 0.008056640625
0 0.731201171875 0.4437255859375 0.0576171875 0.070068359375
