0 0.294921875 0.6968994140625 0.009765625 0.010986328125
0 0.5308837890625 0.7459716796875 0.011474609375 0.005615234375
0 0.6519775390625 0.7501220703125 0.013916015625 0.025146484375
0 0.13916015625 0.7235107421875 0.0078125 0.010498046875
0 0.1409912109375 0.7122802734375 0.008056640625 0.014404296875
0 0.482421875 0.7344970703125 0.0048828125 0.008544921875
0 0.5152587890625 0.771240234375 0.008056640625 0.009765625
0 0.550537109375 0.7706298828125 0.0107421875 0.005615234375
0 0.286376953125 0.742431640625 0.00634765625 0.00634765625
0 0.29248046875 0.718017578125 0.0087890625 0.01318359375
