0 0.5887451171875 0.4278564453125 0.031005859375 0.017822265625
0 0.504638671875 0.4990234375 0.00439453125 0.0078125
0 0.4896240234375 0.498291015625 0.005126953125 0.00830078125
0 0.7342529296875 0.4525146484375 0.054443359375 0.029541015625
0 0.5888671875 0.408935546875 0.03076171875 0.017578125
0 0.7261962890625 0.408447265625 0.030517578125 0.01806640625
0 0.6676025390625 0.4251708984375 0.206787109375 0.122314453125
0 0.4573974609375 0.498291015625 0.005615234375 0.00830078125
0 0.7269287109375 0.427734375 0.030029296875 0.01904296875
0 0.5308837890625 0.49951171875 0.004638671875 0.0068359375
0 0.4739990234375 0.4981689453125 0.004150390625 0.009033203125
0 0.5518798828125 0.5006103515625 0.003173828125 0.005615234375
0 0.371826171875 0.4940185546875 0.0068359375 0.010498046875
0 0.5426025390625 0.5009765625 0.003662109375 0.00634765625
