0 0.1981201171875 0.4805908203125 0.065673828125 0.092529296875
0 0.4957275390625 0.660888671875 0.005126953125 0.00634765625
0 0.818603515625 0.5557861328125 0.0751953125 0.049560546875
0 0.548828125 0.6669921875 0.0048828125 0.005859375
0 0.5 0.6605224609375 0.013671875 0.007568359375
0 0.552978515625 0.6649169921875 0.01416015625 0.009033203125
0 0.5499267578125 0.6864013671875 0.002685546875 0.004150390625
0 0.4610595703125 0.700439453125 0.011474609375 0.01513671875
0 0.5709228515625 0.69384765625 0.003173828125 0.0048828125
0 0.5582275390625 0.688232421875 0.003173828125 0.00390625
0 0.5306396484375 0.66552734375 0.008056640625 0.00537109375
0 0.5103759765625 0.665771484375 0.009521484375 0.005859375
