0 0.5372314453125 0.9326171875 0.031005859375 0.0419921875
0 0.4954833984375 0.9249267578125 0.029541015625 0.042236328125
0 0.4549560546875 0.91552734375 0.028564453125 0.03955078125
0 0.4168701171875 0.908935546875 0.028076171875 0.0400390625
0 0.3790283203125 0.9012451171875 0.026123046875 0.037841796875
0 0.3402099609375 0.84130859375 0.026123046875 0.03759765625
0 0.3759765625 0.8468017578125 0.02685546875 0.040283203125
0 0.343017578125 0.8946533203125 0.02587890625 0.037841796875
0 0.4534912109375 0.859130859375 0.031005859375 0.04736328125
0 0.4945068359375 0.8662109375 0.031982421875 0.04833984375
0 0.5357666015625 0.873046875 0.029541015625 0.04833984375
0 0.4144287109375 0.8531494140625 0.030029296875 0.045166015625
