0 0.115966796875 0.321044921875 0.0888671875 0.14892578125
0 0.1112060546875 0.5128173828125 0.091064453125 0.127685546875
0 0.040283203125 0.325439453125 0.08056640625 0.13720703125
0 0.114501953125 0.4237060546875 0.1083984375 0.075927734375
0 0.636962890625 0.645263671875 0.00634765625 0.0087890625
0 0.7032470703125 0.613037109375 0.011962890625 0.01611328125
0 0.6287841796875 0.634521484375 0.006103515625 0.005859375
0 0.638427734375 0.6209716796875 0.0068359375 0.005615234375
0 0.6285400390625 0.6214599609375 0.007568359375 0.005126953125
0 0.6285400390625 0.62744140625 0.008056640625 0.0068359375
0 0.63818359375 0.62744140625 0.0068359375 0.00732421875
0 0.6375732421875 0.6337890625 0.006103515625 0.00439453125
0 0.6370849609375 0.6387939453125 0.006103515625 0.003662109375
