0 0.4129638671875 0.5369873046875 0.003173828125 0.005126953125
0 0.693359375 0.4976806640625 0.02392578125 0.010986328125
0 0.306396484375 0.509033203125 0.01123046875 0.017578125
0 0.306884765625 0.53515625 0.0078125 0.00830078125
0 0.7918701171875 0.5350341796875 0.012451171875 0.029052734375
0 0.2626953125 0.53369140625 0.01220703125 0.01611328125
0 0.3067626953125 0.5240478515625 0.009521484375 0.011962890625
0 0.2601318359375 0.5638427734375 0.022216796875 0.031982421875
0 0.404296875 0.53125 0.0068359375 0.00927734375
0 0.3720703125 0.5133056640625 0.00830078125 0.010009765625
0 0.3477783203125 0.5367431640625 0.010009765625 0.014404296875
