0 0.45849609375 0.4072265625 0.0849609375 0.02392578125
0 0.404296875 0.60791015625 0.005859375 0.01123046875
0 0.4075927734375 0.566650390625 0.031494140625 0.017578125
0 0.470458984375 0.359619140625 0.13037109375 0.06103515625
0 0.6171875 0.5205078125 0.095703125 0.11376953125
0 0.4610595703125 0.357666015625 0.100830078125 0.04541015625
0 0.4036865234375 0.57861328125 0.005615234375 0.00927734375
0 0.47119140625 0.40869140625 0.1298828125 0.03955078125
0 0.404052734375 0.5906982421875 0.00390625 0.014892578125
0 0.5440673828125 0.545654296875 0.044189453125 0.06494140625
0 0.6014404296875 0.5205078125 0.058349609375 0.03857421875
0 0.6015625 0.55859375 0.0576171875 0.029296875
0 0.6044921875 0.4830322265625 0.064453125 0.029541015625
0 0.5484619140625 0.54443359375 0.057373046875 0.0693359375
