0 0.53271484375 0.53271484375 0.021484375 0.0283203125
0 0.1455078125 0.617919921875 0.02978515625 0.03857421875
0 0.570068359375 0.532958984375 0.109375 0.0458984375
0 0.570556640625 0.569091796875 0.10888671875 0.02685546875
0 0.5706787109375 0.5946044921875 0.110595703125 0.024169921875
0 0.563232421875 0.6177978515625 0.0263671875 0.026123046875
0 0.1278076171875 0.6441650390625 0.012451171875 0.013916015625
0 0.1263427734375 0.661865234375 0.015380859375 0.05126953125
0 0.1070556640625 0.670654296875 0.007080078125 0.013671875
0 0.109619140625 0.6475830078125 0.0078125 0.033935546875
