0 0.0108642578125 0.1820068359375 0.021728515625 0.053466796875
0 0.8115234375 0.322021484375 0.0185546875 0.056640625
0 0.2691650390625 0.3592529296875 0.009033203125 0.011962890625
0 0.812744140625 0.2633056640625 0.01806640625 0.069580078125
0 0.812255859375 0.3568115234375 0.0166015625 0.025146484375
0 0.010986328125 0.2210693359375 0.02197265625 0.023193359375
0 0.2469482421875 0.3289794921875 0.010498046875 0.004638671875
0 0.252197265625 0.3560791015625 0.0087890625 0.003662109375
0 0.511474609375 0.40966796875 0.00390625 0.00341796875
0 0.5181884765625 0.41259765625 0.009033203125 0.00439453125
0 0.2518310546875 0.344970703125 0.025146484375 0.04052734375
0 0.6455078125 0.41552734375 0.00390625 0.0087890625
0 0.8133544921875 0.416259765625 0.010498046875 0.0302734375
