0 0.806884765625 0.5853271484375 0.0107421875 0.028076171875
0 0.753662109375 0.5728759765625 0.0126953125 0.030029296875
0 0.8170166015625 0.6094970703125 0.005615234375 0.009521484375
0 0.66455078125 0.576904296875 0.021484375 0.0439453125
0 0.8162841796875 0.6207275390625 0.005126953125 0.010498046875
0 0.8360595703125 0.6361083984375 0.005126953125 0.009521484375
0 0.8157958984375 0.632568359375 0.005126953125 0.00927734375
0 0.836669921875 0.62451171875 0.0048828125 0.0087890625
0 0.8367919921875 0.6129150390625 0.005615234375 0.009033203125
0 0.8077392578125 0.580810546875 0.008544921875 0.0166015625
