0 0.5718994140625 0.45361328125 0.023193359375 0.02294921875
0 0.4505615234375 0.505126953125 0.040283203125 0.05322265625
0 0.5535888671875 0.4541015625 0.011962890625 0.0205078125
0 0.567138671875 0.4915771484375 0.041015625 0.054443359375
0 0.5635986328125 0.4158935546875 0.040771484375 0.052978515625
0 0.4403076171875 0.482177734375 0.008056640625 0.005859375
0 0.4361572265625 0.4990234375 0.004150390625 0.0048828125
0 0.4483642578125 0.482421875 0.004150390625 0.005859375
0 0.46142578125 0.5113525390625 0.01904296875 0.013427734375
0 0.4613037109375 0.4970703125 0.003662109375 0.0048828125
