0 0.683349609375 0.54248046875 0.01123046875 0.02099609375
0 0.92333984375 0.4171142578125 0.0087890625 0.024169921875
0 0.93994140625 0.3543701171875 0.0234375 0.043701171875
0 0.5040283203125 0.57666015625 0.007568359375 0.0146484375
0 0.6815185546875 0.4996337890625 0.017822265625 0.030517578125
0 0.503662109375 0.5594482421875 0.0107421875 0.018310546875
0 0.1962890625 0.52783203125 0.00927734375 0.015625
0 0.5556640625 0.4722900390625 0.0517578125 0.075439453125
0 0.40966796875 0.6043701171875 0.00927734375 0.017333984375
0 0.6826171875 0.52392578125 0.01220703125 0.0166015625
0 0.9404296875 0.361328125 0.03125 0.0693359375
0 0.5438232421875 0.4951171875 0.017822265625 0.0146484375
0 0.924072265625 0.4356689453125 0.0087890625 0.013427734375
0 0.1964111328125 0.5301513671875 0.012451171875 0.025634765625
