0 0.3614501953125 0.468994140625 0.011962890625 0.00439453125
0 0.347900390625 0.494873046875 0.0048828125 0.01171875
0 0.4957275390625 0.51123046875 0.012451171875 0.00390625
0 0.8502197265625 0.3060302734375 0.027587890625 0.036865234375
0 0.86669921875 0.5029296875 0.0419921875 0.0751953125
0 0.3665771484375 0.49951171875 0.004150390625 0.0068359375
0 0.2532958984375 0.372314453125 0.036376953125 0.0205078125
0 0.416748046875 0.3572998046875 0.017578125 0.030029296875
0 0.3966064453125 0.4696044921875 0.004638671875 0.006591796875
0 0.322021484375 0.490478515625 0.00341796875 0.0087890625
0 0.3072509765625 0.4908447265625 0.004150390625 0.010009765625
0 0.496337890625 0.5030517578125 0.0107421875 0.011474609375
0 0.73974609375 0.511474609375 0.01025390625 0.0185546875
0 0.423828125 0.50244140625 0.0048828125 0.00732421875
