0 0.7239990234375 0.545166015625 0.020751953125 0.02685546875
0 0.5089111328125 0.4219970703125 0.013427734375 0.027099609375
0 0.9603271484375 0.42236328125 0.044189453125 0.0732421875
0 0.65478515625 0.5479736328125 0.017578125 0.022216796875
0 0.6754150390625 0.5498046875 0.019775390625 0.02587890625
0 0.69677734375 0.5467529296875 0.01708984375 0.022705078125
0 0.6337890625 0.5518798828125 0.0185546875 0.026123046875
0 0.465576171875 0.42822265625 0.11669921875 0.05517578125
0 0.350341796875 0.4444580078125 0.1103515625 0.054931640625
0 0.5838623046875 0.4134521484375 0.114990234375 0.051025390625
