0 0.0316162109375 0.5791015625 0.013916015625 0.017578125
0 0.460205078125 0.4208984375 0.09765625 0.0888671875
0 0.6845703125 0.3868408203125 0.09375 0.102294921875
0 0.4027099609375 0.5499267578125 0.013427734375 0.023193359375
0 0.402587890625 0.5723876953125 0.013671875 0.022216796875
0 0.6175537109375 0.5948486328125 0.011474609375 0.019287109375
0 0.7291259765625 0.59130859375 0.006103515625 0.013671875
0 0.654541015625 0.560791015625 0.033203125 0.044921875
0 0.737060546875 0.6588134765625 0.01171875 0.021728515625
0 0.6932373046875 0.4466552734375 0.038818359375 0.020263671875
0 0.67236328125 0.363525390625 0.02001953125 0.02880859375
0 0.44189453125 0.4017333984375 0.017578125 0.029541015625
