0 0.7218017578125 0.6358642578125 0.029541015625 0.018310546875
0 0.48828125 0.6534423828125 0.02294921875 0.009521484375
0 0.5931396484375 0.730712890625 0.006103515625 0.00537109375
0 0.5928955078125 0.7215576171875 0.008056640625 0.011962890625
0 0.592529296875 0.7103271484375 0.0078125 0.010498046875
0 0.5565185546875 0.725341796875 0.005615234375 0.01171875
0 0.5518798828125 0.7335205078125 0.004638671875 0.014404296875
0 0.6173095703125 0.6439208984375 0.010498046875 0.024169921875
0 0.65673828125 0.6346435546875 0.01123046875 0.024169921875
0 0.3704833984375 0.7098388671875 0.008544921875 0.015869140625
0 0.07763671875 0.712646484375 0.015625 0.017578125
0 0.392822265625 0.6475830078125 0.01171875 0.018798828125
0 0.3636474609375 0.6480712890625 0.011474609375 0.019287109375
