0 0.367919921875 0.6668701171875 0.12109375 0.043701171875
0 0.37890625 0.72802734375 0.01904296875 0.01171875
0 0.3548583984375 0.72900390625 0.015869140625 0.0087890625
0 0.417236328125 0.7376708984375 0.005859375 0.009521484375
0 0.4927978515625 0.721435546875 0.019775390625 0.01171875
0 0.4349365234375 0.6724853515625 0.013916015625 0.018798828125
0 0.419921875 0.6414794921875 0.0166015625 0.008544921875
0 0.31884765625 0.6595458984375 0.013671875 0.011962890625
0 0.319091796875 0.679931640625 0.00830078125 0.01171875
0 0.387939453125 0.7396240234375 0.00732421875 0.005615234375
0 0.3809814453125 0.739501953125 0.006103515625 0.005859375
0 0.1700439453125 0.74560546875 0.002685546875 0.01171875
0 0.4071044921875 0.7425537109375 0.003173828125 0.007080078125
