0 0.7274169921875 0.5498046875 0.007080078125 0.01220703125
0 0.343505859375 0.43505859375 0.0283203125 0.04736328125
0 0.9488525390625 0.4228515625 0.012451171875 0.0390625
0 0.1795654296875 0.427978515625 0.010498046875 0.05615234375
0 0.3614501953125 0.564697265625 0.003173828125 0.00634765625
0 0.540771484375 0.51953125 0.00341796875 0.01904296875
0 0.337890625 0.55078125 0.0029296875 0.00390625
0 0.3614501953125 0.5584716796875 0.003173828125 0.006103515625
0 0.332275390625 0.545166015625 0.00537109375 0.00341796875
0 0.3221435546875 0.5372314453125 0.004150390625 0.010498046875
0 0.3421630859375 0.4696044921875 0.031005859375 0.037841796875
0 0.3372802734375 0.5452880859375 0.002685546875 0.002685546875
0 0.7098388671875 0.466552734375 0.011474609375 0.02978515625
0 0.514404296875 0.5294189453125 0.00341796875 0.008544921875
0 0.7279052734375 0.561279296875 0.005615234375 0.00732421875
