0 0.5103759765625 0.698974609375 0.006591796875 0.01171875
0 0.501953125 0.69189453125 0.0048828125 0.00537109375
0 0.5386962890625 0.65625 0.006103515625 0.0087890625
0 0.53173828125 0.6964111328125 0.0048828125 0.025634765625
0 0.5228271484375 0.6907958984375 0.004638671875 0.015380859375
0 0.5048828125 0.6651611328125 0.0029296875 0.006103515625
0 0.498291015625 0.68798828125 0.001953125 0.009765625
0 0.53955078125 0.66943359375 0.0048828125 0.0078125
0 0.53857421875 0.656005859375 0.01025390625 0.01904296875
0 0.965087890625 0.830078125 0.0693359375 0.30322265625
