0 0.6693115234375 0.52978515625 0.012939453125 0.0166015625
0 0.3841552734375 0.52587890625 0.006591796875 0.00927734375
0 0.3717041015625 0.5406494140625 0.007568359375 0.010009765625
0 0.893798828125 0.4676513671875 0.126953125 0.102783203125
0 0.5902099609375 0.5501708984375 0.008056640625 0.010009765625
0 0.5758056640625 0.545654296875 0.010009765625 0.00537109375
0 0.5594482421875 0.5115966796875 0.010498046875 0.012451171875
0 0.557861328125 0.5419921875 0.00634765625 0.0107421875
0 0.5697021484375 0.560302734375 0.009521484375 0.015625
0 0.5594482421875 0.523193359375 0.007080078125 0.0087890625
0 0.6693115234375 0.542724609375 0.012451171875 0.0087890625
