0 0.2039794921875 0.6531982421875 0.011474609375 0.014892578125
0 0.65283203125 0.6343994140625 0.01708984375 0.033935546875
0 0.65234375 0.6558837890625 0.01611328125 0.010009765625
0 0.9688720703125 0.5531005859375 0.060791015625 0.290771484375
0 0.5909423828125 0.6593017578125 0.005615234375 0.008056640625
0 0.6893310546875 0.6611328125 0.004150390625 0.00634765625
0 0.60546875 0.656494140625 0.00439453125 0.0068359375
0 0.5672607421875 0.65966796875 0.003662109375 0.005859375
0 0.5413818359375 0.65673828125 0.004150390625 0.005859375
0 0.4041748046875 0.6595458984375 0.002685546875 0.005126953125
0 0.605224609375 0.663818359375 0.0029296875 0.00732421875
0 0.5413818359375 0.6593017578125 0.001708984375 0.007080078125
