0 0.849609375 0.656005859375 0.0400390625 0.06640625
0 0.8271484375 0.2216796875 0.03173828125 0.05126953125
0 0.8424072265625 0.4698486328125 0.063720703125 0.101806640625
0 0.84814453125 0.5716552734375 0.06494140625 0.101318359375
0 0.9661865234375 0.265869140625 0.066650390625 0.1279296875
0 0.98876953125 0.576416015625 0.00732421875 0.01123046875
0 0.3612060546875 0.2962646484375 0.074462890625 0.143798828125
0 0.2930908203125 0.513427734375 0.045166015625 0.048828125
0 0.360107421875 0.330322265625 0.02099609375 0.03515625
0 0.3822021484375 0.3282470703125 0.014892578125 0.030517578125
0 0.31005859375 0.4788818359375 0.01025390625 0.016357421875
0 0.85546875 0.5321044921875 0.0517578125 0.058349609375
