0 0.558837890625 0.468994140625 0.00439453125 0.0087890625
0 0.48779296875 0.5357666015625 0.01416015625 0.057861328125
0 0.455322265625 0.5482177734375 0.01220703125 0.068603515625
0 0.2662353515625 0.6033935546875 0.019287109375 0.099853515625
0 0.7347412109375 0.5711669921875 0.032470703125 0.164794921875
0 0.6314697265625 0.4261474609375 0.011474609375 0.018798828125
0 0.607177734375 0.460205078125 0.0068359375 0.00634765625
0 0.5340576171875 0.4996337890625 0.003173828125 0.019287109375
0 0.593505859375 0.4608154296875 0.0029296875 0.006103515625
0 0.6075439453125 0.46630859375 0.004638671875 0.00537109375
0 0.686767578125 0.3564453125 0.05078125 0.07666015625
0 0.7039794921875 0.3089599609375 0.059814453125 0.069091796875
0 0.8187255859375 0.1082763671875 0.140869140625 0.216064453125
0 0.60693359375 0.4512939453125 0.00537109375 0.009521484375
0 0.705078125 0.2261962890625 0.07763671875 0.126220703125
0 0.63232421875 0.44189453125 0.01171875 0.01123046875
0 0.4710693359375 0.5413818359375 0.013916015625 0.062744140625
