0 0.1195068359375 0.0758056640625 0.145751953125 0.151611328125
0 0.3619384765625 0.616455078125 0.005615234375 0.0078125
0 0.42626953125 0.589111328125 0.02197265625 0.029296875
0 0.666748046875 0.5504150390625 0.01025390625 0.031494140625
0 0.117431640625 0.2003173828125 0.10205078125 0.124755859375
0 0.42626953125 0.6136474609375 0.02197265625 0.019775390625
0 0.0491943359375 0.2706298828125 0.029052734375 0.075439453125
0 0.666748046875 0.5704345703125 0.01025390625 0.012451171875
0 0.299560546875 0.6065673828125 0.00634765625 0.008544921875
0 0.35205078125 0.6243896484375 0.0048828125 0.007080078125
0 0.4281005859375 0.61572265625 0.005126953125 0.0068359375
