0 0.7705078125 0.019775390625 0.06640625 0.03955078125
0 0.7696533203125 0.08251953125 0.064697265625 0.03515625
0 0.646484375 0.171142578125 0.01953125 0.02783203125
0 0.769287109375 0.1136474609375 0.064453125 0.038330078125
0 0.6470947265625 0.12744140625 0.027587890625 0.03515625
0 0.6473388671875 0.151123046875 0.026123046875 0.0146484375
0 0.5462646484375 0.1943359375 0.003662109375 0.00732421875
0 0.770263671875 0.0516357421875 0.06494140625 0.039306640625
0 0.5614013671875 0.19970703125 0.004638671875 0.0078125
0 0.5296630859375 0.1927490234375 0.003662109375 0.007568359375
