0 0.56982421875 0.6041259765625 0.00927734375 0.027099609375
0 0.76171875 0.5938720703125 0.00439453125 0.005615234375
0 0.2161865234375 0.4881591796875 0.024658203125 0.036865234375
0 0.0970458984375 0.5589599609375 0.006591796875 0.012451171875
0 0.1063232421875 0.5582275390625 0.026123046875 0.013427734375
0 0.032958984375 0.5770263671875 0.00830078125 0.008544921875
0 0.1058349609375 0.571533203125 0.026611328125 0.009765625
0 0.0379638671875 0.564453125 0.015869140625 0.01171875
0 0.0543212890625 0.5728759765625 0.012939453125 0.013916015625
0 0.4725341796875 0.5682373046875 0.011962890625 0.016845703125
0 0.41015625 0.552734375 0.00537109375 0.01953125
0 0.19775390625 0.4747314453125 0.03125 0.040771484375
0 0.859130859375 0.322998046875 0.0341796875 0.05517578125
0 0.0546875 0.5592041015625 0.01708984375 0.018310546875
0 0.7567138671875 0.575927734375 0.006591796875 0.0087890625
0 0.0552978515625 0.54443359375 0.012451171875 0.013671875
0 0.3822021484375 0.535888671875 0.006591796875 0.01611328125
0 0.7615966796875 0.58740234375 0.008056640625 0.0107421875
