0 0.4610595703125 0.4874267578125 0.006103515625 0.007568359375
0 0.8529052734375 0.4256591796875 0.009521484375 0.018310546875
0 0.485107421875 0.47216796875 0.01416015625 0.0185546875
0 0.7022705078125 0.43408203125 0.005126953125 0.01318359375
0 0.6063232421875 0.442138671875 0.011474609375 0.0048828125
0 0.586669921875 0.4749755859375 0.005859375 0.003662109375
0 0.454833984375 0.487548828125 0.005859375 0.0078125
0 0.3511962890625 0.481201171875 0.008056640625 0.0107421875
0 0.35205078125 0.4937744140625 0.01025390625 0.014404296875
0 0.5411376953125 0.490234375 0.004150390625 0.0048828125
0 0.7025146484375 0.4346923828125 0.009033203125 0.026611328125
0 0.4888916015625 0.4769287109375 0.008056640625 0.015869140625
0 0.33740234375 0.478759765625 0.00634765625 0.00537109375
