0 0.876708984375 0.349365234375 0.04736328125 0.095703125
0 0.4801025390625 0.429931640625 0.002685546875 0.00537109375
0 0.3612060546875 0.4578857421875 0.013427734375 0.040283203125
0 0.4188232421875 0.450927734375 0.004150390625 0.00830078125
0 0.4703369140625 0.42138671875 0.003662109375 0.0068359375
0 0.3779296875 0.4613037109375 0.00830078125 0.014892578125
0 0.531982421875 0.4158935546875 0.00927734375 0.016357421875
0 0.08642578125 0.4720458984375 0.0400390625 0.051025390625
0 0.5640869140625 0.4195556640625 0.010498046875 0.029541015625
0 0.7015380859375 0.4134521484375 0.010009765625 0.017333984375
0 0.877685546875 0.417724609375 0.03955078125 0.03564453125
0 0.5322265625 0.4212646484375 0.01318359375 0.033935546875
0 0.7017822265625 0.4188232421875 0.013427734375 0.035400390625
0 0.377197265625 0.445556640625 0.00830078125 0.01513671875
0 0.0816650390625 0.3978271484375 0.061279296875 0.102294921875
0 0.5169677734375 0.4088134765625 0.016357421875 0.016357421875
0 0.5084228515625 0.42626953125 0.002685546875 0.00537109375
0 0.3607177734375 0.4488525390625 0.010498046875 0.017822265625
