0 0.655517578125 0.6810302734375 0.01318359375 0.018310546875
0 0.4967041015625 0.72998046875 0.004638671875 0.00634765625
0 0.656005859375 0.69970703125 0.013671875 0.01806640625
0 0.3121337890625 0.7452392578125 0.005126953125 0.006591796875
0 0.675048828125 0.7000732421875 0.05712890625 0.075439453125
0 0.5146484375 0.737548828125 0.00634765625 0.00927734375
0 0.3125 0.735595703125 0.0087890625 0.0126953125
0 0.346435546875 0.733642578125 0.00390625 0.0048828125
0 0.023681640625 0.712158203125 0.04736328125 0.03369140625
0 0.5733642578125 0.7301025390625 0.005126953125 0.007080078125
0 0.3463134765625 0.7376708984375 0.007080078125 0.004150390625
0 0.0201416015625 0.6597900390625 0.040283203125 0.072509765625
