0 0.43310546875 0.55615234375 0.04931640625 0.06640625
0 0.7049560546875 0.6153564453125 0.010009765625 0.009521484375
0 0.696044921875 0.615966796875 0.00341796875 0.00439453125
0 0.6783447265625 0.6204833984375 0.004150390625 0.005615234375
0 0.6309814453125 0.591796875 0.036865234375 0.02294921875
0 0.703857421875 0.5867919921875 0.01171875 0.007568359375
0 0.669189453125 0.6124267578125 0.00439453125 0.005615234375
0 0.560546875 0.6109619140625 0.00390625 0.005615234375
0 0.64599609375 0.5791015625 0.005859375 0.0078125
0 0.66943359375 0.605712890625 0.00537109375 0.00634765625
0 0.4794921875 0.60400390625 0.00732421875 0.0087890625
0 0.5748291015625 0.596435546875 0.009521484375 0.01318359375
0 0.637451171875 0.57080078125 0.00634765625 0.00830078125
0 0.6168212890625 0.6015625 0.006591796875 0.00830078125
0 0.5748291015625 0.58251953125 0.011962890625 0.01513671875
0 0.4300537109375 0.628173828125 0.032958984375 0.0654296875
0 0.531494140625 0.605712890625 0.005859375 0.0078125
0 0.3377685546875 0.5516357421875 0.007568359375 0.010009765625
0 0.63720703125 0.5762939453125 0.03076171875 0.025634765625
0 0.7039794921875 0.57470703125 0.010498046875 0.01416015625
0 0.6461181640625 0.619140625 0.005126953125 0.00830078125
0 0.6829833984375 0.6201171875 0.003662109375 0.00537109375
