0 0.6131591796875 0.7003173828125 0.009033203125 0.027587890625
0 0.06396484375 0.3687744140625 0.052734375 0.149658203125
0 0.5726318359375 0.7071533203125 0.007568359375 0.017822265625
0 0.1463623046875 0.461181640625 0.013916015625 0.04296875
0 0.033203125 0.6109619140625 0.01953125 0.076904296875
0 0.1456298828125 0.498046875 0.015869140625 0.04150390625
0 0.4534912109375 0.7081298828125 0.007568359375 0.018798828125
0 0.12158203125 0.5040283203125 0.02685546875 0.044189453125
0 0.4320068359375 0.690185546875 0.007080078125 0.0126953125
0 0.43212890625 0.696533203125 0.01123046875 0.02978515625
0 0.12646484375 0.4454345703125 0.02880859375 0.059326171875
