0 0.4239501953125 0.62646484375 0.012451171875 0.01513671875
0 0.4332275390625 0.6016845703125 0.010009765625 0.012939453125
0 0.1590576171875 0.6484375 0.023681640625 0.0244140625
0 0.1700439453125 0.572265625 0.037841796875 0.03857421875
0 0.4244384765625 0.640380859375 0.011474609375 0.013671875
0 0.169677734375 0.6126708984375 0.0380859375 0.036865234375
0 0.4326171875 0.6109619140625 0.01220703125 0.005126953125
0 0.4244384765625 0.64990234375 0.013916015625 0.00634765625
0 0.8419189453125 0.6212158203125 0.007080078125 0.017333984375
0 0.8394775390625 0.5838623046875 0.010009765625 0.057861328125
0 0.16552734375 0.543701171875 0.0107421875 0.015625
