0 0.9793701171875 0.7003173828125 0.006103515625 0.018798828125
0 0.787109375 0.6429443359375 0.00634765625 0.007568359375
0 0.8515625 0.5784912109375 0.037109375 0.012451171875
0 0.5382080078125 0.687744140625 0.009033203125 0.00341796875
0 0.1817626953125 0.6717529296875 0.014892578125 0.008056640625
0 0.483642578125 0.668212890625 0.0107421875 0.00390625
0 0.431640625 0.6875 0.00439453125 0.005859375
0 0.8297119140625 0.5968017578125 0.019287109375 0.008056640625
0 0.83203125 0.6204833984375 0.02197265625 0.040283203125
0 0.375244140625 0.691650390625 0.00341796875 0.0048828125
0 0.18994140625 0.685546875 0.01220703125 0.02001953125
0 0.6343994140625 0.656005859375 0.008544921875 0.021484375
0 0.64697265625 0.6683349609375 0.01123046875 0.019287109375
0 0.8421630859375 0.587158203125 0.017822265625 0.0078125
