0 0.6195068359375 0.6595458984375 0.027099609375 0.036865234375
0 0.4541015625 0.6925048828125 0.013671875 0.020263671875
0 0.5770263671875 0.68212890625 0.017333984375 0.0146484375
0 0.46337890625 0.6439208984375 0.01708984375 0.017333984375
0 0.485595703125 0.670654296875 0.0087890625 0.00537109375
0 0.485595703125 0.6759033203125 0.00830078125 0.004638671875
0 0.616943359375 0.601318359375 0.0205078125 0.0380859375
0 0.2203369140625 0.7083740234375 0.013916015625 0.012939453125
0 0.6171875 0.6307373046875 0.021484375 0.017822265625
0 0.6370849609375 0.696044921875 0.014892578125 0.01123046875
0 0.521728515625 0.6907958984375 0.0029296875 0.004638671875
