0 0.880615234375 0.5357666015625 0.09130859375 0.122802734375
0 0.479248046875 0.6705322265625 0.0068359375 0.009033203125
0 0.4798583984375 0.681884765625 0.005126953125 0.00634765625
0 0.4583740234375 0.6810302734375 0.007568359375 0.009033203125
0 0.4410400390625 0.68603515625 0.008544921875 0.0048828125
0 0.4581298828125 0.66796875 0.003662109375 0.0029296875
0 0.4420166015625 0.6817626953125 0.003662109375 0.012939453125
0 0.4798583984375 0.6763916015625 0.004150390625 0.003662109375
0 0.4583740234375 0.6744384765625 0.004150390625 0.003662109375
0 0.4581298828125 0.6710205078125 0.004150390625 0.002197265625
