0 0.5587158203125 0.4525146484375 0.042724609375 0.057861328125
0 0.74267578125 0.519775390625 0.0078125 0.00537109375
0 0.5283203125 0.502197265625 0.00439453125 0.0078125
0 0.5279541015625 0.4808349609375 0.005126953125 0.007568359375
0 0.5516357421875 0.4793701171875 0.006103515625 0.009033203125
0 0.662841796875 0.473876953125 0.0068359375 0.00927734375
0 0.256103515625 0.483154296875 0.01611328125 0.0224609375
0 0.575927734375 0.4783935546875 0.0048828125 0.006103515625
0 0.63916015625 0.474853515625 0.0068359375 0.0087890625
0 0.74609375 0.5015869140625 0.009765625 0.008056640625
0 0.069091796875 0.4976806640625 0.01953125 0.023681640625
0 0.5985107421875 0.4776611328125 0.005615234375 0.007080078125
0 0.651611328125 0.4754638671875 0.00537109375 0.008056640625
0 0.4532470703125 0.4814453125 0.016845703125 0.02587890625
0 0.501953125 0.46728515625 0.01953125 0.03173828125
0 0.1900634765625 0.4923095703125 0.017333984375 0.024169921875
0 0.62255859375 0.4766845703125 0.00537109375 0.007080078125
0 0.7716064453125 0.436279296875 0.019287109375 0.03076171875
0 0.1328125 0.492431640625 0.017578125 0.0224609375
0 0.3192138671875 0.48828125 0.016357421875 0.0234375
0 0.388427734375 0.4794921875 0.01708984375 0.02490234375
0 0.4835205078125 0.491943359375 0.021728515625 0.0361328125
0 0.7459716796875 0.4898681640625 0.010498046875 0.013916015625
0 0.6712646484375 0.5006103515625 0.005126953125 0.009033203125
0 0.6962890625 0.500244140625 0.00390625 0.00927734375
