0 0.6041259765625 0.531005859375 0.025146484375 0.03125
0 0.6737060546875 0.6025390625 0.005615234375 0.00732421875
0 0.6737060546875 0.594482421875 0.006103515625 0.00634765625
0 0.4764404296875 0.5970458984375 0.004150390625 0.004638671875
0 0.7418212890625 0.589599609375 0.004638671875 0.00634765625
0 0.6602783203125 0.60107421875 0.005126953125 0.00732421875
0 0.6046142578125 0.504638671875 0.014404296875 0.01025390625
0 0.61474609375 0.6083984375 0.0107421875 0.01708984375
0 0.8209228515625 0.5482177734375 0.014404296875 0.017822265625
0 0.602783203125 0.5662841796875 0.0244140625 0.031982421875
0 0.8211669921875 0.5665283203125 0.014404296875 0.017822265625
0 0.8203125 0.5299072265625 0.01513671875 0.017822265625
0 0.757568359375 0.4874267578125 0.00927734375 0.011962890625
0 0.642333984375 0.5408935546875 0.00537109375 0.006591796875
0 0.6043701171875 0.6134033203125 0.025146484375 0.033447265625
0 0.6033935546875 0.4825439453125 0.023193359375 0.039794921875
0 0.6143798828125 0.5926513671875 0.009521484375 0.012939453125
