0 0.941650390625 0.2518310546875 0.10400390625 0.183349609375
0 0.5189208984375 0.670166015625 0.004150390625 0.0107421875
0 0.5418701171875 0.67431640625 0.005126953125 0.01220703125
0 0.782958984375 0.6099853515625 0.0126953125 0.015380859375
0 0.7822265625 0.590087890625 0.01416015625 0.02490234375
0 0.7818603515625 0.571044921875 0.013427734375 0.0146484375
0 0.2672119140625 0.6251220703125 0.005615234375 0.011962890625
0 0.267578125 0.6141357421875 0.0048828125 0.010986328125
0 0.2677001953125 0.6031494140625 0.005615234375 0.010009765625
0 0.2601318359375 0.6126708984375 0.004638671875 0.014892578125
0 0.2596435546875 0.624755859375 0.004150390625 0.0107421875
0 0.2601318359375 0.6019287109375 0.003662109375 0.008056640625
0 0.14306640625 0.6129150390625 0.0068359375 0.026611328125
0 0.1529541015625 0.6221923828125 0.014892578125 0.010498046875
0 0.7158203125 0.6378173828125 0.0302734375 0.011962890625
0 0.4571533203125 0.603271484375 0.015380859375 0.02392578125
0 0.4395751953125 0.5552978515625 0.022705078125 0.036376953125
0 0.4573974609375 0.5880126953125 0.016845703125 0.009521484375
0 0.668212890625 0.562744140625 0.025390625 0.04150390625
0 0.309326171875 0.340576171875 0.08056640625 0.13818359375
0 0.5379638671875 0.66748046875 0.010009765625 0.01025390625
0 0.5194091796875 0.6771240234375 0.003173828125 0.007080078125
