0 0.23876953125 0.2222900390625 0.03759765625 0.067626953125
0 0.4630126953125 0.369140625 0.031982421875 0.0322265625
0 0.3270263671875 0.4727783203125 0.005615234375 0.010009765625
0 0.4954833984375 0.458251953125 0.009521484375 0.015625
0 0.4962158203125 0.43896484375 0.013916015625 0.02294921875
0 0.2000732421875 0.47265625 0.006103515625 0.01025390625
0 0.382568359375 0.4786376953125 0.0126953125 0.006103515625
0 0.3436279296875 0.5018310546875 0.005126953125 0.004150390625
0 0.349609375 0.488525390625 0.0107421875 0.0087890625
0 0.334228515625 0.5018310546875 0.00341796875 0.006103515625
0 0.2744140625 0.495361328125 0.0029296875 0.00537109375
0 0.453125 0.36572265625 0.00732421875 0.01513671875
