0 0.9613037109375 0.271728515625 0.076904296875 0.109375
0 0.249267578125 0.4139404296875 0.0078125 0.010498046875
0 0.250244140625 0.4010009765625 0.01025390625 0.012939453125
0 0.013671875 0.29833984375 0.015625 0.0166015625
0 0.3612060546875 0.37744140625 0.015869140625 0.01318359375
0 0.12744140625 0.3802490234375 0.01220703125 0.025146484375
0 0.1292724609375 0.3619384765625 0.010498046875 0.012939453125
0 0.3419189453125 0.45068359375 0.004150390625 0.0166015625
0 0.32861328125 0.4097900390625 0.01171875 0.020751953125
0 0.0701904296875 0.3353271484375 0.011474609375 0.009033203125
