0 0.205078125 0.5391845703125 0.02099609375 0.027587890625
0 0.394775390625 0.5443115234375 0.0205078125 0.025634765625
0 0.6070556640625 0.5897216796875 0.005126953125 0.008544921875
0 0.598876953125 0.48486328125 0.02099609375 0.02783203125
0 0.80029296875 0.4844970703125 0.021484375 0.028076171875
0 0.914794921875 0.595703125 0.005859375 0.009765625
0 0.007080078125 0.4722900390625 0.013671875 0.028564453125
0 0.0916748046875 0.5538330078125 0.024658203125 0.029541015625
0 0.60546875 0.6121826171875 0.0048828125 0.009521484375
0 0.0054931640625 0.5362548828125 0.010986328125 0.028076171875
0 0.9959716796875 0.492431640625 0.007568359375 0.02880859375
0 0.6339111328125 0.6114501953125 0.005126953125 0.008544921875
0 0.478515625 0.60107421875 0.00390625 0.01123046875
