0 0.603515625 0.603515625 0.01904296875 0.02392578125
0 0.365478515625 0.6124267578125 0.01806640625 0.022705078125
0 0.404541015625 0.62060546875 0.0087890625 0.01123046875
0 0.360107421875 0.6192626953125 0.00634765625 0.010498046875
0 0.36474609375 0.632568359375 0.02099609375 0.01318359375
0 0.4044189453125 0.6318359375 0.007080078125 0.005859375
0 0.4560546875 0.616943359375 0.009765625 0.0205078125
0 0.6041259765625 0.6236572265625 0.021728515625 0.016357421875
0 0.4560546875 0.61328125 0.0068359375 0.009765625
0 0.3856201171875 0.6353759765625 0.017333984375 0.005615234375
0 0.4561767578125 0.6217041015625 0.005615234375 0.008056640625
