0 0.3211669921875 0.637939453125 0.024658203125 0.04052734375
0 0.3133544921875 0.666259765625 0.008544921875 0.02587890625
0 0.4583740234375 0.6519775390625 0.015380859375 0.025634765625
0 0.251220703125 0.587158203125 0.0283203125 0.052734375
0 0.9793701171875 0.60009765625 0.029541015625 0.0478515625
0 0.322509765625 0.5960693359375 0.0244140625 0.042236328125
0 0.454833984375 0.6734619140625 0.00927734375 0.016845703125
0 0.31005859375 0.6414794921875 0.02587890625 0.014404296875
0 0.5308837890625 0.6148681640625 0.010009765625 0.015380859375
0 0.5059814453125 0.692626953125 0.004638671875 0.0068359375
0 0.5404052734375 0.6142578125 0.009521484375 0.01513671875
0 0.5633544921875 0.6917724609375 0.002685546875 0.004638671875
0 0.5635986328125 0.6953125 0.002197265625 0.00244140625
