0 0.49462890625 0.4859619140625 0.01416015625 0.014892578125
0 0.2684326171875 0.35888671875 0.079345703125 0.0712890625
0 0.2371826171875 0.3145751953125 0.012939453125 0.017822265625
0 0.4119873046875 0.4849853515625 0.008544921875 0.017333984375
0 0.4910888671875 0.3743896484375 0.078369140625 0.084228515625
0 0.494873046875 0.4735107421875 0.0146484375 0.009033203125
0 0.24365234375 0.35595703125 0.0166015625 0.02392578125
0 0.2957763671875 0.4935302734375 0.004638671875 0.006103515625
0 0.3126220703125 0.487060546875 0.004638671875 0.0078125
0 0.3402099609375 0.481689453125 0.012451171875 0.01318359375
