0 0.85986328125 0.464599609375 0.009765625 0.02197265625
0 0.85986328125 0.48193359375 0.00830078125 0.0126953125
0 0.9140625 0.4991455078125 0.0107421875 0.007080078125
0 0.833984375 0.5081787109375 0.001953125 0.004150390625
0 0.0159912109375 0.5013427734375 0.002685546875 0.002197265625
0 0.736572265625 0.454833984375 0.00439453125 0.009765625
0 0.0362548828125 0.503173828125 0.009521484375 0.005859375
0 0.947509765625 0.4991455078125 0.00244140625 0.006591796875
0 0.2874755859375 0.466552734375 0.008056640625 0.01171875
0 0.4111328125 0.4263916015625 0.01318359375 0.029052734375
0 0.0157470703125 0.498046875 0.001708984375 0.00390625
0 0.28857421875 0.497314453125 0.00732421875 0.01513671875
0 0.5936279296875 0.4178466796875 0.009033203125 0.028076171875
0 0.01611328125 0.5054931640625 0.00244140625 0.004638671875
0 0.7330322265625 0.4478759765625 0.013916015625 0.028076171875
0 0.2874755859375 0.4500732421875 0.010009765625 0.019775390625
0 0.96728515625 0.5067138671875 0.00830078125 0.003662109375
0 0.8094482421875 0.5028076171875 0.003662109375 0.003662109375
