0 0.0684814453125 0.5537109375 0.007080078125 0.01611328125
0 0.800537109375 0.552490234375 0.00390625 0.01220703125
0 0.703857421875 0.5970458984375 0.0029296875 0.010009765625
0 0.4183349609375 0.5911865234375 0.002685546875 0.002685546875
0 0.068359375 0.55126953125 0.00537109375 0.00927734375
0 0.6497802734375 0.58984375 0.004638671875 0.00244140625
0 0.3800048828125 0.55224609375 0.007568359375 0.00830078125
0 0.800537109375 0.56298828125 0.0029296875 0.005859375
0 0.4134521484375 0.5908203125 0.013916015625 0.00439453125
0 0.4898681640625 0.5694580078125 0.010986328125 0.006591796875
0 0.3824462890625 0.5439453125 0.003173828125 0.0068359375
0 0.457763671875 0.593017578125 0.0048828125 0.00732421875
0 0.6497802734375 0.585693359375 0.004150390625 0.0048828125
0 0.4901123046875 0.5582275390625 0.010986328125 0.013916015625
0 0.5950927734375 0.53369140625 0.006103515625 0.00927734375
0 0.4749755859375 0.562255859375 0.014404296875 0.01513671875
0 0.5948486328125 0.5400390625 0.005615234375 0.00341796875
