0 0.11181640625 0.7491455078125 0.03466796875 0.014892578125
0 0.7757568359375 0.5015869140625 0.038818359375 0.056884765625
0 0.4739990234375 0.668212890625 0.023681640625 0.0302734375
0 0.474853515625 0.695556640625 0.0205078125 0.0263671875
0 0.38818359375 0.6231689453125 0.04248046875 0.025634765625
0 0.4473876953125 0.7156982421875 0.012939453125 0.035400390625
0 0.2041015625 0.764892578125 0.01171875 0.01513671875
0 0.093994140625 0.7431640625 0.0166015625 0.0205078125
0 0.010498046875 0.534423828125 0.02099609375 0.04248046875
0 0.7962646484375 0.45166015625 0.012451171875 0.0576171875
0 0.239013671875 0.77197265625 0.01171875 0.01513671875
0 0.2401123046875 0.7564697265625 0.013427734375 0.017333984375
