0 0.83203125 0.5498046875 0.005859375 0.009765625
0 0.947998046875 0.5538330078125 0.00927734375 0.023681640625
0 0.926513671875 0.56640625 0.0087890625 0.01123046875
0 0.9466552734375 0.547119140625 0.006103515625 0.00927734375
0 0.61962890625 0.56689453125 0.00634765625 0.0078125
0 0.91015625 0.5540771484375 0.00927734375 0.010986328125
0 0.51611328125 0.560302734375 0.0068359375 0.01123046875
0 0.831787109375 0.5531005859375 0.01123046875 0.018310546875
0 0.516357421875 0.5599365234375 0.00341796875 0.004638671875
0 0.9180908203125 0.582275390625 0.002685546875 0.00390625
0 0.9266357421875 0.57470703125 0.006103515625 0.0048828125
0 0.6478271484375 0.5706787109375 0.004150390625 0.010498046875
0 0.623046875 0.5723876953125 0.00341796875 0.007080078125
0 0.647705078125 0.568603515625 0.00390625 0.00439453125
0 0.591552734375 0.568359375 0.00244140625 0.00634765625
