0 0.7633056640625 0.50244140625 0.005126953125 0.00634765625
0 0.9454345703125 0.4705810546875 0.006591796875 0.008544921875
0 0.7962646484375 0.488525390625 0.005126953125 0.0068359375
0 0.7967529296875 0.495849609375 0.006103515625 0.005859375
0 0.597900390625 0.4876708984375 0.0126953125 0.017333984375
0 0.58447265625 0.516357421875 0.00244140625 0.0048828125
0 0.649658203125 0.509033203125 0.00390625 0.00830078125
0 0.521240234375 0.5179443359375 0.00390625 0.002197265625
0 0.7144775390625 0.4990234375 0.003662109375 0.00439453125
0 0.612548828125 0.51318359375 0.00341796875 0.0068359375
0 0.5211181640625 0.5135498046875 0.003662109375 0.005615234375
0 0.485595703125 0.508544921875 0.00927734375 0.0087890625
0 0.4866943359375 0.502685546875 0.005126953125 0.00244140625
