0 0.8544921875 0.573486328125 0.029296875 0.0732421875
0 0.538330078125 0.66064453125 0.0078125 0.01318359375
0 0.53271484375 0.650634765625 0.0087890625 0.01318359375
0 0.5740966796875 0.64306640625 0.013427734375 0.0244140625
0 0.57470703125 0.65869140625 0.0068359375 0.00634765625
0 0.5328369140625 0.6605224609375 0.004150390625 0.004150390625
0 0.3887939453125 0.637451171875 0.010009765625 0.00439453125
0 0.576416015625 0.6512451171875 0.00390625 0.007080078125
0 0.5965576171875 0.6470947265625 0.008056640625 0.018798828125
0 0.38916015625 0.6309814453125 0.00537109375 0.003173828125
