0 0.4110107421875 0.326416015625 0.040771484375 0.0224609375
0 0.0633544921875 0.398681640625 0.004638671875 0.00537109375
0 0.5111083984375 0.4095458984375 0.010498046875 0.015869140625
0 0.611328125 0.4027099609375 0.0078125 0.012939453125
0 0.87060546875 0.3970947265625 0.00537109375 0.012451171875
0 0.523681640625 0.4046630859375 0.0068359375 0.012451171875
0 0.427734375 0.3765869140625 0.02587890625 0.034423828125
0 0.063720703125 0.3988037109375 0.03515625 0.050537109375
0 0.017578125 0.4207763671875 0.0078125 0.009521484375
0 0.017578125 0.4306640625 0.00634765625 0.0087890625
0 0.634521484375 0.39990234375 0.00634765625 0.01123046875
0 0.9814453125 0.3675537109375 0.0048828125 0.003662109375
0 0.410888671875 0.3792724609375 0.0400390625 0.014892578125
0 0.4107666015625 0.3629150390625 0.040283203125 0.016357421875
0 0.4110107421875 0.346435546875 0.040771484375 0.01611328125
0 0.05712890625 0.3917236328125 0.0048828125 0.006103515625
0 0.057373046875 0.4173583984375 0.00537109375 0.007080078125
