0 0.5465087890625 0.4002685546875 0.037353515625 0.033447265625
0 0.3021240234375 0.5045166015625 0.019287109375 0.003173828125
0 0.536865234375 0.5330810546875 0.00732421875 0.006591796875
0 0.594482421875 0.4849853515625 0.04052734375 0.028076171875
0 0.5875244140625 0.5052490234375 0.010009765625 0.024169921875
0 0.611572265625 0.482177734375 0.01318359375 0.01806640625
0 0.1519775390625 0.48046875 0.011962890625 0.01220703125
0 0.158935546875 0.498779296875 0.00390625 0.0068359375
0 0.155517578125 0.5079345703125 0.01123046875 0.011474609375
0 0.08056640625 0.515625 0.00634765625 0.00830078125
0 0.633544921875 0.5062255859375 0.0146484375 0.010498046875
0 0.587890625 0.5 0.00830078125 0.01025390625
