0 0.478271484375 0.673828125 0.01171875 0.015625
0 0.32861328125 0.63916015625 0.00341796875 0.005859375
0 0.478759765625 0.6534423828125 0.0185546875 0.025634765625
0 0.30615234375 0.64794921875 0.005859375 0.0087890625
0 0.37158203125 0.6412353515625 0.00244140625 0.005126953125
0 0.4224853515625 0.660400390625 0.011962890625 0.015625
0 0.3182373046875 0.6395263671875 0.004150390625 0.006591796875
0 0.3038330078125 0.64208984375 0.004150390625 0.0068359375
0 0.3485107421875 0.6392822265625 0.003173828125 0.005615234375
0 0.3062744140625 0.638916015625 0.003662109375 0.0068359375
