0 0.4930419921875 0.6552734375 0.007568359375 0.00830078125
0 0.496826171875 0.63671875 0.00732421875 0.01171875
0 0.493408203125 0.6444091796875 0.00830078125 0.011474609375
0 0.4970703125 0.62451171875 0.00830078125 0.01220703125
0 0.522705078125 0.6383056640625 0.01025390625 0.014892578125
0 0.6744384765625 0.5999755859375 0.011962890625 0.028076171875
0 0.6767578125 0.5711669921875 0.02197265625 0.029052734375
0 0.333740234375 0.63134765625 0.00341796875 0.0126953125
0 0.3115234375 0.627685546875 0.0029296875 0.01171875
0 0.3115234375 0.6370849609375 0.0029296875 0.008544921875
0 0.677490234375 0.6214599609375 0.00439453125 0.014404296875
