0 0.287109375 0.4942626953125 0.01806640625 0.024658203125
0 0.4969482421875 0.4747314453125 0.023681640625 0.028564453125
0 0.394775390625 0.48583984375 0.00537109375 0.00732421875
0 0.451416015625 0.48291015625 0.005859375 0.0078125
0 0.418212890625 0.544189453125 0.00439453125 0.005859375
0 0.4971923828125 0.4947509765625 0.020751953125 0.010498046875
0 0.3333740234375 0.5550537109375 0.008544921875 0.013427734375
0 0.2972412109375 0.5111083984375 0.004638671875 0.008056640625
0 0.40185546875 0.5308837890625 0.0048828125 0.006591796875
0 0.4925537109375 0.4991455078125 0.012939453125 0.016845703125
0 0.4761962890625 0.54833984375 0.007080078125 0.013671875
0 0.3194580078125 0.5262451171875 0.005126953125 0.004150390625
0 0.4576416015625 0.5274658203125 0.004638671875 0.005615234375
0 0.3189697265625 0.5196533203125 0.005126953125 0.007568359375
0 0.3145751953125 0.54736328125 0.012451171875 0.0087890625
