0 0.906982421875 0.68017578125 0.01220703125 0.01513671875
0 0.318603515625 0.635986328125 0.005859375 0.015625
0 0.351318359375 0.651123046875 0.00634765625 0.009765625
0 0.4500732421875 0.6453857421875 0.003662109375 0.005615234375
0 0.2064208984375 0.6348876953125 0.010498046875 0.008056640625
0 0.4239501953125 0.626953125 0.004638671875 0.0068359375
0 0.8284912109375 0.5615234375 0.042236328125 0.025390625
0 0.423583984375 0.634765625 0.0048828125 0.00732421875
0 0.5635986328125 0.653564453125 0.005615234375 0.0068359375
0 0.450439453125 0.639404296875 0.00390625 0.00634765625
0 0.5648193359375 0.636962890625 0.003662109375 0.0068359375
0 0.9066162109375 0.6859130859375 0.017333984375 0.033935546875
0 0.552734375 0.62841796875 0.0068359375 0.00439453125
0 0.82861328125 0.517822265625 0.041015625 0.05615234375
0 0.56396484375 0.64453125 0.0048828125 0.005859375
0 0.5438232421875 0.6199951171875 0.006591796875 0.008544921875
0 0.5517578125 0.61962890625 0.01171875 0.013671875
0 0.7459716796875 0.6221923828125 0.010009765625 0.012939453125
0 0.5430908203125 0.6324462890625 0.009033203125 0.011962890625
0 0.25 0.6351318359375 0.017578125 0.004638671875
0 0.5419921875 0.643310546875 0.0087890625 0.01171875
0 0.641357421875 0.5716552734375 0.02392578125 0.030029296875
0 0.369873046875 0.4676513671875 0.01513671875 0.020263671875
0 0.427001953125 0.6427001953125 0.00927734375 0.004150390625
