0 0.70263671875 0.28662109375 0.02880859375 0.05810546875
0 0.66259765625 0.3128662109375 0.01123046875 0.014892578125
0 0.5447998046875 0.3343505859375 0.011962890625 0.016357421875
0 0.654296875 0.3253173828125 0.00732421875 0.010009765625
0 0.9000244140625 0.3212890625 0.030029296875 0.0244140625
0 0.4530029296875 0.33154296875 0.029541015625 0.01220703125
0 0.484130859375 0.350341796875 0.01123046875 0.00830078125
0 0.66259765625 0.3231201171875 0.00439453125 0.004150390625
0 0.669677734375 0.31884765625 0.00537109375 0.00634765625
0 0.4605712890625 0.3240966796875 0.007568359375 0.002685546875
0 0.4451904296875 0.32470703125 0.007568359375 0.0029296875
0 0.458251953125 0.3472900390625 0.005859375 0.002685546875
