0 0.044189453125 0.5107421875 0.00537109375 0.01806640625
0 0.35400390625 0.4864501953125 0.005859375 0.010986328125
0 0.3616943359375 0.4857177734375 0.005615234375 0.010498046875
0 0.3690185546875 0.4852294921875 0.005615234375 0.010498046875
0 0.349853515625 0.4610595703125 0.01220703125 0.019775390625
0 0.3642578125 0.4598388671875 0.01220703125 0.020751953125
0 0.373779296875 0.4638671875 0.00537109375 0.009765625
0 0.3831787109375 0.4591064453125 0.011962890625 0.020751953125
0 0.3970947265625 0.4578857421875 0.012451171875 0.020263671875
0 0.2847900390625 0.498291015625 0.007080078125 0.0048828125
0 0.286376953125 0.505126953125 0.009765625 0.0107421875
0 0.2861328125 0.5150146484375 0.0107421875 0.010009765625
0 0.3321533203125 0.4168701171875 0.022705078125 0.042236328125
0 0.360107421875 0.4156494140625 0.02294921875 0.041748046875
0 0.0870361328125 0.5198974609375 0.003173828125 0.007080078125
0 0.01123046875 0.517333984375 0.0068359375 0.01318359375
0 0.2896728515625 0.5150146484375 0.002685546875 0.005126953125
0 0.2894287109375 0.5052490234375 0.003662109375 0.010009765625
