0 0.5137939453125 0.7122802734375 0.006103515625 0.009033203125
0 0.7352294921875 0.7152099609375 0.014404296875 0.012451171875
0 0.6993408203125 0.67041015625 0.017822265625 0.01220703125
0 0.5203857421875 0.7044677734375 0.008056640625 0.010009765625
0 0.7342529296875 0.679931640625 0.017333984375 0.01171875
0 0.5201416015625 0.714599609375 0.002685546875 0.00927734375
0 0.7010498046875 0.715576171875 0.017333984375 0.01220703125
0 0.735107421875 0.697021484375 0.017578125 0.02392578125
0 0.6669921875 0.6788330078125 0.0166015625 0.012451171875
0 0.6671142578125 0.7142333984375 0.014892578125 0.014404296875
0 0.699951171875 0.703857421875 0.0166015625 0.01123046875
0 0.699462890625 0.687255859375 0.017578125 0.0205078125
0 0.6671142578125 0.6959228515625 0.017333984375 0.022216796875
