0 0.5093994140625 0.3380126953125 0.010009765625 0.015380859375
0 0.477294921875 0.0185546875 0.01708984375 0.037109375
0 0.4644775390625 0.3365478515625 0.008544921875 0.014404296875
0 0.4788818359375 0.307373046875 0.018310546875 0.02880859375
0 0.4991455078125 0.2705078125 0.018798828125 0.029296875
0 0.4569091796875 0.3072509765625 0.017822265625 0.029052734375
0 0.501708984375 0.3079833984375 0.01806640625 0.029541015625
0 0.47607421875 0.271240234375 0.0185546875 0.02978515625
0 0.4534912109375 0.2711181640625 0.018310546875 0.028564453125
0 0.4541015625 0.3365478515625 0.00927734375 0.014892578125
0 0.4754638671875 0.3372802734375 0.008544921875 0.013916015625
0 0.4979248046875 0.33740234375 0.008544921875 0.015625
0 0.4862060546875 0.3367919921875 0.008544921875 0.014892578125
