0 0.0306396484375 0.75048828125 0.026611328125 0.03173828125
0 0.72900390625 0.5394287109375 0.013671875 0.012939453125
0 0.878662109375 0.4949951171875 0.04931640625 0.057861328125
0 0.9915771484375 0.51220703125 0.016357421875 0.02001953125
0 0.2587890625 0.5068359375 0.0126953125 0.0283203125
0 0.732177734375 0.5179443359375 0.02099609375 0.027099609375
0 0.2667236328125 0.5020751953125 0.007568359375 0.028564453125
0 0.6961669921875 0.5408935546875 0.004150390625 0.005126953125
0 0.9903564453125 0.4617919921875 0.017333984375 0.020263671875
0 0.44140625 0.6175537109375 0.00634765625 0.004638671875
0 0.259765625 0.5263671875 0.01123046875 0.009765625
0 0.259765625 0.537109375 0.00830078125 0.009765625
0 0.9906005859375 0.4166259765625 0.018310546875 0.021240234375
0 0.9903564453125 0.4404296875 0.018798828125 0.02001953125
0 0.4417724609375 0.612548828125 0.005615234375 0.0068359375
0 0.4056396484375 0.5098876953125 0.013427734375 0.044189453125
0 0.990478515625 0.486572265625 0.01611328125 0.017578125
0 0.0299072265625 0.772705078125 0.031494140625 0.0166015625
0 0.2652587890625 0.5218505859375 0.006103515625 0.011474609375
0 0.4295654296875 0.4737548828125 0.011962890625 0.005615234375
0 0.9141845703125 0.4705810546875 0.016845703125 0.011962890625
