0 0.1051025390625 0.2725830078125 0.018798828125 0.045166015625
0 0.07763671875 0.2735595703125 0.02880859375 0.047607421875
0 0.43017578125 0.4359130859375 0.0263671875 0.020751953125
0 0.0982666015625 0.3048095703125 0.020751953125 0.030517578125
0 0.0657958984375 0.2271728515625 0.006591796875 0.047607421875
0 0.3946533203125 0.4586181640625 0.020751953125 0.044677734375
0 0.3935546875 0.4974365234375 0.0126953125 0.035400390625
0 0.76513671875 0.4873046875 0.01123046875 0.052734375
0 0.39599609375 0.420166015625 0.0126953125 0.03515625
0 0.408447265625 0.4345703125 0.0166015625 0.0263671875
0 0.966064453125 0.3328857421875 0.0419921875 0.027099609375
0 0.9151611328125 0.306396484375 0.041748046875 0.05615234375
0 0.9658203125 0.2908935546875 0.041015625 0.057373046875
