0 0.349609375 0.4925537109375 0.0361328125 0.050537109375
0 0.3499755859375 0.5592041015625 0.034912109375 0.027587890625
0 0.7099609375 0.6380615234375 0.01416015625 0.018798828125
0 0.70849609375 0.6136474609375 0.0107421875 0.008056640625
0 0.349609375 0.530517578125 0.037109375 0.02880859375
0 0.73828125 0.6220703125 0.0498046875 0.03466796875
0 0.708984375 0.6220703125 0.01123046875 0.00830078125
0 0.921630859375 0.6334228515625 0.00732421875 0.004150390625
0 0.707275390625 0.6021728515625 0.01123046875 0.013916015625
0 0.732177734375 0.6134033203125 0.0068359375 0.009521484375
0 0.7471923828125 0.630615234375 0.007568359375 0.01025390625
0 0.1505126953125 0.705322265625 0.008056640625 0.01953125
0 0.7225341796875 0.631591796875 0.007568359375 0.009765625
0 0.7421875 0.6134033203125 0.0078125 0.009521484375
0 0.73486328125 0.6309814453125 0.01123046875 0.010009765625
0 0.9215087890625 0.6265869140625 0.007080078125 0.008056640625
