0 0.9417724609375 0.3948974609375 0.077880859375 0.054443359375
0 0.2969970703125 0.505859375 0.004638671875 0.00634765625
0 0.521728515625 0.4776611328125 0.0048828125 0.007568359375
0 0.6063232421875 0.4815673828125 0.002685546875 0.006103515625
0 0.495361328125 0.4681396484375 0.00341796875 0.003173828125
0 0.501220703125 0.4658203125 0.00390625 0.00341796875
0 0.5693359375 0.46240234375 0.00390625 0.0068359375
0 0.4893798828125 0.4512939453125 0.005615234375 0.003173828125
0 0.5692138671875 0.461669921875 0.003662109375 0.005859375
0 0.6678466796875 0.4434814453125 0.026611328125 0.035888671875
0 0.9373779296875 0.3468017578125 0.075439453125 0.057373046875
0 0.478759765625 0.43798828125 0.00732421875 0.01220703125
0 0.932861328125 0.2760009765625 0.08056640625 0.104248046875
0 0.5770263671875 0.4649658203125 0.012939453125 0.017333984375
0 0.510498046875 0.4351806640625 0.0234375 0.006591796875
0 0.5086669921875 0.47216796875 0.003662109375 0.00634765625
0 0.260986328125 0.5015869140625 0.00341796875 0.007080078125
