0 0.5108642578125 0.5399169921875 0.012939453125 0.016357421875
0 0.2935791015625 0.5447998046875 0.016845703125 0.021728515625
0 0.8199462890625 0.1444091796875 0.200439453125 0.093017578125
0 0.8192138671875 0.2327880859375 0.208740234375 0.097412109375
0 0.3712158203125 0.031982421875 0.049560546875 0.0341796875
0 0.5106201171875 0.5509033203125 0.013427734375 0.005615234375
0 0.2412109375 0.5477294921875 0.00537109375 0.007568359375
0 0.916015625 0.559326171875 0.0185546875 0.02734375
0 0.2930908203125 0.55859375 0.015869140625 0.0078125
0 0.4306640625 0.5440673828125 0.0087890625 0.011962890625
