0 0.14453125 0.480224609375 0.0048828125 0.009765625
0 0.6610107421875 0.486083984375 0.009521484375 0.01806640625
0 0.3848876953125 0.4976806640625 0.005126953125 0.015869140625
0 0.1160888671875 0.5 0.002197265625 0.0048828125
0 0.148193359375 0.495849609375 0.00146484375 0.0048828125
0 0.3846435546875 0.520263671875 0.006591796875 0.00634765625
0 0.2393798828125 0.490966796875 0.003662109375 0.01220703125
0 0.384765625 0.5142822265625 0.00732421875 0.005615234375
0 0.5015869140625 0.494384765625 0.002685546875 0.0087890625
0 0.384521484375 0.5087890625 0.00537109375 0.005859375
0 0.1533203125 0.492919921875 0.00341796875 0.00732421875
0 0.1680908203125 0.490234375 0.004150390625 0.0087890625
0 0.5301513671875 0.4981689453125 0.001220703125 0.006103515625
0 0.0572509765625 0.46240234375 0.001708984375 0.0126953125
