0 0.44921875 0.35791015625 0.03466796875 0.03271484375
0 0.385986328125 0.4644775390625 0.00341796875 0.006103515625
0 0.4290771484375 0.4586181640625 0.003173828125 0.006591796875
0 0.40625 0.4622802734375 0.00341796875 0.006103515625
0 0.372802734375 0.462890625 0.00390625 0.00732421875
0 0.366943359375 0.46337890625 0.00634765625 0.0107421875
0 0.3665771484375 0.47412109375 0.006591796875 0.0126953125
0 0.27392578125 0.4779052734375 0.01806640625 0.031494140625
0 0.51025390625 0.476806640625 0.01123046875 0.01953125
0 0.43603515625 0.4654541015625 0.00439453125 0.005615234375
