0 0.575927734375 0.3818359375 0.02783203125 0.0732421875
0 0.5477294921875 0.4080810546875 0.021728515625 0.034912109375
0 0.5758056640625 0.3670654296875 0.017822265625 0.027587890625
0 0.3917236328125 0.4202880859375 0.005126953125 0.010009765625
0 0.42529296875 0.4241943359375 0.00732421875 0.013916015625
0 0.5064697265625 0.421875 0.010498046875 0.021484375
0 0.3970947265625 0.4102783203125 0.016357421875 0.015869140625
0 0.5482177734375 0.43115234375 0.018798828125 0.009765625
0 0.46337890625 0.423828125 0.00830078125 0.017578125
0 0.401123046875 0.4207763671875 0.00634765625 0.009033203125
