0 0.4398193359375 0.6131591796875 0.018310546875 0.023193359375
0 0.3846435546875 0.6343994140625 0.014892578125 0.012451171875
0 0.2498779296875 0.668701171875 0.005615234375 0.00830078125
0 0.30029296875 0.6673583984375 0.00537109375 0.006103515625
0 0.26123046875 0.672607421875 0.0048828125 0.00732421875
0 0.371337890625 0.6612548828125 0.00634765625 0.008056640625
0 0.300048828125 0.6754150390625 0.00390625 0.010986328125
0 0.37109375 0.640869140625 0.00634765625 0.00927734375
0 0.3021240234375 0.6474609375 0.008056640625 0.01123046875
0 0.3707275390625 0.6322021484375 0.006103515625 0.010009765625
