0 0.2784423828125 0.6954345703125 0.014404296875 0.019287109375
0 0.276611328125 0.7149658203125 0.0146484375 0.018798828125
0 0.29150390625 0.7308349609375 0.00537109375 0.008056640625
0 0.329345703125 0.7337646484375 0.00537109375 0.008544921875
0 0.3564453125 0.736083984375 0.00537109375 0.0087890625
0 0.36376953125 0.7266845703125 0.0048828125 0.009521484375
0 0.3818359375 0.7374267578125 0.00537109375 0.008544921875
0 0.40576171875 0.7410888671875 0.00537109375 0.009521484375
0 0.4244384765625 0.744140625 0.010498046875 0.013671875
0 0.423828125 0.7593994140625 0.0107421875 0.015380859375
0 0.4627685546875 0.7432861328125 0.007568359375 0.010498046875
