0 0.753662109375 0.70263671875 0.00927734375 0.01220703125
0 0.545654296875 0.7142333984375 0.0078125 0.010498046875
0 0.425537109375 0.6849365234375 0.01318359375 0.022705078125
0 0.605224609375 0.707275390625 0.00439453125 0.00634765625
0 0.7591552734375 0.703857421875 0.021728515625 0.02197265625
0 0.5987548828125 0.696044921875 0.004638671875 0.005859375
0 0.6048583984375 0.69189453125 0.006591796875 0.0087890625
0 0.5418701171875 0.7177734375 0.017333984375 0.0185546875
0 0.836181640625 0.7056884765625 0.00732421875 0.010009765625
0 0.577880859375 0.68798828125 0.01123046875 0.01123046875
0 0.60302734375 0.70947265625 0.009765625 0.01025390625
