0 0.587158203125 0.523681640625 0.0234375 0.03125
0 0.5848388671875 0.49169921875 0.014892578125 0.0234375
0 0.8692626953125 0.523193359375 0.061767578125 0.02099609375
0 0.5181884765625 0.520751953125 0.008056640625 0.01171875
0 0.518798828125 0.545166015625 0.0078125 0.0126953125
0 0.4879150390625 0.560302734375 0.002685546875 0.0048828125
0 0.43212890625 0.573974609375 0.00390625 0.00732421875
0 0.4322509765625 0.5872802734375 0.002685546875 0.008544921875
0 0.5185546875 0.53271484375 0.00634765625 0.01220703125
0 0.5872802734375 0.544921875 0.012939453125 0.0078125
