0 0.1612548828125 0.654296875 0.023193359375 0.01220703125
0 0.747314453125 0.6488037109375 0.04296875 0.023193359375
0 0.7274169921875 0.665283203125 0.013427734375 0.0068359375
0 0.67626953125 0.6602783203125 0.01708984375 0.021240234375
0 0.71533203125 0.6666259765625 0.0087890625 0.007568359375
0 0.6766357421875 0.6595458984375 0.005126953125 0.006103515625
0 0.630615234375 0.67529296875 0.0029296875 0.0078125
0 0.75341796875 0.64306640625 0.01123046875 0.02880859375
0 0.6441650390625 0.6763916015625 0.004150390625 0.004150390625
0 0.6484375 0.6824951171875 0.0078125 0.009033203125
0 0.714111328125 0.6348876953125 0.01025390625 0.007568359375
0 0.7142333984375 0.641845703125 0.010498046875 0.005859375
0 0.6444091796875 0.671630859375 0.005126953125 0.00537109375
0 0.643798828125 0.6649169921875 0.00537109375 0.009521484375
0 0.7144775390625 0.6475830078125 0.010498046875 0.006591796875
0 0.71484375 0.6563720703125 0.0107421875 0.013427734375
