0 0.6900634765625 0.3551025390625 0.046142578125 0.094970703125
0 0.66943359375 0.5653076171875 0.0263671875 0.079833984375
0 0.6947021484375 0.2645263671875 0.050048828125 0.093994140625
0 0.5758056640625 0.513671875 0.011962890625 0.03857421875
0 0.5526123046875 0.497314453125 0.008544921875 0.025390625
0 0.564697265625 0.4935302734375 0.00732421875 0.023681640625
0 0.5443115234375 0.452880859375 0.011474609375 0.00634765625
0 0.3505859375 0.4886474609375 0.0087890625 0.029541015625
0 0.2734375 0.501708984375 0.0126953125 0.03955078125
0 0.68798828125 0.4205322265625 0.009765625 0.015869140625
0 0.4908447265625 0.4337158203125 0.016357421875 0.018798828125
0 0.3365478515625 0.492919921875 0.010009765625 0.03076171875
0 0.756591796875 0.4451904296875 0.02001953125 0.027587890625
