0 0.517822265625 0.640625 0.02001953125 0.0361328125
0 0.80224609375 0.6964111328125 0.01708984375 0.010498046875
0 0.615478515625 0.6651611328125 0.005859375 0.014404296875
0 0.3800048828125 0.602783203125 0.032958984375 0.0615234375
0 0.8233642578125 0.7066650390625 0.002685546875 0.007568359375
0 0.610107421875 0.66357421875 0.00537109375 0.01513671875
0 0.6707763671875 0.677978515625 0.003662109375 0.01123046875
0 0.67431640625 0.677978515625 0.0029296875 0.01025390625
0 0.8782958984375 0.7252197265625 0.009033203125 0.008056640625
0 0.65283203125 0.6827392578125 0.0078125 0.015869140625
0 0.6046142578125 0.99560546875 0.005615234375 0.0078125
0 0.435791015625 0.712158203125 0.0341796875 0.0546875
0 0.6754150390625 0.7203369140625 0.010009765625 0.016357421875
0 0.3812255859375 0.5936279296875 0.022705078125 0.031494140625
0 0.8038330078125 0.726806640625 0.008056640625 0.0126953125
0 0.877685546875 0.7135009765625 0.01171875 0.014404296875
0 0.5966796875 0.718994140625 0.00732421875 0.02685546875
0 0.6893310546875 0.5152587890625 0.044189453125 0.023193359375
0 0.9844970703125 0.721435546875 0.012939453125 0.00830078125
