0 0.59765625 0.71435546875 0.0185546875 0.0263671875
0 0.258056640625 0.7662353515625 0.00830078125 0.011962890625
0 0.7935791015625 0.687255859375 0.057861328125 0.06787109375
0 0.2791748046875 0.7877197265625 0.007080078125 0.012939453125
0 0.3203125 0.7645263671875 0.01171875 0.014404296875
0 0.4808349609375 0.73681640625 0.031005859375 0.01611328125
0 0.3773193359375 0.7767333984375 0.051025390625 0.022705078125
0 0.5997314453125 0.750244140625 0.019287109375 0.009765625
0 0.5992431640625 0.7421875 0.018798828125 0.0087890625
0 0.377685546875 0.7633056640625 0.01171875 0.006591796875
0 0.2579345703125 0.7733154296875 0.010009765625 0.012939453125
0 0.5986328125 0.7315673828125 0.01806640625 0.014404296875
0 0.489990234375 0.736328125 0.00634765625 0.009765625
0 0.2344970703125 0.7724609375 0.008056640625 0.01318359375
