0 0.35302734375 0.4896240234375 0.01025390625 0.014404296875
0 0.31982421875 0.410400390625 0.01416015625 0.02001953125
0 0.3526611328125 0.5196533203125 0.011962890625 0.014404296875
0 0.3531494140625 0.5040283203125 0.010009765625 0.013427734375
0 0.4871826171875 0.5030517578125 0.027099609375 0.019287109375
0 0.740478515625 0.4814453125 0.13330078125 0.0419921875
0 0.6856689453125 0.4898681640625 0.005126953125 0.007568359375
0 0.3521728515625 0.5445556640625 0.009521484375 0.034912109375
0 0.3238525390625 0.5062255859375 0.003173828125 0.005126953125
0 0.3206787109375 0.4254150390625 0.014892578125 0.010498046875
0 0.340087890625 0.5069580078125 0.00390625 0.004638671875
