0 0.4666748046875 0.519287109375 0.036376953125 0.0146484375
0 0.51904296875 0.52685546875 0.0087890625 0.0146484375
0 0.533935546875 0.5335693359375 0.00341796875 0.011474609375
0 0.5479736328125 0.53515625 0.004150390625 0.0146484375
0 0.5721435546875 0.53076171875 0.010986328125 0.02294921875
0 0.589599609375 0.52734375 0.00732421875 0.02880859375
0 0.4385986328125 0.53515625 0.003662109375 0.00732421875
0 0.4312744140625 0.5301513671875 0.009521484375 0.021240234375
0 0.513427734375 0.53759765625 0.0029296875 0.0048828125
0 0.817138671875 0.476806640625 0.02392578125 0.04638671875
0 0.192626953125 0.4368896484375 0.02587890625 0.050048828125
