0 0.358154296875 0.592041015625 0.01806640625 0.0302734375
0 0.359375 0.509521484375 0.01708984375 0.029296875
0 0.359130859375 0.539306640625 0.0185546875 0.02978515625
0 0.5972900390625 0.569580078125 0.027587890625 0.0615234375
0 0.8116455078125 0.5751953125 0.032958984375 0.052734375
0 0.3577880859375 0.613525390625 0.016845703125 0.0126953125
0 0.3577880859375 0.6278076171875 0.016845703125 0.012939453125
0 0.3587646484375 0.563232421875 0.016845703125 0.01806640625
0 0.357421875 0.6429443359375 0.01708984375 0.014404296875
0 0.0244140625 0.6494140625 0.0048828125 0.0107421875
0 0.0660400390625 0.6358642578125 0.002685546875 0.011962890625
0 0.0653076171875 0.6585693359375 0.003173828125 0.005126953125
0 0.0657958984375 0.64892578125 0.003662109375 0.01318359375
