0 0.4068603515625 0.3387451171875 0.028076171875 0.047607421875
0 0.9530029296875 0.3035888671875 0.021728515625 0.017822265625
0 0.951904296875 0.2830810546875 0.01953125 0.019287109375
0 0.9083251953125 0.2947998046875 0.020263671875 0.019775390625
0 0.9520263671875 0.2642822265625 0.020751953125 0.021728515625
0 0.906982421875 0.2646484375 0.02099609375 0.0146484375
0 0.95361328125 0.315185546875 0.02099609375 0.00732421875
0 0.908447265625 0.308349609375 0.0224609375 0.01025390625
0 0.2183837890625 0.3753662109375 0.012451171875 0.019287109375
0 0.1484375 0.393310546875 0.01123046875 0.01904296875
0 0.1473388671875 0.3814697265625 0.009521484375 0.006591796875
0 0.8358154296875 0.2508544921875 0.030517578125 0.041748046875
0 0.3575439453125 0.3626708984375 0.043212890625 0.071533203125
0 0.8193359375 0.158203125 0.044921875 0.03125
0 0.8292236328125 0.2796630859375 0.032470703125 0.054443359375
0 0.2158203125 0.3599853515625 0.01171875 0.008544921875
0 0.908203125 0.2789306640625 0.02294921875 0.017822265625
