0 0.750732421875 0.6810302734375 0.02734375 0.033447265625
0 0.2479248046875 0.7108154296875 0.009521484375 0.010986328125
0 0.9898681640625 0.6385498046875 0.019775390625 0.046630859375
0 0.988037109375 0.59228515625 0.0234375 0.04052734375
0 0.3101806640625 0.6724853515625 0.022216796875 0.006103515625
0 0.0872802734375 0.677734375 0.020263671875 0.037109375
0 0.6431884765625 0.7177734375 0.008544921875 0.01171875
0 0.08740234375 0.669677734375 0.01416015625 0.017578125
0 0.47314453125 0.7293701171875 0.00537109375 0.003173828125
0 0.087158203125 0.685546875 0.01806640625 0.0078125
0 0.9864501953125 0.5838623046875 0.014892578125 0.018310546875
0 0.487060546875 0.7330322265625 0.00341796875 0.006103515625
0 0.99072265625 0.6480712890625 0.01708984375 0.017333984375
0 0.9884033203125 0.6024169921875 0.020263671875 0.008056640625
0 0.991455078125 0.6270751953125 0.015625 0.019287109375
0 0.4385986328125 0.716796875 0.003173828125 0.009765625
0 0.4388427734375 0.7147216796875 0.003173828125 0.004150390625
