0 0.32861328125 0.5396728515625 0.0078125 0.010986328125
0 0.6268310546875 0.525390625 0.013916015625 0.01904296875
0 0.3834228515625 0.5245361328125 0.014892578125 0.020263671875
0 0.26513671875 0.550537109375 0.00927734375 0.01025390625
0 0.4844970703125 0.4814453125 0.014404296875 0.01123046875
0 0.5006103515625 0.4647216796875 0.024169921875 0.010009765625
0 0.5379638671875 0.46142578125 0.050048828125 0.0126953125
0 0.4761962890625 0.4666748046875 0.024658203125 0.010498046875
0 0.4764404296875 0.4591064453125 0.013916015625 0.006591796875
0 0.45068359375 0.4686279296875 0.0263671875 0.009033203125
0 0.4190673828125 0.5355224609375 0.006103515625 0.006591796875
