0 0.5386962890625 0.5218505859375 0.019287109375 0.039794921875
0 0.3597412109375 0.6429443359375 0.047119140625 0.022705078125
0 0.399658203125 0.6416015625 0.0078125 0.0400390625
0 0.4124755859375 0.63916015625 0.006103515625 0.03515625
0 0.4267578125 0.6356201171875 0.00439453125 0.026123046875
0 0.439697265625 0.63232421875 0.0029296875 0.01416015625
0 0.4764404296875 0.631591796875 0.002197265625 0.01953125
0 0.484619140625 0.63330078125 0.00341796875 0.0224609375
0 0.4359130859375 0.6319580078125 0.003173828125 0.018798828125
0 0.5133056640625 0.6348876953125 0.006591796875 0.052001953125
