0 0.7586669921875 0.572265625 0.109130859375 0.07861328125
0 0.54736328125 0.6353759765625 0.0087890625 0.006103515625
0 0.5660400390625 0.68115234375 0.014404296875 0.00439453125
0 0.54345703125 0.660400390625 0.00830078125 0.005859375
0 0.552490234375 0.659423828125 0.0087890625 0.005859375
0 0.49951171875 0.678466796875 0.00244140625 0.00439453125
0 0.5111083984375 0.6820068359375 0.006103515625 0.007568359375
0 0.43310546875 0.6497802734375 0.00634765625 0.010498046875
0 0.543701171875 0.6680908203125 0.01025390625 0.010009765625
0 0.5479736328125 0.642822265625 0.010009765625 0.01025390625
0 0.5479736328125 0.652099609375 0.007080078125 0.0068359375
0 0.54345703125 0.677001953125 0.0068359375 0.005859375
0 0.5533447265625 0.667724609375 0.010009765625 0.01025390625
0 0.5537109375 0.6759033203125 0.00634765625 0.006103515625
