0 0.2047119140625 0.191162109375 0.033935546875 0.0185546875
0 0.3812255859375 0.2344970703125 0.012451171875 0.014892578125
0 0.2716064453125 0.21044921875 0.023193359375 0.0166015625
0 0.0426025390625 0.1920166015625 0.006591796875 0.007568359375
0 0.0023193359375 0.185791015625 0.004638671875 0.03076171875
0 0.07080078125 0.1749267578125 0.01318359375 0.011474609375
0 0.263916015625 0.2320556640625 0.0048828125 0.016845703125
0 0.1932373046875 0.23974609375 0.006103515625 0.01904296875
0 0.20263671875 0.2265625 0.02001953125 0.01025390625
0 0.276611328125 0.233642578125 0.0048828125 0.01708984375
0 0.212890625 0.241455078125 0.0068359375 0.021484375
0 0.379638671875 0.208740234375 0.00537109375 0.00732421875
0 0.298583984375 0.2196044921875 0.00439453125 0.012451171875
0 0.2890625 0.2193603515625 0.00439453125 0.013427734375
0 0.379150390625 0.2152099609375 0.00341796875 0.005615234375
