0 0.47998046875 0.570068359375 0.02587890625 0.0458984375
0 0.508056640625 0.5732421875 0.02978515625 0.05224609375
0 0.5394287109375 0.3988037109375 0.011962890625 0.022216796875
0 0.5535888671875 0.3992919921875 0.011962890625 0.021728515625
0 0.353515625 0.4427490234375 0.0126953125 0.022216796875
0 0.324462890625 0.4744873046875 0.01025390625 0.017333984375
0 0.4495849609375 0.6634521484375 0.080322265625 0.077880859375
0 0.0650634765625 0.59765625 0.010986328125 0.02880859375
0 0.20751953125 0.642578125 0.015625 0.04833984375
0 0.5400390625 0.65576171875 0.07763671875 0.07958984375
