0 0.1441650390625 0.385009765625 0.028076171875 0.046875
0 0.055419921875 0.356689453125 0.01220703125 0.0205078125
0 0.34375 0.37353515625 0.02197265625 0.03955078125
0 0.0543212890625 0.3740234375 0.010498046875 0.015625
0 0.708740234375 0.44775390625 0.00830078125 0.013671875
0 0.7662353515625 0.39208984375 0.029052734375 0.0224609375
0 0.12646484375 0.3773193359375 0.00830078125 0.020751953125
0 0.1102294921875 0.3743896484375 0.009033203125 0.023681640625
0 0.7081298828125 0.4573974609375 0.005615234375 0.005615234375
0 0.0941162109375 0.361572265625 0.012939453125 0.03076171875
0 0.9814453125 0.0574951171875 0.03662109375 0.114990234375
0 0.82421875 0.4642333984375 0.00830078125 0.013427734375
0 0.1181640625 0.375732421875 0.00732421875 0.02197265625
0 0.7769775390625 0.3704833984375 0.047607421875 0.037353515625
0 0.345458984375 0.3365478515625 0.02197265625 0.034912109375
