0 0.5811767578125 0.253173828125 0.019775390625 0.0341796875
0 0.5826416015625 0.3653564453125 0.030517578125 0.058837890625
0 0.581298828125 0.3193359375 0.01513671875 0.03564453125
0 0.5821533203125 0.2667236328125 0.030517578125 0.066650390625
0 0.83203125 0.3800048828125 0.01025390625 0.046142578125
0 0.535400390625 0.441650390625 0.0146484375 0.0712890625
0 0.349365234375 0.480712890625 0.0166015625 0.0849609375
0 0.7567138671875 0.396240234375 0.010986328125 0.05517578125
0 0.665283203125 0.4151611328125 0.0126953125 0.058349609375
0 0.890869140625 0.3690185546875 0.0087890625 0.043701171875
0 0.0589599609375 0.5400390625 0.021240234375 0.1025390625
0 0.9365234375 0.357177734375 0.0087890625 0.0380859375
0 0.9727783203125 0.353271484375 0.008544921875 0.03369140625
