0 0.377685546875 0.2529296875 0.02587890625 0.0361328125
0 0.38232421875 0.225830078125 0.17431640625 0.12353515625
0 0.3671875 0.6202392578125 0.02001953125 0.028564453125
0 0.57861328125 0.2244873046875 0.13525390625 0.107666015625
0 0.5526123046875 0.5699462890625 0.008056640625 0.012451171875
0 0.6553955078125 0.609619140625 0.008056640625 0.017578125
0 0.3775634765625 0.221923828125 0.018798828125 0.025390625
0 0.3768310546875 0.196533203125 0.020263671875 0.025390625
0 0.555419921875 0.25244140625 0.01806640625 0.02197265625
0 0.255126953125 0.578125 0.01220703125 0.0048828125
0 0.35595703125 0.58349609375 0.0048828125 0.00634765625
0 0.7662353515625 0.5584716796875 0.010498046875 0.006103515625
0 0.5555419921875 0.2264404296875 0.019775390625 0.023681640625
0 0.555908203125 0.1981201171875 0.02099609375 0.028564453125
0 0.2882080078125 0.6134033203125 0.021240234375 0.010986328125
0 0.1156005859375 0.5706787109375 0.008056640625 0.007568359375
