0 0.67431640625 0.5177001953125 0.0283203125 0.049560546875
0 0.408447265625 0.62744140625 0.009765625 0.02099609375
0 0.5072021484375 0.5789794921875 0.011962890625 0.061767578125
0 0.505859375 0.5546875 0.0078125 0.01123046875
0 0.0697021484375 0.6510009765625 0.020751953125 0.011474609375
0 0.1861572265625 0.6029052734375 0.012939453125 0.018310546875
0 0.5491943359375 0.5787353515625 0.040283203125 0.017822265625
0 0.102783203125 0.64990234375 0.02001953125 0.0107421875
0 0.5064697265625 0.60009765625 0.006591796875 0.01220703125
0 0.0648193359375 0.722412109375 0.088623046875 0.1064453125
0 0.5067138671875 0.5849609375 0.007568359375 0.0107421875
0 0.677978515625 0.4635009765625 0.02197265625 0.048583984375
0 0.1807861328125 0.57861328125 0.014404296875 0.01953125
0 0.6640625 0.416748046875 0.02978515625 0.0517578125
0 0.4896240234375 0.61181640625 0.024169921875 0.0400390625
0 0.50634765625 0.5704345703125 0.00732421875 0.011474609375
0 0.1917724609375 0.5906982421875 0.009033203125 0.008056640625
