0 0.6873779296875 0.853759765625 0.016845703125 0.01123046875
0 0.6748046875 0.865966796875 0.01025390625 0.01123046875
0 0.681396484375 0.83984375 0.02783203125 0.015625
0 0.675537109375 0.8780517578125 0.0107421875 0.012939453125
0 0.6893310546875 0.877685546875 0.016845703125 0.0126953125
0 0.6883544921875 0.865478515625 0.017822265625 0.01220703125
0 0.674072265625 0.853515625 0.0107421875 0.01220703125
0 0.69091796875 0.9031982421875 0.01611328125 0.013916015625
0 0.6898193359375 0.889892578125 0.017333984375 0.0126953125
0 0.4984130859375 0.9171142578125 0.005126953125 0.007568359375
0 0.677001953125 0.896728515625 0.01123046875 0.02392578125
0 0.6837158203125 0.8720703125 0.031494140625 0.07861328125
