0 0.5350341796875 0.564697265625 0.018310546875 0.03271484375
0 0.7222900390625 0.0592041015625 0.029541015625 0.053955078125
0 0.66357421875 0.4219970703125 0.0556640625 0.083251953125
0 0.7733154296875 0.2039794921875 0.150634765625 0.085693359375
0 0.8243408203125 0.2947998046875 0.031494140625 0.055908203125
0 0.51806640625 0.5767822265625 0.00439453125 0.010498046875
0 0.6282958984375 0.4732666015625 0.086181640625 0.017822265625
0 0.662841796875 0.4771728515625 0.05419921875 0.029052734375
0 0.7216796875 0.200927734375 0.033203125 0.05810546875
0 0.7734375 0.13330078125 0.150390625 0.05810546875
0 0.7744140625 0.29052734375 0.15283203125 0.091796875
0 0.7740478515625 0.3643798828125 0.149658203125 0.063232421875
0 0.7733154296875 0.061279296875 0.149169921875 0.0908203125
0 0.516845703125 0.5941162109375 0.00732421875 0.003173828125
0 0.5164794921875 0.589111328125 0.007080078125 0.00439453125
