0 0.7747802734375 0.613037109375 0.010498046875 0.0126953125
0 0.86865234375 0.6343994140625 0.01025390625 0.009033203125
0 0.884521484375 0.64013671875 0.0166015625 0.00830078125
0 0.587646484375 0.667236328125 0.009765625 0.01806640625
0 0.58642578125 0.647705078125 0.01171875 0.01904296875
0 0.491943359375 0.7010498046875 0.00341796875 0.005126953125
0 0.4853515625 0.692138671875 0.00390625 0.0087890625
0 0.6142578125 0.7440185546875 0.02490234375 0.034423828125
0 0.511474609375 0.67041015625 0.0302734375 0.025390625
0 0.339111328125 0.7088623046875 0.005859375 0.006591796875
0 0.6990966796875 0.6611328125 0.016845703125 0.01953125
0 0.892578125 0.708740234375 0.0224609375 0.02880859375
0 0.338623046875 0.7012939453125 0.005859375 0.007080078125
0 0.517822265625 0.6697998046875 0.01171875 0.016845703125
