0 0.5196533203125 0.5804443359375 0.025146484375 0.010498046875
0 0.3983154296875 0.6710205078125 0.004150390625 0.010986328125
0 0.4228515625 0.65625 0.00732421875 0.013671875
0 0.3856201171875 0.659912109375 0.004638671875 0.0087890625
0 0.5162353515625 0.5677490234375 0.028564453125 0.013916015625
0 0.5516357421875 0.6484375 0.027099609375 0.04541015625
0 0.031494140625 0.5987548828125 0.04296875 0.048583984375
0 0.2056884765625 0.6790771484375 0.002685546875 0.007080078125
0 0.5523681640625 0.640869140625 0.014892578125 0.0205078125
0 0.330810546875 0.6708984375 0.001953125 0.00927734375
