0 0.67724609375 0.5709228515625 0.0126953125 0.018798828125
0 0.0732421875 0.5428466796875 0.0234375 0.032958984375
0 0.312255859375 0.518310546875 0.01025390625 0.01171875
0 0.87060546875 0.6009521484375 0.01318359375 0.019287109375
0 0.651611328125 0.4444580078125 0.1005859375 0.114990234375
0 0.66259765625 0.464111328125 0.021484375 0.03125
0 0.3629150390625 0.517822265625 0.010986328125 0.01220703125
0 0.2725830078125 0.576171875 0.007080078125 0.0087890625
0 0.257568359375 0.59814453125 0.0068359375 0.00927734375
0 0.645751953125 0.4078369140625 0.04052734375 0.018310546875
0 0.15869140625 0.5562744140625 0.0068359375 0.023681640625
0 0.43212890625 0.580322265625 0.00537109375 0.0126953125
0 0.1815185546875 0.5802001953125 0.029541015625 0.010986328125
