0 0.10107421875 0.65869140625 0.0419921875 0.06640625
0 0.914306640625 0.49560546875 0.01220703125 0.013671875
0 0.317138671875 0.4864501953125 0.0166015625 0.022705078125
0 0.287353515625 0.6185302734375 0.0068359375 0.028076171875
0 0.8505859375 0.53369140625 0.00927734375 0.04052734375
0 0.9725341796875 0.485595703125 0.011962890625 0.01806640625
0 0.9122314453125 0.5421142578125 0.014404296875 0.051025390625
0 0.77490234375 0.5322265625 0.00927734375 0.03515625
0 0.93115234375 0.523681640625 0.00732421875 0.02880859375
0 0.96875 0.5250244140625 0.0087890625 0.031494140625
0 0.3466796875 0.4915771484375 0.00537109375 0.015869140625
0 0.3470458984375 0.5093994140625 0.006103515625 0.012939453125
