0 0.749267578125 0.6492919921875 0.01220703125 0.019287109375
0 0.683349609375 0.64306640625 0.01123046875 0.00537109375
0 0.7686767578125 0.638427734375 0.011962890625 0.0146484375
0 0.770751953125 0.65283203125 0.01171875 0.01123046875
0 0.7489013671875 0.62890625 0.013427734375 0.01953125
0 0.7493896484375 0.6622314453125 0.011962890625 0.004638671875
0 0.174560546875 0.677001953125 0.00732421875 0.00439453125
0 0.175537109375 0.6640625 0.0048828125 0.0068359375
0 0.1748046875 0.6717529296875 0.00439453125 0.005126953125
0 0.175537109375 0.6575927734375 0.00439453125 0.004150390625
