0 0.14794921875 0.366455078125 0.01416015625 0.02001953125
0 0.642333984375 0.096435546875 0.056640625 0.05126953125
0 0.74560546875 0.1845703125 0.01708984375 0.076171875
0 0.500732421875 0.3558349609375 0.0107421875 0.012939453125
0 0.1502685546875 0.38818359375 0.012451171875 0.0166015625
0 0.4454345703125 0.31640625 0.018310546875 0.0126953125
0 0.4114990234375 0.3040771484375 0.007568359375 0.009521484375
0 0.884765625 0.2540283203125 0.01025390625 0.010986328125
0 0.4609375 0.3572998046875 0.00390625 0.005126953125
0 0.6900634765625 0.091796875 0.035888671875 0.05029296875
