0 0.5791015625 0.620361328125 0.009765625 0.0029296875
0 0.57958984375 0.62646484375 0.01318359375 0.00927734375
0 0.5950927734375 0.6258544921875 0.014892578125 0.009033203125
0 0.5843505859375 0.640380859375 0.011962890625 0.0078125
0 0.5849609375 0.6357421875 0.00634765625 0.0029296875
0 0.4859619140625 0.6224365234375 0.025146484375 0.033935546875
0 0.56884765625 0.4786376953125 0.02783203125 0.033935546875
0 0.3338623046875 0.6072998046875 0.064697265625 0.038818359375
0 0.162841796875 0.608154296875 0.07470703125 0.041015625
0 0.165771484375 0.55126953125 0.05712890625 0.0732421875
0 0.3319091796875 0.60791015625 0.014404296875 0.01904296875
0 0.3514404296875 0.6070556640625 0.014892578125 0.019287109375
0 0.485595703125 0.6129150390625 0.0078125 0.010498046875
0 0.6292724609375 0.6397705078125 0.004150390625 0.005615234375
0 0.6295166015625 0.6451416015625 0.004150390625 0.004638671875
0 0.6044921875 0.647705078125 0.005859375 0.0078125
