0 0.1021728515625 0.279541015625 0.024658203125 0.06591796875
0 0.025390625 0.2667236328125 0.017578125 0.031494140625
0 0.0802001953125 0.26953125 0.016845703125 0.033203125
0 0.103759765625 0.2685546875 0.01806640625 0.029296875
0 0.0289306640625 0.279296875 0.039794921875 0.06640625
0 0.07958984375 0.2789306640625 0.033203125 0.064697265625
0 0.125732421875 0.2689208984375 0.015625 0.030517578125
0 0.12646484375 0.2772216796875 0.02490234375 0.061279296875
0 0.0335693359375 0.1839599609375 0.067138671875 0.084228515625
0 0.01025390625 0.2117919921875 0.0205078125 0.064697265625
