0 0.590087890625 0.46923828125 0.0400390625 0.03857421875
0 0.5513916015625 0.50537109375 0.013916015625 0.01904296875
0 0.3883056640625 0.53759765625 0.006103515625 0.0087890625
0 0.5848388671875 0.468505859375 0.013916015625 0.01904296875
0 0.8338623046875 0.326171875 0.098388671875 0.1220703125
0 0.6602783203125 0.5286865234375 0.008544921875 0.014892578125
0 0.29052734375 0.546142578125 0.00634765625 0.00390625
0 0.2900390625 0.539794921875 0.0068359375 0.0087890625
0 0.325439453125 0.535400390625 0.00634765625 0.00927734375
0 0.32568359375 0.5435791015625 0.00634765625 0.006591796875
