0 0.4312744140625 0.847412109375 0.006103515625 0.0068359375
0 0.451416015625 0.8482666015625 0.01123046875 0.011962890625
0 0.4615478515625 0.847412109375 0.009033203125 0.01025390625
0 0.494873046875 0.8563232421875 0.00244140625 0.010986328125
0 0.8807373046875 0.767822265625 0.148681640625 0.1826171875
0 0.464599609375 0.8104248046875 0.03271484375 0.036865234375
0 0.5318603515625 0.8128662109375 0.028564453125 0.038330078125
0 0.42626953125 0.8587646484375 0.013671875 0.006103515625
0 0.544921875 0.862548828125 0.005859375 0.00634765625
0 0.440673828125 0.8155517578125 0.01025390625 0.016845703125
0 0.495361328125 0.8050537109375 0.005859375 0.009033203125
0 0.46044921875 0.80322265625 0.00634765625 0.00927734375
0 0.53173828125 0.806640625 0.0078125 0.009765625
0 0.9056396484375 0.76904296875 0.015380859375 0.02197265625
0 0.9132080078125 0.8243408203125 0.016357421875 0.022216796875
0 0.9012451171875 0.7041015625 0.016845703125 0.0263671875
0 0.9200439453125 0.70556640625 0.018798828125 0.021484375
0 0.83837890625 0.7286376953125 0.0146484375 0.020751953125
