0 0.4549560546875 0.4593505859375 0.013916015625 0.020263671875
0 0.35107421875 0.419677734375 0.0146484375 0.01904296875
0 0.4188232421875 0.4508056640625 0.017333984375 0.024169921875
0 0.3507080078125 0.4266357421875 0.020263671875 0.039794921875
0 0.6273193359375 0.3271484375 0.054931640625 0.03857421875
0 0.707275390625 0.4385986328125 0.02294921875 0.031494140625
0 0.5963134765625 0.466552734375 0.009033203125 0.01220703125
0 0.6690673828125 0.450439453125 0.018798828125 0.02490234375
0 0.6136474609375 0.4599609375 0.015380859375 0.0205078125
0 0.59619140625 0.4747314453125 0.00537109375 0.003662109375
0 0.4990234375 0.47705078125 0.0048828125 0.0126953125
0 0.669677734375 0.4664306640625 0.01171875 0.007568359375
