0 0.7042236328125 0.142578125 0.020263671875 0.044921875
0 0.1455078125 0.2099609375 0.02392578125 0.01513671875
0 0.7647705078125 0.3250732421875 0.016845703125 0.031494140625
0 0.90087890625 0.40625 0.00732421875 0.021484375
0 0.1759033203125 0.2008056640625 0.009521484375 0.016357421875
0 0.733154296875 0.340087890625 0.00927734375 0.021484375
0 0.5247802734375 0.353271484375 0.006103515625 0.01416015625
0 0.765625 0.3011474609375 0.0166015625 0.015869140625
0 0.783935546875 0.334716796875 0.01708984375 0.0322265625
0 0.7855224609375 0.3109130859375 0.016845703125 0.019287109375
0 0.7874755859375 0.2777099609375 0.016845703125 0.017822265625
0 0.786376953125 0.293701171875 0.0166015625 0.017578125
