0 0.5501708984375 0.6734619140625 0.009521484375 0.013427734375
0 0.65234375 0.6671142578125 0.02587890625 0.038330078125
0 0.250732421875 0.6419677734375 0.013671875 0.010986328125
0 0.521484375 0.68017578125 0.00439453125 0.00732421875
0 0.5623779296875 0.6064453125 0.021240234375 0.0166015625
0 0.4937744140625 0.679931640625 0.004150390625 0.005859375
0 0.30859375 0.683349609375 0.0029296875 0.00634765625
0 0.5638427734375 0.6790771484375 0.003173828125 0.009033203125
0 0.6929931640625 0.657470703125 0.027587890625 0.01904296875
0 0.694091796875 0.670166015625 0.0263671875 0.0048828125
