0 0.357177734375 0.761962890625 0.00830078125 0.0126953125
0 0.940185546875 0.7364501953125 0.0107421875 0.028076171875
0 0.3936767578125 0.720703125 0.010498046875 0.01416015625
0 0.3929443359375 0.7398681640625 0.014892578125 0.020263671875
0 0.363037109375 0.582763671875 0.02392578125 0.03369140625
0 0.937744140625 0.71240234375 0.01025390625 0.02392578125
0 0.537841796875 0.714599609375 0.00927734375 0.01513671875
0 0.538818359375 0.72998046875 0.00830078125 0.01513671875
0 0.548095703125 0.749755859375 0.00390625 0.0078125
0 0.9114990234375 0.686767578125 0.017822265625 0.00732421875
0 0.3634033203125 0.6011962890625 0.025146484375 0.033447265625
0 0.5240478515625 0.7503662109375 0.003662109375 0.006591796875
0 0.8988037109375 0.709716796875 0.015869140625 0.0068359375
