0 0.540771484375 0.4215087890625 0.0146484375 0.013916015625
0 0.3427734375 0.3759765625 0.0107421875 0.02197265625
0 0.5552978515625 0.389892578125 0.004638671875 0.00732421875
0 0.3729248046875 0.3685302734375 0.010009765625 0.011962890625
0 0.199951171875 0.3441162109375 0.0126953125 0.014892578125
0 0.555419921875 0.397216796875 0.0048828125 0.00732421875
0 0.1641845703125 0.3653564453125 0.010498046875 0.021728515625
0 0.385986328125 0.38525390625 0.0087890625 0.0166015625
0 0.4071044921875 0.393310546875 0.008056640625 0.01171875
0 0.60888671875 0.4342041015625 0.01806640625 0.034423828125
0 0.5413818359375 0.404541015625 0.012939453125 0.0185546875
0 0.40673828125 0.3839111328125 0.00439453125 0.005615234375
0 0.5498046875 0.3912353515625 0.00439453125 0.007568359375
0 0.38671875 0.4229736328125 0.00732421875 0.016357421875
0 0.4754638671875 0.4041748046875 0.003173828125 0.010009765625
0 0.4727783203125 0.4027099609375 0.004638671875 0.006103515625
0 0.3865966796875 0.4359130859375 0.007568359375 0.011474609375
0 0.9715576171875 0.3685302734375 0.042236328125 0.055908203125
0 0.5501708984375 0.3851318359375 0.005126953125 0.005126953125
0 0.96923828125 0.43359375 0.02197265625 0.02685546875
0 0.19970703125 0.3546142578125 0.0126953125 0.004638671875
0 0.4725341796875 0.407958984375 0.004150390625 0.0048828125
0 0.5501708984375 0.3800048828125 0.002197265625 0.003662109375
0 0.472900390625 0.4129638671875 0.0029296875 0.004150390625
0 0.3729248046875 0.376220703125 0.008056640625 0.00439453125
0 0.1641845703125 0.3668212890625 0.008056640625 0.010498046875
0 0.3858642578125 0.38671875 0.006103515625 0.00830078125
0 0.609130859375 0.42822265625 0.01123046875 0.0146484375
