0 0.2701416015625 0.510498046875 0.077392578125 0.0537109375
0 0.64306640625 0.5660400390625 0.00390625 0.017333984375
0 0.7022705078125 0.5604248046875 0.024169921875 0.027587890625
0 0.6099853515625 0.5799560546875 0.014892578125 0.019287109375
0 0.365966796875 0.58349609375 0.00732421875 0.01318359375
0 0.368408203125 0.571533203125 0.0087890625 0.0126953125
0 0.3798828125 0.5960693359375 0.0087890625 0.011474609375
0 0.3802490234375 0.5845947265625 0.009033203125 0.010009765625
0 0.4254150390625 0.5928955078125 0.008056640625 0.009521484375
0 0.425537109375 0.5830078125 0.00732421875 0.009765625
0 0.414306640625 0.58251953125 0.01513671875 0.02001953125
0 0.37109375 0.5621337890625 0.02490234375 0.028564453125
0 0.702880859375 0.531494140625 0.02294921875 0.0302734375
0 0.3717041015625 0.5321044921875 0.024658203125 0.031982421875
0 0.0955810546875 0.1976318359375 0.191162109375 0.395263671875
0 0.5859375 0.5914306640625 0.0078125 0.010009765625
0 0.425537109375 0.5714111328125 0.00927734375 0.010009765625
