0 0.7176513671875 0.5396728515625 0.011962890625 0.011474609375
0 0.7371826171875 0.5142822265625 0.010009765625 0.017333984375
0 0.717041015625 0.485107421875 0.01708984375 0.01806640625
0 0.7374267578125 0.4847412109375 0.017333984375 0.018798828125
0 0.222412109375 0.498046875 0.017578125 0.01025390625
0 0.71728515625 0.5001220703125 0.01171875 0.010986328125
0 0.376953125 0.5220947265625 0.00634765625 0.010009765625
0 0.737060546875 0.5 0.0107421875 0.01025390625
0 0.7171630859375 0.5106201171875 0.013427734375 0.009033203125
0 0.716796875 0.4708251953125 0.01318359375 0.009033203125
0 0.7374267578125 0.47021484375 0.012939453125 0.009765625
0 0.7373046875 0.526611328125 0.009765625 0.0068359375
0 0.717041015625 0.5244140625 0.01318359375 0.017578125
