0 0.5010986328125 0.665283203125 0.005126953125 0.0048828125
0 0.499755859375 0.6710205078125 0.00244140625 0.004638671875
0 0.3309326171875 0.6260986328125 0.008056640625 0.006103515625
0 0.234375 0.6522216796875 0.0029296875 0.007080078125
0 0.5010986328125 0.661376953125 0.007568359375 0.0029296875
0 0.308349609375 0.6580810546875 0.00341796875 0.008056640625
0 0.3037109375 0.631103515625 0.0126953125 0.0078125
0 0.3037109375 0.647705078125 0.001953125 0.01953125
0 0.3299560546875 0.637451171875 0.003662109375 0.00439453125
0 0.3182373046875 0.65478515625 0.001708984375 0.00927734375
0 0.436767578125 0.6539306640625 0.0048828125 0.002685546875
0 0.611572265625 0.5933837890625 0.00830078125 0.021728515625
0 0.6180419921875 0.6207275390625 0.018310546875 0.033447265625
0 0.6170654296875 0.5948486328125 0.018798828125 0.019775390625
0 0.6209716796875 0.6488037109375 0.017822265625 0.019775390625
