0 0.445556640625 0.5732421875 0.0078125 0.0107421875
0 0.10693359375 0.596435546875 0.0068359375 0.00927734375
0 0.4833984375 0.5966796875 0.0068359375 0.0087890625
0 0.352783203125 0.596435546875 0.005859375 0.0068359375
0 0.298828125 0.5826416015625 0.00537109375 0.007080078125
0 0.5166015625 0.54541015625 0.01806640625 0.02392578125
0 0.056884765625 0.5687255859375 0.00439453125 0.016845703125
0 0.4835205078125 0.597412109375 0.012451171875 0.021484375
0 0.425048828125 0.5758056640625 0.0078125 0.010009765625
0 0.1065673828125 0.5972900390625 0.013427734375 0.021728515625
