0 0.273193359375 0.59814453125 0.0185546875 0.01611328125
0 0.763916015625 0.3743896484375 0.0205078125 0.032958984375
0 0.273193359375 0.572265625 0.0263671875 0.033203125
0 0.9154052734375 0.5968017578125 0.024658203125 0.021728515625
0 0.306396484375 0.58935546875 0.0166015625 0.015625
0 0.30712890625 0.5677490234375 0.025390625 0.025634765625
0 0.912109375 0.53662109375 0.02392578125 0.02392578125
0 0.9095458984375 0.5068359375 0.030517578125 0.0400390625
0 0.913330078125 0.566162109375 0.02978515625 0.0400390625
0 0.9083251953125 0.478271484375 0.026611328125 0.02294921875
0 0.8076171875 0.631103515625 0.0126953125 0.013671875
0 0.7633056640625 0.6488037109375 0.008544921875 0.006103515625
0 0.808837890625 0.6414794921875 0.00927734375 0.008544921875
0 0.7640380859375 0.656494140625 0.008544921875 0.009765625
0 0.575927734375 0.6376953125 0.01025390625 0.0048828125
