0 0.7982177734375 0.4576416015625 0.029541015625 0.040771484375
0 0.56884765625 0.5035400390625 0.01513671875 0.019775390625
0 0.4210205078125 0.4813232421875 0.018798828125 0.024658203125
0 0.6392822265625 0.4962158203125 0.018310546875 0.025634765625
0 0.422119140625 0.455322265625 0.02099609375 0.0263671875
0 0.5169677734375 0.51220703125 0.007568359375 0.0087890625
0 0.460205078125 0.5147705078125 0.00537109375 0.007568359375
0 0.457275390625 0.524169921875 0.00537109375 0.00732421875
0 0.5162353515625 0.5206298828125 0.005126953125 0.008056640625
0 0.6409912109375 0.4776611328125 0.026611328125 0.010009765625
0 0.7957763671875 0.4951171875 0.028076171875 0.0380859375
0 0.4058837890625 0.4881591796875 0.017333984375 0.018310546875
0 0.6943359375 0.53369140625 0.00390625 0.00537109375
0 0.4486083984375 0.513916015625 0.003173828125 0.00634765625
0 0.4932861328125 0.5177001953125 0.002685546875 0.005126953125
0 0.371337890625 0.507568359375 0.0029296875 0.00390625
