0 0.654052734375 0.5487060546875 0.03076171875 0.040283203125
0 0.55810546875 0.6727294921875 0.00537109375 0.007080078125
0 0.6060791015625 0.650146484375 0.004638671875 0.00634765625
0 0.6092529296875 0.6573486328125 0.005126953125 0.007080078125
0 0.5789794921875 0.6455078125 0.007568359375 0.015625
0 0.5966796875 0.65771484375 0.0048828125 0.0078125
0 0.6025390625 0.65771484375 0.0048828125 0.00732421875
0 0.2208251953125 0.60302734375 0.009033203125 0.0126953125
0 0.6605224609375 0.6256103515625 0.011962890625 0.015380859375
0 0.6842041015625 0.6181640625 0.006103515625 0.0126953125
0 0.6842041015625 0.626708984375 0.005126953125 0.00537109375
0 0.9566650390625 0.5216064453125 0.061279296875 0.026611328125
0 0.9324951171875 0.5252685546875 0.007568359375 0.009521484375
0 0.93310546875 0.4912109375 0.05908203125 0.0478515625
0 0.4954833984375 0.629150390625 0.007568359375 0.01220703125
0 0.3887939453125 0.615966796875 0.013427734375 0.01123046875
0 0.947509765625 0.57421875 0.01708984375 0.0166015625
0 0.657958984375 0.6702880859375 0.041015625 0.046142578125
0 0.2215576171875 0.5531005859375 0.009033203125 0.012451171875
0 0.2398681640625 0.6026611328125 0.052978515625 0.020751953125
0 0.22119140625 0.5780029296875 0.0087890625 0.012451171875
0 0.2403564453125 0.5777587890625 0.052490234375 0.020751953125
0 0.6260986328125 0.67333984375 0.040283203125 0.04736328125
0 0.6832275390625 0.6015625 0.005615234375 0.0126953125
0 0.24072265625 0.552734375 0.052734375 0.02099609375
0 0.9635009765625 0.54736328125 0.071533203125 0.03759765625
0 0.4951171875 0.6422119140625 0.0078125 0.010986328125
0 0.189453125 0.7054443359375 0.03466796875 0.041748046875
0 0.7900390625 0.654541015625 0.01953125 0.03515625
0 0.598876953125 0.65087890625 0.0048828125 0.00732421875
