0 0.747314453125 0.67578125 0.0107421875 0.0205078125
0 0.5218505859375 0.6619873046875 0.004150390625 0.006591796875
0 0.736083984375 0.6392822265625 0.01025390625 0.013427734375
0 0.7366943359375 0.602783203125 0.020263671875 0.025390625
0 0.478271484375 0.6619873046875 0.00341796875 0.005615234375
0 0.524658203125 0.6357421875 0.005859375 0.0107421875
0 0.5223388671875 0.676513671875 0.002685546875 0.0087890625
0 0.5750732421875 0.656494140625 0.003662109375 0.005859375
0 0.5936279296875 0.657470703125 0.004150390625 0.00732421875
0 0.73681640625 0.625244140625 0.01513671875 0.01318359375
