0 0.21337890625 0.40380859375 0.05224609375 0.07177734375
0 0.5703125 0.488037109375 0.0126953125 0.01318359375
0 0.2279052734375 0.4239501953125 0.106689453125 0.190185546875
0 0.5233154296875 0.499267578125 0.014892578125 0.015625
0 0.5238037109375 0.4810791015625 0.015380859375 0.020263671875
0 0.5391845703125 0.502685546875 0.008544921875 0.01123046875
0 0.5234375 0.5103759765625 0.01513671875 0.006591796875
0 0.539306640625 0.511474609375 0.0078125 0.0068359375
0 0.5830078125 0.48828125 0.01123046875 0.01318359375
0 0.551513671875 0.5108642578125 0.00439453125 0.005126953125
0 0.5572509765625 0.510986328125 0.004638671875 0.00537109375
