0 0.9659423828125 0.36767578125 0.066650390625 0.12158203125
0 0.5496826171875 0.6142578125 0.006103515625 0.01025390625
0 0.5888671875 0.599853515625 0.0283203125 0.01904296875
0 0.5228271484375 0.6163330078125 0.003173828125 0.006103515625
0 0.511962890625 0.613525390625 0.0029296875 0.0048828125
0 0.47314453125 0.6175537109375 0.0029296875 0.005126953125
0 0.7369384765625 0.5947265625 0.002685546875 0.00732421875
0 0.357666015625 0.6229248046875 0.0029296875 0.010009765625
0 0.529052734375 0.6119384765625 0.01171875 0.016357421875
0 0.843505859375 0.5938720703125 0.00439453125 0.010009765625
