0 0.5467529296875 0.4569091796875 0.005126953125 0.007568359375
0 0.572265625 0.42431640625 0.0107421875 0.0146484375
0 0.5726318359375 0.4398193359375 0.011474609375 0.015869140625
0 0.4674072265625 0.43408203125 0.007568359375 0.0107421875
0 0.5166015625 0.4281005859375 0.00830078125 0.011474609375
0 0.4454345703125 0.4730224609375 0.007080078125 0.010986328125
0 0.541259765625 0.4669189453125 0.00830078125 0.010498046875
0 0.5731201171875 0.451904296875 0.011474609375 0.0078125
0 0.3753662109375 0.472412109375 0.013916015625 0.0068359375
0 0.3717041015625 0.4632568359375 0.006103515625 0.017822265625
0 0.556640625 0.4715576171875 0.005859375 0.003662109375
0 0.5263671875 0.4921875 0.0048828125 0.00927734375
0 0.5260009765625 0.4727783203125 0.004638671875 0.009033203125
0 0.5491943359375 0.4697265625 0.004638671875 0.01171875
0 0.5491943359375 0.4671630859375 0.003662109375 0.004638671875
0 0.3720703125 0.4580078125 0.00439453125 0.00537109375
