0 0.46484375 0.4578857421875 0.015625 0.021240234375
0 0.465087890625 0.433349609375 0.01513671875 0.0205078125
0 0.307861328125 0.4127197265625 0.01513671875 0.019775390625
0 0.627685546875 0.431884765625 0.01513671875 0.01904296875
0 0.60986328125 0.45361328125 0.00341796875 0.01513671875
0 0.5975341796875 0.4534912109375 0.033935546875 0.008544921875
0 0.5418701171875 0.455322265625 0.004638671875 0.005859375
0 0.4725341796875 0.4879150390625 0.006103515625 0.025634765625
0 0.542236328125 0.460693359375 0.00537109375 0.0048828125
0 0.523681640625 0.462890625 0.0029296875 0.00439453125
0 0.537109375 0.4638671875 0.00390625 0.00537109375
0 0.48876953125 0.4598388671875 0.0068359375 0.002685546875
0 0.46484375 0.490234375 0.00732421875 0.02880859375
0 0.4891357421875 0.45703125 0.007080078125 0.00341796875
0 0.5931396484375 0.46142578125 0.025146484375 0.0078125
0 0.4891357421875 0.452880859375 0.007080078125 0.00390625
