0 0.84130859375 0.3714599609375 0.0732421875 0.026611328125
0 0.0394287109375 0.4556884765625 0.009521484375 0.011474609375
0 0.19384765625 0.46533203125 0.00830078125 0.0107421875
0 0.2579345703125 0.458251953125 0.010009765625 0.01416015625
0 0.3570556640625 0.4697265625 0.009521484375 0.01220703125
0 0.3570556640625 0.4791259765625 0.008056640625 0.005615234375
0 0.3673095703125 0.4764404296875 0.005126953125 0.010498046875
0 0.8302001953125 0.4144287109375 0.055419921875 0.016845703125
0 0.30126953125 0.4666748046875 0.00634765625 0.011962890625
0 0.43359375 0.486572265625 0.0048828125 0.00830078125
0 0.840087890625 0.3909912109375 0.07373046875 0.026123046875
0 0.357177734375 0.483642578125 0.0078125 0.0048828125
