0 0.2265625 0.25 0.00830078125 0.021484375
0 0.880615234375 0.278076171875 0.0224609375 0.00634765625
0 0.741455078125 0.2843017578125 0.00927734375 0.004638671875
0 0.8848876953125 0.26708984375 0.015380859375 0.00830078125
0 0.8671875 0.2081298828125 0.03466796875 0.012939453125
0 0.8658447265625 0.2193603515625 0.035400390625 0.013427734375
0 0.584228515625 0.2552490234375 0.00439453125 0.004150390625
0 0.484619140625 0.2347412109375 0.017578125 0.025146484375
0 0.4779052734375 0.2376708984375 0.007568359375 0.006591796875
0 0.4158935546875 0.2523193359375 0.004638671875 0.004638671875
0 0.416015625 0.246337890625 0.02392578125 0.0087890625
0 0.4683837890625 0.2274169921875 0.014404296875 0.017822265625
0 0.22607421875 0.27734375 0.00927734375 0.01123046875
0 0.865234375 0.2340087890625 0.0390625 0.016845703125
0 0.2266845703125 0.225830078125 0.008544921875 0.02587890625
0 0.561279296875 0.2547607421875 0.0107421875 0.019287109375
0 0.7828369140625 0.251953125 0.011962890625 0.021484375
0 0.8861083984375 0.251953125 0.016357421875 0.0205078125
0 0.7476806640625 0.2752685546875 0.016845703125 0.007080078125
