0 0.055908203125 0.6634521484375 0.04833984375 0.060791015625
0 0.59228515625 0.7320556640625 0.00927734375 0.012451171875
0 0.0767822265625 0.489501953125 0.045166015625 0.05517578125
0 0.0833740234375 0.4349365234375 0.044189453125 0.052001953125
0 0.0643310546875 0.6046142578125 0.046142578125 0.058349609375
0 0.071044921875 0.5452880859375 0.04541015625 0.056396484375
0 0.0496826171875 0.725830078125 0.048095703125 0.0654296875
0 0.455810546875 0.6385498046875 0.0244140625 0.032470703125
0 0.5054931640625 0.6396484375 0.135009765625 0.05078125
0 0.5548095703125 0.6402587890625 0.024658203125 0.032958984375
0 0.446044921875 0.7606201171875 0.00732421875 0.009521484375
0 0.4002685546875 0.740478515625 0.009521484375 0.01123046875
0 0.5714111328125 0.75341796875 0.006103515625 0.0068359375
0 0.5928955078125 0.744384765625 0.009033203125 0.0126953125
0 0.571044921875 0.74658203125 0.00537109375 0.00634765625
0 0.4010009765625 0.7279052734375 0.008544921875 0.013916015625
0 0.609619140625 0.751220703125 0.005859375 0.005859375
0 0.6097412109375 0.7578125 0.006103515625 0.0078125
0 0.32568359375 0.4447021484375 0.06884765625 0.022216796875
0 0.438720703125 0.45166015625 0.06640625 0.02099609375
0 0.6558837890625 0.46142578125 0.064697265625 0.02490234375
0 0.752197265625 0.4669189453125 0.06396484375 0.022216796875
0 0.5478515625 0.4581298828125 0.064453125 0.023193359375
0 0.841796875 0.4720458984375 0.06494140625 0.019775390625
0 0.94970703125 0.4774169921875 0.06689453125 0.019287109375
