0 0.435791015625 0.460693359375 0.00439453125 0.0087890625
0 0.5926513671875 0.400146484375 0.013427734375 0.017578125
0 0.543212890625 0.45654296875 0.00634765625 0.0078125
0 0.4085693359375 0.4815673828125 0.023193359375 0.031005859375
0 0.418212890625 0.52783203125 0.01025390625 0.02734375
0 0.4637451171875 0.472412109375 0.003662109375 0.0048828125
0 0.593994140625 0.417724609375 0.015625 0.0126953125
0 0.4637451171875 0.4771728515625 0.002685546875 0.002685546875
0 0.5592041015625 0.462646484375 0.005615234375 0.01123046875
0 0.5255126953125 0.465576171875 0.003662109375 0.00537109375
0 0.400634765625 0.529052734375 0.01123046875 0.02734375
0 0.075927734375 0.4437255859375 0.02734375 0.024658203125
0 0.98193359375 0.34326171875 0.013671875 0.03564453125
0 0.4674072265625 0.4892578125 0.001708984375 0.0068359375
0 0.87158203125 0.41845703125 0.01025390625 0.01904296875
