0 0.7421875 0.775146484375 0.00537109375 0.0048828125
0 0.8511962890625 0.7750244140625 0.011474609375 0.010986328125
0 0.5955810546875 0.6588134765625 0.016357421875 0.023193359375
0 0.8992919921875 0.5543212890625 0.093994140625 0.132080078125
0 0.730712890625 0.775146484375 0.00537109375 0.0048828125
0 0.3397216796875 0.766845703125 0.009521484375 0.01416015625
0 0.3975830078125 0.79931640625 0.010009765625 0.01123046875
0 0.344970703125 0.788330078125 0.01220703125 0.01904296875
0 0.374755859375 0.7857666015625 0.00732421875 0.016845703125
0 0.8203125 0.7728271484375 0.01416015625 0.014404296875
0 0.8768310546875 0.5206298828125 0.028076171875 0.033935546875
