0 0.488525390625 0.4063720703125 0.0068359375 0.013916015625
0 0.5936279296875 0.39794921875 0.023193359375 0.02099609375
0 0.6947021484375 0.42041015625 0.023193359375 0.041015625
0 0.6107177734375 0.404296875 0.012451171875 0.02392578125
0 0.626953125 0.3990478515625 0.00390625 0.007080078125
0 0.660400390625 0.39794921875 0.001953125 0.00537109375
0 0.6307373046875 0.3994140625 0.013427734375 0.01513671875
0 0.52099609375 0.396728515625 0.00244140625 0.0068359375
0 0.502685546875 0.3995361328125 0.0029296875 0.007568359375
0 0.4937744140625 0.4022216796875 0.003662109375 0.008056640625
0 0.4781494140625 0.4208984375 0.013427734375 0.0234375
0 0.39990234375 0.5416259765625 0.0517578125 0.090576171875
0 0.6068115234375 0.3973388671875 0.002197265625 0.005126953125
