0 0.3917236328125 0.489501953125 0.006103515625 0.009765625
0 0.3914794921875 0.4774169921875 0.006103515625 0.010498046875
0 0.3917236328125 0.5018310546875 0.006103515625 0.011474609375
0 0.3841552734375 0.470703125 0.005615234375 0.0107421875
0 0.371337890625 0.478271484375 0.00634765625 0.00341796875
0 0.365234375 0.4781494140625 0.00634765625 0.003662109375
0 0.9317626953125 0.446533203125 0.010986328125 0.02099609375
0 0.3643798828125 0.47119140625 0.006103515625 0.01025390625
0 0.37744140625 0.470947265625 0.005859375 0.0107421875
0 0.9185791015625 0.4473876953125 0.010009765625 0.020751953125
0 0.3709716796875 0.470947265625 0.006103515625 0.0107421875
