0 0.6207275390625 0.336669921875 0.039794921875 0.0322265625
0 0.241943359375 0.40673828125 0.0048828125 0.0263671875
0 0.1668701171875 0.4234619140625 0.005615234375 0.009521484375
0 0.276611328125 0.3739013671875 0.0107421875 0.045166015625
0 0.2220458984375 0.404296875 0.004150390625 0.01171875
0 0.27685546875 0.4073486328125 0.0107421875 0.024169921875
0 0.1671142578125 0.43017578125 0.004150390625 0.00341796875
0 0.1807861328125 0.3736572265625 0.007080078125 0.024169921875
0 0.46923828125 0.4071044921875 0.009765625 0.012939453125
0 0.291015625 0.4151611328125 0.00439453125 0.004638671875
0 0.446533203125 0.4168701171875 0.0048828125 0.007568359375
0 0.454833984375 0.41650390625 0.00439453125 0.0068359375
0 0.1439208984375 0.4039306640625 0.009521484375 0.012939453125
0 0.4354248046875 0.4061279296875 0.010009765625 0.012451171875
0 0.1737060546875 0.404296875 0.009521484375 0.0126953125
0 0.521484375 0.37060546875 0.02294921875 0.03076171875
0 0.591796875 0.3497314453125 0.01025390625 0.050537109375
0 0.2423095703125 0.4014892578125 0.003173828125 0.007568359375
0 0.1865234375 0.4022216796875 0.01025390625 0.012939453125
0 0.6197509765625 0.3623046875 0.039794921875 0.01953125
0 0.1983642578125 0.4195556640625 0.006103515625 0.008056640625
