0 0.6287841796875 0.3321533203125 0.022216796875 0.039794921875
0 0.2569580078125 0.4285888671875 0.009521484375 0.042724609375
0 0.251220703125 0.4813232421875 0.01123046875 0.043701171875
0 0.2613525390625 0.3115234375 0.010009765625 0.04248046875
0 0.0360107421875 0.4136962890625 0.005615234375 0.025634765625
0 0.942626953125 0.3184814453125 0.0126953125 0.047119140625
0 0.2489013671875 0.3072509765625 0.010986328125 0.043701171875
0 0.196044921875 0.3817138671875 0.0322265625 0.042236328125
0 0.244384765625 0.4287109375 0.0107421875 0.0439453125
0 0.2642822265625 0.478759765625 0.010009765625 0.0419921875
0 0.62060546875 0.3995361328125 0.0078125 0.005615234375
0 0.6053466796875 0.402587890625 0.006103515625 0.01025390625
0 0.1280517578125 0.41943359375 0.004150390625 0.02197265625
0 0.237548828125 0.483154296875 0.01171875 0.04541015625
0 0.2081298828125 0.344970703125 0.010986328125 0.0205078125
0 0.234619140625 0.3023681640625 0.01171875 0.046630859375
0 0.3851318359375 0.3585205078125 0.009033203125 0.044677734375
