0 0.3438720703125 0.457763671875 0.011962890625 0.01416015625
0 0.354736328125 0.4578857421875 0.0068359375 0.010009765625
0 0.3875732421875 0.4588623046875 0.006591796875 0.010986328125
0 0.662109375 0.2852783203125 0.0185546875 0.059326171875
0 0.381103515625 0.45849609375 0.00439453125 0.0068359375
0 0.373291015625 0.456298828125 0.009765625 0.00634765625
0 0.3267822265625 0.463134765625 0.006591796875 0.00341796875
0 0.3726806640625 0.462158203125 0.007568359375 0.00390625
0 0.66455078125 0.333984375 0.0205078125 0.0400390625
0 0.3660888671875 0.457763671875 0.008544921875 0.0107421875
0 0.660888671875 0.2218017578125 0.01953125 0.071533203125
