0 0.964599609375 0.5264892578125 0.0703125 0.035400390625
0 0.3436279296875 0.5159912109375 0.009521484375 0.015380859375
0 0.3502197265625 0.54248046875 0.024169921875 0.01416015625
0 0.98974609375 0.4368896484375 0.02001953125 0.033935546875
0 0.9639892578125 0.5009765625 0.071533203125 0.03271484375
0 0.498291015625 0.5760498046875 0.0048828125 0.004150390625
0 0.68701171875 0.5478515625 0.0283203125 0.03759765625
0 0.5791015625 0.5755615234375 0.0068359375 0.009033203125
0 0.3499755859375 0.5567626953125 0.025634765625 0.013916015625
0 0.573974609375 0.57275390625 0.00390625 0.00537109375
0 0.579345703125 0.5657958984375 0.00732421875 0.010498046875
0 0.4427490234375 0.581298828125 0.014404296875 0.01904296875
0 0.4864501953125 0.5616455078125 0.006591796875 0.008544921875
0 0.4981689453125 0.5709228515625 0.006103515625 0.006591796875
0 0.245849609375 0.588623046875 0.0390625 0.0556640625
0 0.486572265625 0.5711669921875 0.0068359375 0.008056640625
0 0.9608154296875 0.4718017578125 0.077880859375 0.036376953125
0 0.3502197265625 0.53076171875 0.025634765625 0.01708984375
