0 0.308837890625 0.3724365234375 0.03564453125 0.046142578125
0 0.913818359375 0.4093017578125 0.03662109375 0.047607421875
0 0.3515625 0.54052734375 0.06689453125 0.025390625
0 0.3515625 0.5616455078125 0.0615234375 0.015869140625
0 0.3055419921875 0.4119873046875 0.048095703125 0.132080078125
0 0.5360107421875 0.5460205078125 0.004150390625 0.005615234375
0 0.535888671875 0.5504150390625 0.0048828125 0.017333984375
0 0.3529052734375 0.4892578125 0.065185546875 0.08349609375
0 0.9144287109375 0.4483642578125 0.042236328125 0.132080078125
0 0.458984375 0.541748046875 0.01416015625 0.01318359375
0 0.6236572265625 0.554443359375 0.003662109375 0.005859375
0 0.378173828125 0.54150390625 0.0087890625 0.01513671875
0 0.6234130859375 0.5592041015625 0.005615234375 0.018798828125
