0 0.510498046875 0.3626708984375 0.0205078125 0.037353515625
0 0.22265625 0.3909912109375 0.01953125 0.033935546875
0 0.765625 0.2216796875 0.0107421875 0.0625
0 0.0521240234375 0.3853759765625 0.018310546875 0.035400390625
0 0.71826171875 0.2138671875 0.07861328125 0.13232421875
0 0.766357421875 0.279541015625 0.015625 0.0654296875
0 0.4881591796875 0.403564453125 0.008056640625 0.02197265625
0 0.4881591796875 0.4002685546875 0.006103515625 0.010986328125
0 0.4150390625 0.42822265625 0.01123046875 0.0146484375
0 0.3575439453125 0.4395751953125 0.006103515625 0.004638671875
0 0.05224609375 0.416015625 0.02197265625 0.02099609375
0 0.7244873046875 0.428466796875 0.004638671875 0.0185546875
0 0.701171875 0.4288330078125 0.00439453125 0.016357421875
