0 0.4583740234375 0.6783447265625 0.008544921875 0.011474609375
0 0.4881591796875 0.67724609375 0.019287109375 0.017578125
0 0.51416015625 0.6903076171875 0.00390625 0.007080078125
0 0.41943359375 0.688720703125 0.0029296875 0.00439453125
0 0.537841796875 0.6925048828125 0.0029296875 0.005126953125
0 0.42578125 0.689208984375 0.00146484375 0.00537109375
0 0.4935302734375 0.6871337890625 0.004638671875 0.005615234375
0 0.648193359375 0.6920166015625 0.0107421875 0.011474609375
0 0.6959228515625 0.6981201171875 0.003662109375 0.005126953125
0 0.652099609375 0.69970703125 0.0029296875 0.00390625
0 0.56640625 0.694091796875 0.00244140625 0.00390625
