0 0.3795166015625 0.5926513671875 0.007568359375 0.004150390625
0 0.2969970703125 0.6456298828125 0.002685546875 0.007080078125
0 0.2913818359375 0.6077880859375 0.005615234375 0.026123046875
0 0.87109375 0.6624755859375 0.07421875 0.068603515625
0 0.476318359375 0.537353515625 0.0107421875 0.0166015625
0 0.5291748046875 0.6126708984375 0.002685546875 0.006591796875
0 0.5294189453125 0.60498046875 0.006591796875 0.01123046875
0 0.24462890625 0.6123046875 0.00634765625 0.01953125
0 0.514892578125 0.6119384765625 0.0029296875 0.007568359375
0 0.4658203125 0.608642578125 0.00439453125 0.005859375
0 0.4658203125 0.602783203125 0.005859375 0.0068359375
0 0.345458984375 0.6097412109375 0.00537109375 0.011962890625
0 0.34521484375 0.60107421875 0.01220703125 0.0068359375
0 0.539306640625 0.6087646484375 0.01123046875 0.016845703125
0 0.5174560546875 0.6070556640625 0.006103515625 0.010498046875
0 0.514892578125 0.6031494140625 0.00390625 0.010986328125
0 0.4871826171875 0.601318359375 0.004150390625 0.001953125
