0 0.013671875 0.4459228515625 0.0185546875 0.021240234375
0 0.5274658203125 0.5283203125 0.052001953125 0.01904296875
0 0.07080078125 0.54345703125 0.013671875 0.01318359375
0 0.6866455078125 0.6590576171875 0.011474609375 0.011962890625
0 0.42041015625 0.502685546875 0.0126953125 0.02197265625
0 0.1046142578125 0.492919921875 0.062255859375 0.029296875
0 0.367919921875 0.5054931640625 0.01025390625 0.019775390625
0 0.02978515625 0.45068359375 0.0185546875 0.02001953125
0 0.766845703125 0.68603515625 0.00732421875 0.01123046875
0 0.7867431640625 0.68994140625 0.004638671875 0.00732421875
0 0.382080078125 0.5045166015625 0.01123046875 0.020263671875
