0 0.7618408203125 0.7095947265625 0.042724609375 0.075439453125
0 0.536376953125 0.54443359375 0.10791015625 0.05322265625
0 0.6680908203125 0.536865234375 0.114013671875 0.05712890625
0 0.634033203125 0.706787109375 0.025390625 0.01708984375
0 0.708740234375 0.7548828125 0.01708984375 0.015625
0 0.5928955078125 0.7532958984375 0.014892578125 0.011474609375
0 0.6888427734375 0.7564697265625 0.019775390625 0.013916015625
0 0.6668701171875 0.75927734375 0.014404296875 0.00927734375
0 0.6544189453125 0.7384033203125 0.011474609375 0.020751953125
0 0.7645263671875 0.7567138671875 0.030517578125 0.016357421875
