0 0.618896484375 0.4515380859375 0.0126953125 0.016357421875
0 0.9454345703125 0.3372802734375 0.108154296875 0.206787109375
0 0.658447265625 0.4307861328125 0.01220703125 0.028564453125
0 0.4036865234375 0.4749755859375 0.005615234375 0.010009765625
0 0.6181640625 0.43359375 0.0107421875 0.02001953125
0 0.748046875 0.4271240234375 0.0068359375 0.010986328125
0 0.94091796875 0.1412353515625 0.072265625 0.183349609375
0 0.7484130859375 0.4364013671875 0.008056640625 0.007568359375
0 0.7486572265625 0.4488525390625 0.008544921875 0.017333984375
0 0.778076171875 0.4388427734375 0.00634765625 0.011962890625
0 0.020263671875 0.5272216796875 0.01171875 0.020751953125
0 0.4029541015625 0.461181640625 0.006103515625 0.015625
0 0.0216064453125 0.541259765625 0.011474609375 0.01513671875
0 0.8070068359375 0.440185546875 0.008056640625 0.0126953125
