0 0.2735595703125 0.4630126953125 0.011962890625 0.020751953125
0 0.4290771484375 0.4539794921875 0.010498046875 0.019287109375
0 0.580810546875 0.44580078125 0.02783203125 0.05078125
0 0.581298828125 0.482666015625 0.01953125 0.01953125
0 0.3502197265625 0.466796875 0.006591796875 0.0146484375
0 0.350341796875 0.4852294921875 0.00634765625 0.011962890625
0 0.2730712890625 0.482177734375 0.006591796875 0.005859375
0 0.4290771484375 0.4735107421875 0.005615234375 0.005615234375
0 0.2320556640625 0.472900390625 0.010986328125 0.0068359375
0 0.4490966796875 0.4534912109375 0.010498046875 0.006103515625
0 0.2242431640625 0.492431640625 0.004638671875 0.0224609375
