0 0.3001708984375 0.4068603515625 0.056396484375 0.094482421875
0 0.301025390625 0.4759521484375 0.0458984375 0.054931640625
0 0.7724609375 0.5584716796875 0.02001953125 0.034912109375
0 0.7362060546875 0.573974609375 0.013916015625 0.0166015625
0 0.8896484375 0.580322265625 0.009765625 0.0048828125
0 0.1082763671875 0.41796875 0.025634765625 0.0517578125
0 0.757080078125 0.571044921875 0.0029296875 0.00341796875
0 0.9073486328125 0.568115234375 0.018798828125 0.00732421875
0 0.1080322265625 0.445068359375 0.025634765625 0.02197265625
0 0.7562255859375 0.5762939453125 0.004150390625 0.007080078125
0 0.9078369140625 0.582763671875 0.018798828125 0.021484375
