0 0.551513671875 0.5709228515625 0.00634765625 0.007568359375
0 0.3392333984375 0.532470703125 0.020263671875 0.02587890625
0 0.340576171875 0.485107421875 0.05419921875 0.07080078125
0 0.6158447265625 0.5709228515625 0.006591796875 0.011962890625
0 0.5009765625 0.573974609375 0.00634765625 0.005859375
0 0.6292724609375 0.5721435546875 0.003173828125 0.006103515625
0 0.67529296875 0.5562744140625 0.01513671875 0.019287109375
0 0.8431396484375 0.2872314453125 0.018798828125 0.052001953125
0 0.5010986328125 0.56396484375 0.010009765625 0.01318359375
0 0.3546142578125 0.5816650390625 0.008056640625 0.009521484375
0 0.5009765625 0.5545654296875 0.0078125 0.005615234375
