0 0.6097412109375 0.58154296875 0.019775390625 0.02587890625
0 0.62646484375 0.5911865234375 0.01123046875 0.008056640625
0 0.656005859375 0.58984375 0.0048828125 0.00732421875
0 0.6820068359375 0.5914306640625 0.004150390625 0.006591796875
0 0.609130859375 0.6014404296875 0.01953125 0.013916015625
0 0.669677734375 0.593017578125 0.0029296875 0.00537109375
0 0.6407470703125 0.5977783203125 0.007080078125 0.003173828125
0 0.656005859375 0.581787109375 0.00537109375 0.00732421875
0 0.681884765625 0.59765625 0.00439453125 0.0048828125
0 0.64111328125 0.5948486328125 0.00341796875 0.005615234375
0 0.673828125 0.59716796875 0.009765625 0.0029296875
0 0.627197265625 0.5794677734375 0.0107421875 0.016845703125
