0 0.9261474609375 0.423095703125 0.021240234375 0.0341796875
0 0.993896484375 0.3441162109375 0.01171875 0.039794921875
0 0.92919921875 0.3466796875 0.0224609375 0.03759765625
0 0.927490234375 0.3851318359375 0.02099609375 0.034423828125
0 0.9921875 0.46875 0.01513671875 0.03955078125
0 0.929443359375 0.3087158203125 0.02197265625 0.035400390625
0 0.9952392578125 0.3040771484375 0.009033203125 0.037841796875
0 0.9249267578125 0.4595947265625 0.021240234375 0.034912109375
0 0.923583984375 0.4969482421875 0.02099609375 0.034423828125
0 0.9935302734375 0.3863525390625 0.012451171875 0.040283203125
0 0.99267578125 0.4276123046875 0.01416015625 0.038330078125
