0 0.5301513671875 0.435546875 0.008544921875 0.01513671875
0 0.6932373046875 0.4114990234375 0.012451171875 0.014404296875
0 0.5302734375 0.4151611328125 0.01318359375 0.023681640625
0 0.7802734375 0.464599609375 0.07421875 0.06591796875
0 0.6995849609375 0.4676513671875 0.012939453125 0.014404296875
0 0.686279296875 0.45361328125 0.0126953125 0.0146484375
0 0.6932373046875 0.4326171875 0.012451171875 0.02685546875
0 0.6939697265625 0.3670654296875 0.012939453125 0.013916015625
0 0.3443603515625 0.414306640625 0.003173828125 0.00732421875
0 0.3697509765625 0.4146728515625 0.003173828125 0.007080078125
0 0.686279296875 0.467529296875 0.0126953125 0.01416015625
0 0.6934814453125 0.38818359375 0.012939453125 0.02783203125
0 0.3978271484375 0.4180908203125 0.002685546875 0.007080078125
0 0.3243408203125 0.412841796875 0.003662109375 0.0078125
0 0.6990966796875 0.453369140625 0.012939453125 0.01416015625
