0 0.968017578125 0.5703125 0.015625 0.0205078125
0 0.8287353515625 0.560302734375 0.004638671875 0.005859375
0 0.9686279296875 0.59765625 0.014892578125 0.02587890625
0 0.771484375 0.558349609375 0.0048828125 0.00634765625
0 0.78369140625 0.5810546875 0.009765625 0.0068359375
0 0.7943115234375 0.58056640625 0.009521484375 0.00634765625
0 0.8282470703125 0.5809326171875 0.008544921875 0.004150390625
0 0.157470703125 0.5693359375 0.01318359375 0.02099609375
0 0.158203125 0.545166015625 0.01953125 0.0234375
0 0.130126953125 0.2269287109375 0.02490234375 0.039794921875
0 0.42822265625 0.580810546875 0.0048828125 0.00732421875
0 0.80810546875 0.5643310546875 0.0146484375 0.016845703125
0 0.835693359375 0.5634765625 0.021484375 0.01611328125
0 0.3773193359375 0.5196533203125 0.036865234375 0.050537109375
0 0.1304931640625 0.367431640625 0.016845703125 0.02734375
0 0.77685546875 0.5635986328125 0.02880859375 0.021240234375
0 0.965087890625 0.5450439453125 0.0087890625 0.009521484375
0 0.3756103515625 0.5880126953125 0.030517578125 0.066162109375
