0 0.562255859375 0.39111328125 0.017578125 0.02392578125
0 0.52587890625 0.531982421875 0.01611328125 0.02294921875
0 0.785888671875 0.4671630859375 0.01123046875 0.013916015625
0 0.4822998046875 0.4593505859375 0.008056640625 0.011474609375
0 0.63818359375 0.19775390625 0.0478515625 0.060546875
0 0.52001953125 0.4395751953125 0.0166015625 0.017333984375
0 0.482421875 0.4544677734375 0.01171875 0.026611328125
0 0.63525390625 0.2484130859375 0.044921875 0.040283203125
0 0.5733642578125 0.489013671875 0.004638671875 0.005859375
0 0.5 0.4949951171875 0.00634765625 0.003662109375
0 0.6160888671875 0.4884033203125 0.002685546875 0.005126953125
0 0.5001220703125 0.4884033203125 0.003662109375 0.008544921875
