0 0.76611328125 0.5113525390625 0.0185546875 0.020263671875
0 0.5711669921875 0.5003662109375 0.026611328125 0.029541015625
0 0.632568359375 0.53173828125 0.00830078125 0.009765625
0 0.591552734375 0.5386962890625 0.0107421875 0.013916015625
0 0.56103515625 0.952392578125 0.02880859375 0.01416015625
0 0.7666015625 0.49658203125 0.01806640625 0.009765625
0 0.5557861328125 0.5238037109375 0.014892578125 0.012939453125
0 0.533203125 0.535400390625 0.01123046875 0.0146484375
0 0.284912109375 0.51953125 0.00390625 0.00439453125
0 0.5247802734375 0.51318359375 0.003662109375 0.0048828125
0 0.52490234375 0.51513671875 0.00634765625 0.01513671875
