0 0.31396484375 0.5543212890625 0.03369140625 0.043212890625
0 0.4652099609375 0.550537109375 0.032958984375 0.04345703125
0 0.555419921875 0.8065185546875 0.01318359375 0.028076171875
0 0.4970703125 0.7718505859375 0.005859375 0.007568359375
0 0.50341796875 0.771484375 0.005859375 0.00830078125
0 0.53466796875 0.77001953125 0.00537109375 0.00830078125
0 0.5277099609375 0.770263671875 0.005615234375 0.00732421875
0 0.40869140625 0.8031005859375 0.0146484375 0.027587890625
0 0.380126953125 0.8306884765625 0.0107421875 0.046630859375
0 0.509765625 0.548828125 0.03662109375 0.04638671875
0 0.2696533203125 0.5576171875 0.036376953125 0.04736328125
0 0.5286865234375 0.81787109375 0.002685546875 0.01318359375
