0 0.6607666015625 0.04833984375 0.043212890625 0.0283203125
0 0.662109375 0.081787109375 0.04736328125 0.09375
0 0.99462890625 0.2935791015625 0.01025390625 0.037353515625
0 0.4349365234375 0.74609375 0.005126953125 0.0166015625
0 0.7777099609375 0.6378173828125 0.010009765625 0.024658203125
0 0.7794189453125 0.663330078125 0.010009765625 0.025390625
0 0.7216796875 0.6759033203125 0.0107421875 0.020751953125
0 0.68896484375 0.711669921875 0.00390625 0.01123046875
0 0.6605224609375 0.710205078125 0.004638671875 0.01123046875
0 0.6624755859375 0.09228515625 0.045166015625 0.07470703125
