0 0.3583984375 0.5118408203125 0.0185546875 0.017822265625
0 0.7701416015625 0.5167236328125 0.017822265625 0.018310546875
0 0.7703857421875 0.466064453125 0.017333984375 0.0224609375
0 0.360107421875 0.463623046875 0.0166015625 0.021484375
0 0.4765625 0.5443115234375 0.0419921875 0.021240234375
0 0.3463134765625 0.55078125 0.004638671875 0.005859375
0 0.3592529296875 0.4976806640625 0.017822265625 0.013427734375
0 0.23779296875 0.5533447265625 0.0029296875 0.010009765625
0 0.3648681640625 0.552734375 0.003173828125 0.00439453125
0 0.228271484375 0.54931640625 0.00390625 0.0048828125
0 0.437744140625 0.55810546875 0.00341796875 0.0048828125
0 0.769775390625 0.5006103515625 0.017578125 0.013427734375
0 0.2900390625 0.5489501953125 0.00341796875 0.003173828125
