0 0.4923095703125 0.341552734375 0.008056640625 0.01611328125
0 0.8206787109375 0.3729248046875 0.023681640625 0.040283203125
0 0.582763671875 0.385498046875 0.00439453125 0.00830078125
0 0.59423828125 0.359375 0.01025390625 0.00439453125
0 0.510009765625 0.3468017578125 0.01220703125 0.002685546875
0 0.492919921875 0.38037109375 0.00439453125 0.005859375
0 0.4927978515625 0.3753662109375 0.008544921875 0.003662109375
0 0.49267578125 0.3675537109375 0.00634765625 0.010498046875
0 0.8211669921875 0.3380126953125 0.060791015625 0.030517578125
0 0.528076171875 0.3173828125 0.0078125 0.01171875
0 0.593017578125 0.377685546875 0.00927734375 0.03173828125
0 0.492431640625 0.3564453125 0.005859375 0.0078125
0 0.5440673828125 0.318115234375 0.007080078125 0.01171875
0 0.5244140625 0.3670654296875 0.005859375 0.008056640625
0 0.5140380859375 0.318603515625 0.019775390625 0.00537109375
0 0.5833740234375 0.364501953125 0.005126953125 0.01171875
0 0.5770263671875 0.366943359375 0.004150390625 0.01513671875
