0 0.9443359375 0.57763671875 0.0068359375 0.01806640625
0 0.3311767578125 0.6484375 0.004638671875 0.0078125
0 0.646484375 0.5877685546875 0.01318359375 0.023681640625
0 0.2967529296875 0.6441650390625 0.018798828125 0.014892578125
0 0.8271484375 0.5775146484375 0.04443359375 0.071533203125
0 0.8446044921875 0.5606689453125 0.011962890625 0.033447265625
0 0.843505859375 0.5279541015625 0.01220703125 0.029052734375
0 0.508544921875 0.5892333984375 0.005859375 0.012451171875
0 0.8541259765625 0.589111328125 0.004150390625 0.01806640625
0 0.322021484375 0.64208984375 0.00439453125 0.00634765625
0 0.42236328125 0.6632080078125 0.0068359375 0.011474609375
0 0.2452392578125 0.6578369140625 0.012939453125 0.022705078125
0 0.243408203125 0.6324462890625 0.017578125 0.031494140625
0 0.6768798828125 0.4945068359375 0.012451171875 0.016845703125
0 0.6944580078125 0.504150390625 0.015380859375 0.01806640625
0 0.693603515625 0.487548828125 0.015625 0.01806640625
0 0.6990966796875 0.475341796875 0.024169921875 0.01416015625
0 0.69873046875 0.4598388671875 0.0244140625 0.013916015625
0 0.943115234375 0.5595703125 0.00830078125 0.01904296875
0 0.3736572265625 0.6368408203125 0.005615234375 0.014404296875
0 0.8448486328125 0.560302734375 0.006591796875 0.01806640625
