0 0.025390625 0.64794921875 0.0078125 0.017578125
0 0.249267578125 0.6575927734375 0.0185546875 0.031982421875
0 0.5333251953125 0.692626953125 0.004150390625 0.00634765625
0 0.529052734375 0.6923828125 0.00390625 0.005859375
0 0.3475341796875 0.689697265625 0.010498046875 0.01806640625
0 0.50439453125 0.702392578125 0.00439453125 0.00830078125
0 0.6463623046875 0.647705078125 0.015869140625 0.03076171875
0 0.611572265625 0.7091064453125 0.00341796875 0.007080078125
0 0.2374267578125 0.7164306640625 0.004638671875 0.007568359375
0 0.5101318359375 0.678955078125 0.005615234375 0.00439453125
0 0.498291015625 0.6787109375 0.00537109375 0.0048828125
0 0.494140625 0.70654296875 0.00244140625 0.00390625
0 0.4715576171875 0.7060546875 0.003173828125 0.00634765625
0 0.187744140625 0.6639404296875 0.00927734375 0.015869140625
0 0.6607666015625 0.698974609375 0.006591796875 0.0107421875
0 0.5230712890625 0.6795654296875 0.008544921875 0.004638671875
0 0.095458984375 0.701904296875 0.0068359375 0.021484375
