0 0.13232421875 0.3936767578125 0.00927734375 0.015380859375
0 0.3690185546875 0.270263671875 0.032470703125 0.0205078125
0 0.4298095703125 0.44970703125 0.010986328125 0.0185546875
0 0.41845703125 0.4161376953125 0.03271484375 0.036865234375
0 0.407470703125 0.2716064453125 0.033203125 0.020751953125
0 0.22900390625 0.4102783203125 0.01025390625 0.038818359375
0 0.3865966796875 0.3720703125 0.007568359375 0.02001953125
0 0.417724609375 0.4554443359375 0.009765625 0.019775390625
0 0.5933837890625 0.4158935546875 0.034912109375 0.040283203125
0 0.4014892578125 0.271484375 0.004638671875 0.0087890625
0 0.229248046875 0.4052734375 0.0068359375 0.01806640625
0 0.5782470703125 0.39990234375 0.010986328125 0.01806640625
0 0.1324462890625 0.3782958984375 0.008544921875 0.017333984375
0 0.400634765625 0.449462890625 0.00732421875 0.01416015625
0 0.5911865234375 0.418212890625 0.010986328125 0.017578125
0 0.36865234375 0.2938232421875 0.03369140625 0.020263671875
0 0.457763671875 0.4454345703125 0.0087890625 0.015380859375
