0 0.3778076171875 0.5924072265625 0.032958984375 0.025634765625
0 0.84326171875 0.610107421875 0.01416015625 0.0166015625
0 0.5931396484375 0.5626220703125 0.050048828125 0.024658203125
0 0.5679931640625 0.5211181640625 0.019287109375 0.016357421875
0 0.3956298828125 0.546142578125 0.008544921875 0.009765625
0 0.0439453125 0.467041015625 0.02392578125 0.04736328125
0 0.828857421875 0.4913330078125 0.01953125 0.037353515625
0 0.826416015625 0.4639892578125 0.01318359375 0.022216796875
0 0.0511474609375 0.50634765625 0.024658203125 0.03125
0 0.4537353515625 0.583984375 0.049560546875 0.017578125
0 0.5987548828125 0.5853271484375 0.060302734375 0.015869140625
0 0.5892333984375 0.5479736328125 0.012939453125 0.010986328125
