0 0.8743896484375 0.632568359375 0.015869140625 0.03759765625
0 0.471923828125 0.6094970703125 0.0029296875 0.002685546875
0 0.47216796875 0.619873046875 0.0029296875 0.005859375
0 0.5145263671875 0.634033203125 0.007080078125 0.00537109375
0 0.5211181640625 0.634033203125 0.006103515625 0.0048828125
0 0.52099609375 0.6488037109375 0.005859375 0.009033203125
0 0.5142822265625 0.6405029296875 0.006591796875 0.007568359375
0 0.514404296875 0.6490478515625 0.00634765625 0.009033203125
0 0.5208740234375 0.640380859375 0.006591796875 0.0078125
0 0.4842529296875 0.632080078125 0.008544921875 0.00439453125
0 0.47216796875 0.6141357421875 0.0029296875 0.006103515625
0 0.9395751953125 0.6846923828125 0.025634765625 0.049560546875
0 0.142822265625 0.5892333984375 0.02001953125 0.022216796875
0 0.9410400390625 0.57763671875 0.024169921875 0.06982421875
0 0.1435546875 0.56689453125 0.01904296875 0.02197265625
0 0.144287109375 0.54931640625 0.01904296875 0.0126953125
0 0.2105712890625 0.6326904296875 0.016357421875 0.026123046875
0 0.1312255859375 0.5321044921875 0.023193359375 0.010986328125
0 0.5399169921875 0.6268310546875 0.038818359375 0.015380859375
0 0.6429443359375 0.6595458984375 0.023681640625 0.038818359375
0 0.9371337890625 0.6358642578125 0.040283203125 0.047607421875
0 0.1524658203125 0.5355224609375 0.006103515625 0.013427734375
0 0.484375 0.643798828125 0.0029296875 0.0068359375
