0 0.5224609375 0.5042724609375 0.01171875 0.022705078125
0 0.5640869140625 0.4913330078125 0.006591796875 0.017333984375
0 0.0552978515625 0.515380859375 0.011474609375 0.0302734375
0 0.5635986328125 0.4674072265625 0.012939453125 0.029541015625
0 0.0706787109375 0.2403564453125 0.032958984375 0.049560546875
0 0.7471923828125 0.248291015625 0.086669921875 0.03369140625
0 0.412841796875 0.1602783203125 0.03271484375 0.069580078125
0 0.31884765625 0.4552001953125 0.00341796875 0.010009765625
0 0.01513671875 0.11376953125 0.02197265625 0.080078125
0 0.6976318359375 0.49658203125 0.010009765625 0.0263671875
0 0.5015869140625 0.515869140625 0.004638671875 0.009765625
0 0.5091552734375 0.51416015625 0.005615234375 0.00927734375
0 0.563720703125 0.4869384765625 0.005859375 0.009033203125
0 0.319091796875 0.4591064453125 0.00390625 0.019287109375
0 0.735107421875 0.392333984375 0.013671875 0.02490234375
