0 0.75244140625 0.4583740234375 0.02001953125 0.033935546875
0 0.817626953125 0.716064453125 0.02734375 0.150390625
0 0.554443359375 0.65185546875 0.0048828125 0.02783203125
0 0.4957275390625 0.628662109375 0.003662109375 0.00732421875
0 0.752685546875 0.5517578125 0.0546875 0.1123046875
0 0.24267578125 0.528076171875 0.05322265625 0.09130859375
0 0.913818359375 0.6112060546875 0.0107421875 0.025146484375
0 0.495849609375 0.6341552734375 0.00341796875 0.003662109375
0 0.526123046875 0.6470947265625 0.00341796875 0.019775390625
0 0.5126953125 0.6456298828125 0.00341796875 0.018310546875
0 0.333251953125 0.595703125 0.01123046875 0.0205078125
0 0.754150390625 0.634765625 0.0478515625 0.0595703125
0 0.7520751953125 0.48583984375 0.020263671875 0.02001953125
0 0.244384765625 0.47216796875 0.0205078125 0.01904296875
0 0.7515869140625 0.4173583984375 0.018798828125 0.034912109375
0 0.5234375 0.372802734375 0.37890625 0.18408203125
0 0.24609375 0.405517578125 0.01953125 0.03369140625
0 0.2449951171875 0.445556640625 0.019287109375 0.033203125
0 0.542236328125 0.64990234375 0.00439453125 0.0244140625
0 0.59130859375 0.659912109375 0.00732421875 0.04345703125
