0 0.0352783203125 0.401611328125 0.027099609375 0.05517578125
0 0.7681884765625 0.463623046875 0.010986328125 0.0263671875
0 0.426025390625 0.47998046875 0.00146484375 0.00341796875
0 0.4332275390625 0.4747314453125 0.002197265625 0.003173828125
0 0.8787841796875 0.4930419921875 0.003662109375 0.006591796875
0 0.9168701171875 0.50341796875 0.002685546875 0.0068359375
0 0.0615234375 0.5386962890625 0.00439453125 0.006591796875
0 0.86181640625 0.46826171875 0.00390625 0.0224609375
0 0.876220703125 0.5001220703125 0.0078125 0.009033203125
0 0.8887939453125 0.4871826171875 0.014892578125 0.007080078125
