0 0.511962890625 0.512451171875 0.00634765625 0.009765625
0 0.4957275390625 0.5135498046875 0.008056640625 0.010986328125
0 0.602783203125 0.3927001953125 0.11572265625 0.140380859375
0 0.511474609375 0.5030517578125 0.0068359375 0.009033203125
0 0.47802734375 0.5146484375 0.00537109375 0.0068359375
0 0.4844970703125 0.45751953125 0.027099609375 0.01953125
0 0.4786376953125 0.5216064453125 0.004150390625 0.004638671875
0 0.5244140625 0.5086669921875 0.01611328125 0.007568359375
0 0.5242919921875 0.5157470703125 0.017333984375 0.006103515625
0 0.4407958984375 0.4595947265625 0.033935546875 0.019287109375
0 0.5703125 0.5089111328125 0.0146484375 0.004150390625
0 0.614990234375 0.42822265625 0.01611328125 0.02197265625
0 0.6302490234375 0.5115966796875 0.004150390625 0.010009765625
0 0.3243408203125 0.5321044921875 0.004150390625 0.006591796875
