0 0.7369384765625 0.4615478515625 0.013916015625 0.018798828125
0 0.4185791015625 0.28271484375 0.016845703125 0.0302734375
0 0.0360107421875 0.360595703125 0.006591796875 0.00927734375
0 0.341796875 0.3992919921875 0.00634765625 0.003662109375
0 0.4376220703125 0.3665771484375 0.014892578125 0.049072265625
0 0.284912109375 0.3475341796875 0.017578125 0.039306640625
0 0.406494140625 0.3333740234375 0.021484375 0.034912109375
0 0.3275146484375 0.381103515625 0.005126953125 0.013671875
0 0.3011474609375 0.396240234375 0.007080078125 0.00341796875
0 0.341552734375 0.3956298828125 0.00634765625 0.003662109375
0 0.3013916015625 0.3880615234375 0.005615234375 0.013916015625
0 0.386474609375 0.2283935546875 0.04345703125 0.017333984375
0 0.3843994140625 0.24951171875 0.042724609375 0.01708984375
0 0.14990234375 0.38134765625 0.00341796875 0.0078125
0 0.3975830078125 0.26611328125 0.021240234375 0.0322265625
