0 0.3460693359375 0.442626953125 0.009521484375 0.0126953125
0 0.5054931640625 0.4444580078125 0.003173828125 0.005126953125
0 0.51123046875 0.434326171875 0.01025390625 0.005859375
0 0.345947265625 0.4588623046875 0.01123046875 0.015869140625
0 0.5045166015625 0.45751953125 0.002685546875 0.00341796875
0 0.475830078125 0.4425048828125 0.00341796875 0.006103515625
0 0.50439453125 0.4620361328125 0.00341796875 0.004150390625
0 0.4757080078125 0.429443359375 0.002685546875 0.01318359375
0 0.4888916015625 0.4559326171875 0.004150390625 0.005126953125
0 0.4830322265625 0.429443359375 0.011474609375 0.00634765625
0 0.7347412109375 0.4075927734375 0.023193359375 0.030029296875
0 0.3721923828125 0.3516845703125 0.034423828125 0.020263671875
0 0.541748046875 0.474609375 0.00390625 0.0224609375
0 0.2205810546875 0.4366455078125 0.010009765625 0.018310546875
0 0.3480224609375 0.3516845703125 0.009033203125 0.044189453125
0 0.208740234375 0.242919921875 0.017578125 0.0849609375
0 0.4263916015625 0.353515625 0.043701171875 0.021484375
0 0.257568359375 0.2425537109375 0.06787109375 0.038818359375
0 0.538330078125 0.4415283203125 0.01416015625 0.019287109375
0 0.505126953125 0.4339599609375 0.001953125 0.012451171875
0 0.5379638671875 0.4583740234375 0.005126953125 0.015869140625
