0 0.060791015625 0.509521484375 0.02197265625 0.05517578125
0 0.495361328125 0.546875 0.00634765625 0.00830078125
0 0.8070068359375 0.3931884765625 0.022705078125 0.068603515625
0 0.6287841796875 0.50439453125 0.006591796875 0.02001953125
0 0.410400390625 0.5635986328125 0.0087890625 0.016357421875
0 0.45556640625 0.5633544921875 0.0087890625 0.012939453125
0 0.6539306640625 0.4925537109375 0.009033203125 0.034912109375
0 0.61865234375 0.50830078125 0.0048828125 0.02197265625
0 0.4990234375 0.548583984375 0.00537109375 0.00732421875
0 0.8134765625 0.4462890625 0.01611328125 0.04638671875
