0 0.725830078125 0.406494140625 0.1064453125 0.1201171875
0 0.4217529296875 0.792236328125 0.005615234375 0.0078125
0 0.574462890625 0.7724609375 0.00927734375 0.0126953125
0 0.5753173828125 0.79541015625 0.009033203125 0.01904296875
0 0.8348388671875 0.7633056640625 0.008056640625 0.011474609375
0 0.73583984375 0.515380859375 0.0791015625 0.09423828125
0 0.8104248046875 0.7667236328125 0.005126953125 0.010498046875
0 0.8369140625 0.7852783203125 0.00830078125 0.004638671875
0 0.3724365234375 0.7857666015625 0.020751953125 0.028564453125
0 0.3353271484375 0.775634765625 0.035400390625 0.01708984375
0 0.5750732421875 0.7821044921875 0.009033203125 0.006591796875
