0 0.7015380859375 0.3074951171875 0.025146484375 0.023681640625
0 0.70361328125 0.3695068359375 0.03515625 0.035888671875
0 0.703125 0.343017578125 0.02685546875 0.01806640625
0 0.47509765625 0.4775390625 0.0029296875 0.00244140625
0 0.475341796875 0.468017578125 0.00341796875 0.00244140625
0 0.474853515625 0.4744873046875 0.00341796875 0.003173828125
0 0.7047119140625 0.39794921875 0.024658203125 0.02197265625
0 0.4757080078125 0.4644775390625 0.003173828125 0.002685546875
0 0.6973876953125 0.2369384765625 0.026123046875 0.018798828125
0 0.69970703125 0.2796630859375 0.02783203125 0.035400390625
0 0.505615234375 0.4715576171875 0.00439453125 0.007080078125
0 0.4691162109375 0.4820556640625 0.005615234375 0.004150390625
0 0.6988525390625 0.25439453125 0.027099609375 0.01806640625
0 0.701904296875 0.326171875 0.0263671875 0.01611328125
0 0.4757080078125 0.4608154296875 0.003173828125 0.003173828125
0 0.483642578125 0.4735107421875 0.00341796875 0.006591796875
