0 0.374755859375 0.5198974609375 0.0078125 0.026611328125
0 0.0543212890625 0.517822265625 0.014892578125 0.01806640625
0 0.2724609375 0.198974609375 0.01708984375 0.03759765625
0 0.3114013671875 0.5599365234375 0.004638671875 0.006591796875
0 0.0140380859375 0.5543212890625 0.007080078125 0.005126953125
0 0.0296630859375 0.5548095703125 0.007080078125 0.005615234375
0 0.0430908203125 0.5572509765625 0.008056640625 0.007080078125
0 0.0592041015625 0.5582275390625 0.007568359375 0.005615234375
0 0.0731201171875 0.5594482421875 0.007080078125 0.005126953125
0 0.0885009765625 0.56103515625 0.006591796875 0.005859375
0 0.10400390625 0.5621337890625 0.00634765625 0.004638671875
0 0.1207275390625 0.5643310546875 0.008056640625 0.006103515625
0 0.1358642578125 0.5660400390625 0.007568359375 0.005615234375
0 0.153564453125 0.56689453125 0.00927734375 0.00732421875
0 0.16943359375 0.568115234375 0.00634765625 0.0068359375
0 0.185546875 0.5711669921875 0.00830078125 0.007568359375
0 0.2025146484375 0.5721435546875 0.008544921875 0.007568359375
0 0.2205810546875 0.573486328125 0.009521484375 0.00732421875
0 0.2384033203125 0.5751953125 0.008544921875 0.0078125
0 0.2578125 0.578125 0.0078125 0.0087890625
0 0.2764892578125 0.5791015625 0.010498046875 0.009765625
0 0.2965087890625 0.5809326171875 0.010498046875 0.009033203125
0 0.3170166015625 0.5823974609375 0.010986328125 0.009521484375
0 0.336669921875 0.5841064453125 0.01123046875 0.010498046875
0 0.3597412109375 0.5859375 0.010498046875 0.01171875
0 0.3829345703125 0.5889892578125 0.012939453125 0.012451171875
0 0.407958984375 0.592041015625 0.0126953125 0.01220703125
0 0.44140625 0.59619140625 0.015625 0.0166015625
0 0.4661865234375 0.5982666015625 0.017333984375 0.017333984375
0 0.492431640625 0.6015625 0.0166015625 0.01806640625
0 0.5211181640625 0.6044921875 0.017333984375 0.0205078125
0 0.5516357421875 0.607421875 0.019287109375 0.021484375
0 0.5855712890625 0.6124267578125 0.021728515625 0.024169921875
0 0.626220703125 0.6185302734375 0.02880859375 0.026123046875
0 0.6788330078125 0.6246337890625 0.034423828125 0.031494140625
0 0.74560546875 0.633544921875 0.04736328125 0.0400390625
0 0.841796875 0.646728515625 0.072265625 0.04638671875
0 0.974853515625 0.6639404296875 0.04931640625 0.055908203125
