0 0.684814453125 0.329833984375 0.00732421875 0.015625
0 0.2677001953125 0.3675537109375 0.008056640625 0.015380859375
0 0.1942138671875 0.36962890625 0.025146484375 0.0185546875
0 0.3104248046875 0.394775390625 0.004150390625 0.01416015625
0 0.72021484375 0.35107421875 0.013671875 0.0146484375
0 0.5458984375 0.417236328125 0.01171875 0.01904296875
0 0.544189453125 0.389892578125 0.013671875 0.00732421875
0 0.29931640625 0.402099609375 0.0078125 0.0078125
0 0.311767578125 0.4371337890625 0.00341796875 0.006103515625
0 0.6917724609375 0.312255859375 0.004150390625 0.01416015625
0 0.4915771484375 0.3646240234375 0.005615234375 0.010498046875
