0 0.5625 0.3729248046875 0.017578125 0.032470703125
0 0.333740234375 0.3829345703125 0.01318359375 0.024658203125
0 0.8870849609375 0.353271484375 0.009033203125 0.017578125
0 0.0670166015625 0.396484375 0.010009765625 0.02587890625
0 0.2333984375 0.36328125 0.0107421875 0.02734375
0 0.376953125 0.4058837890625 0.0087890625 0.010498046875
0 0.234130859375 0.3411865234375 0.0107421875 0.011962890625
0 0.3765869140625 0.3924560546875 0.009521484375 0.016845703125
0 0.06787109375 0.376708984375 0.0107421875 0.0107421875
0 0.2327880859375 0.38623046875 0.010009765625 0.01806640625
