0 0.0146484375 0.677978515625 0.02587890625 0.03369140625
0 0.19140625 0.525390625 0.03271484375 0.0341796875
0 0.8216552734375 0.586181640625 0.057861328125 0.01904296875
0 0.2864990234375 0.6964111328125 0.013427734375 0.024169921875
0 0.0128173828125 0.709228515625 0.025634765625 0.03271484375
0 0.7791748046875 0.7388916015625 0.004638671875 0.008544921875
0 0.77490234375 0.718994140625 0.005859375 0.01220703125
0 0.7877197265625 0.720458984375 0.013427734375 0.013671875
0 0.9228515625 0.7000732421875 0.01220703125 0.028076171875
0 0.787841796875 0.732177734375 0.00537109375 0.0107421875
0 0.923828125 0.7227783203125 0.01220703125 0.015869140625
