0 0.9078369140625 0.73046875 0.073974609375 0.0595703125
0 0.488037109375 0.67333984375 0.00341796875 0.00634765625
0 0.0753173828125 0.6806640625 0.011962890625 0.0185546875
0 0.0408935546875 0.69384765625 0.003662109375 0.01123046875
0 0.50439453125 0.662841796875 0.00390625 0.00732421875
0 0.541015625 0.642333984375 0.0078125 0.01171875
0 0.6290283203125 0.6495361328125 0.007568359375 0.002197265625
0 0.2698974609375 0.68017578125 0.004638671875 0.0068359375
0 0.4576416015625 0.6614990234375 0.009033203125 0.003173828125
0 0.4578857421875 0.663818359375 0.007080078125 0.0048828125
