0 0.609375 0.488525390625 0.00927734375 0.0107421875
0 0.3441162109375 0.4869384765625 0.007080078125 0.009521484375
0 0.415771484375 0.43310546875 0.0517578125 0.03759765625
0 0.212158203125 0.4525146484375 0.01904296875 0.018310546875
0 0.3748779296875 0.429443359375 0.015869140625 0.02685546875
0 0.2325439453125 0.4549560546875 0.017333984375 0.011962890625
0 0.4102783203125 0.4429931640625 0.011474609375 0.007568359375
0 0.4635009765625 0.4864501953125 0.005126953125 0.008056640625
0 0.412841796875 0.4920654296875 0.00439453125 0.007568359375
0 0.4639892578125 0.491943359375 0.005615234375 0.00341796875
