0 0.1409912109375 0.694580078125 0.037841796875 0.041015625
0 0.3194580078125 0.7161865234375 0.023193359375 0.047607421875
0 0.180419921875 0.7003173828125 0.025390625 0.030517578125
0 0.776123046875 0.68603515625 0.046875 0.0595703125
0 0.31640625 0.7391357421875 0.05517578125 0.032470703125
0 0.2310791015625 0.7401123046875 0.066162109375 0.039794921875
0 0.3975830078125 0.7047119140625 0.005126953125 0.015380859375
0 0.233642578125 0.6705322265625 0.06591796875 0.101318359375
0 0.205078125 0.6966552734375 0.02587890625 0.037353515625
0 0.391357421875 0.7080078125 0.00537109375 0.01416015625
