0 0.2779541015625 0.4197998046875 0.044677734375 0.058349609375
0 0.006103515625 0.4381103515625 0.009765625 0.020751953125
0 0.8521728515625 0.227294921875 0.044677734375 0.07958984375
0 0.95166015625 0.421630859375 0.00830078125 0.0126953125
0 0.852294921875 0.1536865234375 0.046875 0.139404296875
0 0.9515380859375 0.435791015625 0.009033203125 0.01025390625
0 0.2667236328125 0.4671630859375 0.011474609375 0.016357421875
0 0.265869140625 0.4903564453125 0.0126953125 0.013427734375
0 0.2657470703125 0.479736328125 0.011962890625 0.0078125
0 0.9669189453125 0.4847412109375 0.061279296875 0.013916015625
0 0.96630859375 0.5009765625 0.0615234375 0.015625
0 0.9990234375 0.444580078125 0.00048828125 0.009765625
0 0.9671630859375 0.4674072265625 0.065185546875 0.017333984375
0 0.4049072265625 0.4830322265625 0.010498046875 0.015869140625
0 0.9677734375 0.4515380859375 0.06396484375 0.015869140625
0 0.968017578125 0.4344482421875 0.0634765625 0.014404296875
0 0.966064453125 0.4210205078125 0.06298828125 0.014404296875
0 0.9447021484375 0.5482177734375 0.030517578125 0.037841796875
0 0.4052734375 0.472900390625 0.01025390625 0.005859375
0 0.95947265625 0.1517333984375 0.08056640625 0.148681640625
0 0.4052734375 0.4627685546875 0.0107421875 0.014404296875
0 0.852783203125 0.3040771484375 0.03955078125 0.107177734375
0 0.967041015625 0.0384521484375 0.0654296875 0.076904296875
0 0.8126220703125 0.48583984375 0.014404296875 0.01953125
0 0.00439453125 0.46728515625 0.00830078125 0.0166015625
0 0.005126953125 0.4542236328125 0.0087890625 0.007568359375
