0 0.295654296875 0.4853515625 0.02685546875 0.0068359375
0 0.3826904296875 0.4954833984375 0.017333984375 0.009521484375
0 0.3089599609375 0.53564453125 0.002685546875 0.005859375
0 0.3089599609375 0.54150390625 0.003662109375 0.00537109375
0 0.3087158203125 0.5506591796875 0.003662109375 0.005126953125
0 0.518310546875 0.53662109375 0.017578125 0.02197265625
0 0.8358154296875 0.5029296875 0.027099609375 0.02978515625
0 0.8355712890625 0.53076171875 0.020751953125 0.02587890625
0 0.06298828125 0.4698486328125 0.01416015625 0.016357421875
0 0.0625 0.4879150390625 0.013671875 0.021728515625
