0 0.570556640625 0.6541748046875 0.0556640625 0.036376953125
0 0.5693359375 0.683349609375 0.0078125 0.0087890625
0 0.7091064453125 0.695556640625 0.040283203125 0.0576171875
0 0.01904296875 0.718994140625 0.0380859375 0.0654296875
0 0.560546875 0.6829833984375 0.0068359375 0.009521484375
0 0.55126953125 0.68310546875 0.00732421875 0.009765625
0 0.5859375 0.6824951171875 0.00830078125 0.010498046875
0 0.5780029296875 0.6824951171875 0.006591796875 0.010498046875
0 0.481689453125 0.70068359375 0.0029296875 0.005859375
0 0.47607421875 0.7047119140625 0.0029296875 0.005615234375
0 0.5723876953125 0.6822509765625 0.054931640625 0.021240234375
0 0.4736328125 0.703857421875 0.0048828125 0.00537109375
0 0.4249267578125 0.7060546875 0.003173828125 0.00537109375
