0 0.4862060546875 0.481689453125 0.021240234375 0.021484375
0 0.2689208984375 0.447021484375 0.004150390625 0.01806640625
0 0.3067626953125 0.4339599609375 0.009521484375 0.016357421875
0 0.2705078125 0.4681396484375 0.01513671875 0.010009765625
0 0.3265380859375 0.4383544921875 0.007080078125 0.013916015625
0 0.2694091796875 0.4598388671875 0.003662109375 0.007080078125
0 0.267578125 0.4832763671875 0.02685546875 0.010498046875
0 0.4677734375 0.4454345703125 0.01318359375 0.007568359375
0 0.4813232421875 0.4222412109375 0.010986328125 0.019775390625
0 0.4927978515625 0.427490234375 0.001220703125 0.009765625
