0 0.5606689453125 0.4508056640625 0.014404296875 0.026123046875
0 0.5364990234375 0.4456787109375 0.010009765625 0.018798828125
0 0.506591796875 0.4244384765625 0.00439453125 0.008544921875
0 0.522216796875 0.4351806640625 0.00927734375 0.009033203125
0 0.960205078125 0.2587890625 0.078125 0.517578125
0 0.5006103515625 0.4266357421875 0.002197265625 0.004638671875
0 0.5118408203125 0.4298095703125 0.002197265625 0.004638671875
0 0.4720458984375 0.4415283203125 0.002197265625 0.008544921875
0 0.5189208984375 0.4420166015625 0.002197265625 0.007568359375
0 0.5264892578125 0.4569091796875 0.003662109375 0.007080078125
