0 0.8707275390625 0.4403076171875 0.013427734375 0.027099609375
0 0.0755615234375 0.3995361328125 0.008544921875 0.004150390625
0 0.4710693359375 0.4046630859375 0.023681640625 0.031982421875
0 0.7432861328125 0.4532470703125 0.012451171875 0.018310546875
0 0.24609375 0.4169921875 0.0146484375 0.017578125
0 0.0760498046875 0.3931884765625 0.008056640625 0.009033203125
0 0.743896484375 0.4310302734375 0.0146484375 0.026611328125
0 0.4715576171875 0.35595703125 0.049072265625 0.06591796875
0 0.3553466796875 0.103271484375 0.045654296875 0.06201171875
0 0.201171875 0.142578125 0.1357421875 0.06982421875
0 0.4600830078125 0.4501953125 0.011962890625 0.017578125
0 0.2601318359375 0.420166015625 0.020751953125 0.0263671875
0 0.3553466796875 0.1524658203125 0.132080078125 0.042724609375
0 0.644287109375 0.4769287109375 0.078125 0.017822265625
0 0.46044921875 0.432861328125 0.01220703125 0.01806640625
0 0.4434814453125 0.418212890625 0.034912109375 0.02880859375
0 0.3448486328125 0.4552001953125 0.010986328125 0.014892578125
