0 0.385009765625 0.3905029296875 0.02392578125 0.031494140625
0 0.479248046875 0.4530029296875 0.00439453125 0.004150390625
0 0.484619140625 0.459716796875 0.0048828125 0.00830078125
0 0.4793701171875 0.45947265625 0.005615234375 0.0078125
0 0.49658203125 0.3909912109375 0.013671875 0.008056640625
0 0.091064453125 0.3837890625 0.0029296875 0.02490234375
0 0.0316162109375 0.3768310546875 0.007080078125 0.010498046875
0 0.05712890625 0.3792724609375 0.00439453125 0.019287109375
0 0.755126953125 0.458740234375 0.00634765625 0.02392578125
0 0.40966796875 0.3914794921875 0.0078125 0.027587890625
0 0.3975830078125 0.4307861328125 0.013427734375 0.012451171875
0 0.1617431640625 0.4156494140625 0.102294921875 0.177490234375
0 0.3973388671875 0.4595947265625 0.013427734375 0.011474609375
0 0.385498046875 0.36181640625 0.0244140625 0.0224609375
0 0.3974609375 0.4453125 0.01416015625 0.01708984375
0 0.237060546875 0.4173583984375 0.01708984375 0.015380859375
0 0.385009765625 0.4287109375 0.02587890625 0.04638671875
0 0.401123046875 0.3927001953125 0.00830078125 0.017333984375
0 0.4844970703125 0.4530029296875 0.004638671875 0.004638671875
