0 0.446044921875 0.41552734375 0.00537109375 0.00634765625
0 0.4832763671875 0.3956298828125 0.009521484375 0.011474609375
0 0.025390625 0.099853515625 0.05078125 0.07275390625
0 0.4459228515625 0.4093017578125 0.005615234375 0.007080078125
0 0.0101318359375 0.0269775390625 0.020263671875 0.047607421875
0 0.482666015625 0.403076171875 0.0068359375 0.0048828125
0 0.4459228515625 0.4200439453125 0.004150390625 0.002197265625
0 0.0089111328125 0.156982421875 0.017333984375 0.04248046875
0 0.0103759765625 0.201171875 0.020751953125 0.037109375
0 0.4185791015625 0.4144287109375 0.008544921875 0.012939453125
