0 0.5428466796875 0.446044921875 0.011962890625 0.01513671875
0 0.6292724609375 0.4464111328125 0.012451171875 0.015380859375
0 0.451904296875 0.48046875 0.0048828125 0.009765625
0 0.9114990234375 0.4537353515625 0.029541015625 0.018310546875
0 0.1356201171875 0.3489990234375 0.023193359375 0.031982421875
0 0.90087890625 0.45556640625 0.005859375 0.01025390625
0 0.443115234375 0.3614501953125 0.01904296875 0.025634765625
0 0.5245361328125 0.364013671875 0.019287109375 0.02490234375
0 0.4534912109375 0.47412109375 0.023681640625 0.013671875
0 0.08349609375 0.43701171875 0.0576171875 0.01904296875
0 0.435546875 0.4810791015625 0.0166015625 0.010498046875
0 0.1083984375 0.3486328125 0.02587890625 0.03173828125
0 0.048095703125 0.3472900390625 0.0244140625 0.033935546875
0 0.699462890625 0.36767578125 0.0185546875 0.0234375
0 0.3760986328125 0.359619140625 0.019287109375 0.02490234375
0 0.475341796875 0.4759521484375 0.01025390625 0.009033203125
0 0.947021484375 0.374267578125 0.02001953125 0.0263671875
0 0.9215087890625 0.453125 0.004638671875 0.0126953125
0 0.34521484375 0.44140625 0.0107421875 0.0126953125
0 0.3634033203125 0.4208984375 0.017333984375 0.02294921875
0 0.43505859375 0.4432373046875 0.00927734375 0.013916015625
0 0.0821533203125 0.414306640625 0.018798828125 0.02392578125
0 0.4544677734375 0.4437255859375 0.011962890625 0.015380859375
0 0.251708984375 0.43994140625 0.00927734375 0.01220703125
0 0.1766357421875 0.4375 0.012451171875 0.01611328125
0 0.630126953125 0.4248046875 0.01806640625 0.0234375
0 0.176513671875 0.4150390625 0.01904296875 0.0244140625
0 0.4541015625 0.421875 0.01708984375 0.0224609375
0 0.524169921875 0.4451904296875 0.0107421875 0.013916015625
0 0.90869140625 0.43505859375 0.01025390625 0.0224609375
0 0.061767578125 0.4359130859375 0.00927734375 0.012451171875
0 0.2713623046875 0.4180908203125 0.019775390625 0.025146484375
0 0.271484375 0.4404296875 0.01416015625 0.017578125
0 0.54345703125 0.424072265625 0.01806640625 0.0224609375
0 0.364501953125 0.44189453125 0.013671875 0.01708984375
0 0.6103515625 0.4466552734375 0.009765625 0.012939453125
0 0.019775390625 0.3466796875 0.0263671875 0.03125
0 0.15625 0.4376220703125 0.009765625 0.012939453125
