0 0.6461181640625 0.334716796875 0.022216796875 0.0302734375
0 0.879150390625 0.3621826171875 0.03515625 0.025146484375
0 0.6600341796875 0.426513671875 0.028076171875 0.01318359375
0 0.6043701171875 0.227294921875 0.043701171875 0.02734375
0 0.536865234375 0.461669921875 0.005859375 0.00830078125
0 0.8763427734375 0.2923583984375 0.011962890625 0.014404296875
0 0.8797607421875 0.3807373046875 0.023681640625 0.010498046875
0 0.659912109375 0.42626953125 0.0107421875 0.01318359375
0 0.2515869140625 0.4765625 0.004150390625 0.00537109375
0 0.06591796875 0.279541015625 0.017578125 0.02294921875
0 0.0654296875 0.253662109375 0.01416015625 0.03271484375
0 0.9866943359375 0.390380859375 0.012939453125 0.03076171875
0 0.9871826171875 0.36865234375 0.013916015625 0.00732421875
0 0.6466064453125 0.357421875 0.014892578125 0.01416015625
0 0.986328125 0.351318359375 0.0126953125 0.02880859375
0 0.87744140625 0.265380859375 0.01708984375 0.04296875
