0 0.3343505859375 0.438720703125 0.016357421875 0.0146484375
0 0.48583984375 0.52490234375 0.0146484375 0.01953125
0 0.48681640625 0.5013427734375 0.0146484375 0.019775390625
0 0.3258056640625 0.532470703125 0.023193359375 0.03076171875
0 0.2574462890625 0.503662109375 0.016357421875 0.021484375
0 0.8759765625 0.3271484375 0.17431640625 0.24365234375
0 0.3353271484375 0.4189453125 0.020263671875 0.0263671875
0 0.3326416015625 0.479248046875 0.018798828125 0.0654296875
0 0.3321533203125 0.51416015625 0.009521484375 0.00634765625
0 0.3250732421875 0.563232421875 0.010498046875 0.02197265625
