0 0.4241943359375 0.7218017578125 0.019287109375 0.028076171875
0 0.4224853515625 0.7630615234375 0.014892578125 0.019775390625
0 0.228759765625 0.7547607421875 0.0361328125 0.043701171875
0 0.2469482421875 0.7532958984375 0.026123046875 0.032470703125
0 0.2982177734375 0.650634765625 0.077880859375 0.0673828125
0 0.39501953125 0.6605224609375 0.072265625 0.071533203125
0 0.3837890625 0.6533203125 0.01171875 0.01708984375
0 0.4781494140625 0.763671875 0.023193359375 0.01220703125
0 0.4775390625 0.7945556640625 0.02392578125 0.051025390625
0 0.50927734375 0.7598876953125 0.0068359375 0.010009765625
0 0.48095703125 0.7137451171875 0.0107421875 0.019287109375
0 0.29052734375 0.635009765625 0.01318359375 0.0234375
0 0.479248046875 0.7398681640625 0.017578125 0.032958984375
0 0.4981689453125 0.7735595703125 0.005615234375 0.009033203125
0 0.4989013671875 0.7655029296875 0.005126953125 0.007080078125
