0 0.23583984375 0.468505859375 0.03466796875 0.02978515625
0 0.3958740234375 0.388427734375 0.012939453125 0.02685546875
0 0.5301513671875 0.40625 0.012451171875 0.01611328125
0 0.4544677734375 0.393310546875 0.012451171875 0.01708984375
0 0.5806884765625 0.528076171875 0.006591796875 0.0078125
0 0.3828125 0.3819580078125 0.0126953125 0.016845703125
0 0.6766357421875 0.5206298828125 0.005615234375 0.009521484375
0 0.532470703125 0.5408935546875 0.00341796875 0.015380859375
0 0.60498046875 0.5240478515625 0.00927734375 0.019287109375
0 0.5318603515625 0.522705078125 0.008056640625 0.017578125
0 0.467041015625 0.3929443359375 0.01220703125 0.012939453125
0 0.519775390625 0.527587890625 0.01123046875 0.0068359375
0 0.1566162109375 0.5357666015625 0.004150390625 0.010986328125
