0 0.83984375 0.542724609375 0.01318359375 0.02099609375
0 0.637939453125 0.3148193359375 0.0810546875 0.121826171875
0 0.8795166015625 0.566650390625 0.014892578125 0.02001953125
0 0.880126953125 0.5430908203125 0.01318359375 0.020263671875
0 0.8583984375 0.5667724609375 0.013671875 0.019775390625
0 0.83837890625 0.5660400390625 0.01416015625 0.019287109375
0 0.0787353515625 0.3104248046875 0.081787109375 0.085205078125
0 0.8984375 0.5662841796875 0.01513671875 0.018310546875
0 0.864501953125 0.4727783203125 0.01416015625 0.021240234375
0 0.849853515625 0.472900390625 0.01318359375 0.0224609375
0 0.859375 0.5428466796875 0.0126953125 0.020751953125
0 0.8792724609375 0.4735107421875 0.013916015625 0.020751953125
0 0.878173828125 0.4971923828125 0.013671875 0.022705078125
0 0.8333740234375 0.4952392578125 0.012939453125 0.021240234375
0 0.9068603515625 0.49853515625 0.011474609375 0.02197265625
0 0.8924560546875 0.497802734375 0.012451171875 0.0224609375
0 0.86328125 0.4969482421875 0.01318359375 0.021240234375
0 0.86279296875 0.5194091796875 0.0126953125 0.023681640625
0 0.8773193359375 0.5198974609375 0.012451171875 0.021240234375
