0 0.24609375 0.6190185546875 0.01220703125 0.015380859375
0 0.406494140625 0.593994140625 0.0048828125 0.0068359375
0 0.406494140625 0.602294921875 0.00537109375 0.00830078125
0 0.3819580078125 0.594970703125 0.005615234375 0.01318359375
0 0.466796875 0.583251953125 0.005859375 0.017578125
0 0.34375 0.5946044921875 0.0048828125 0.005615234375
0 0.32763671875 0.609130859375 0.0029296875 0.00732421875
0 0.344970703125 0.5933837890625 0.00439453125 0.006103515625
0 0.2681884765625 0.619384765625 0.002685546875 0.00390625
0 0.32470703125 0.608642578125 0.00341796875 0.00390625
0 0.3248291015625 0.611083984375 0.002197265625 0.00439453125
0 0.307861328125 0.610107421875 0.001953125 0.0029296875
0 0.267822265625 0.6129150390625 0.00537109375 0.002197265625
