0 0.4654541015625 0.391357421875 0.033935546875 0.04736328125
0 0.4312744140625 0.38818359375 0.033935546875 0.0458984375
0 0.31884765625 0.52685546875 0.0087890625 0.0107421875
0 0.3756103515625 0.4996337890625 0.013427734375 0.018310546875
0 0.3751220703125 0.5880126953125 0.012451171875 0.016357421875
0 0.401123046875 0.53759765625 0.01171875 0.0234375
0 0.3763427734375 0.513427734375 0.035888671875 0.0263671875
0 0.3751220703125 0.513916015625 0.019775390625 0.05224609375
0 0.4312744140625 0.4180908203125 0.030029296875 0.012451171875
0 0.5458984375 0.562255859375 0.00439453125 0.01953125
0 0.54638671875 0.5792236328125 0.00537109375 0.008544921875
0 0.375244140625 0.5709228515625 0.01123046875 0.017333984375
0 0.36181640625 0.5299072265625 0.0322265625 0.021240234375
