0 0.5509033203125 0.4169921875 0.006591796875 0.0107421875
0 0.57666015625 0.43310546875 0.00830078125 0.01318359375
0 0.5772705078125 0.427978515625 0.013916015625 0.02978515625
0 0.573974609375 0.3763427734375 0.0087890625 0.002197265625
0 0.5740966796875 0.3714599609375 0.008544921875 0.003173828125
0 0.57373046875 0.3565673828125 0.00830078125 0.003173828125
0 0.5740966796875 0.366455078125 0.008544921875 0.00244140625
0 0.6688232421875 0.309326171875 0.014892578125 0.029296875
0 0.619873046875 0.3345947265625 0.01025390625 0.023681640625
0 0.5736083984375 0.361083984375 0.008544921875 0.00341796875
0 0.5736083984375 0.35107421875 0.008056640625 0.00341796875
0 0.4677734375 0.3726806640625 0.01416015625 0.009521484375
0 0.4207763671875 0.37255859375 0.024169921875 0.0107421875
0 0.429443359375 0.37158203125 0.0048828125 0.02099609375
0 0.418212890625 0.357666015625 0.02880859375 0.015625
0 0.5457763671875 0.4073486328125 0.006103515625 0.010498046875
0 0.54150390625 0.417724609375 0.00732421875 0.01220703125
0 0.5467529296875 0.420654296875 0.022705078125 0.048828125
