0 0.572021484375 0.647216796875 0.04248046875 0.05810546875
0 0.03759765625 0.620849609375 0.03076171875 0.05859375
0 0.5250244140625 0.687744140625 0.009521484375 0.009765625
0 0.505615234375 0.706298828125 0.00732421875 0.0087890625
0 0.524169921875 0.69775390625 0.00634765625 0.00634765625
0 0.5260009765625 0.679443359375 0.008056640625 0.0048828125
0 0.4803466796875 0.69189453125 0.012939453125 0.0078125
0 0.5267333984375 0.6705322265625 0.008544921875 0.010986328125
0 0.5064697265625 0.6961669921875 0.010498046875 0.010986328125
0 0.3525390625 0.7000732421875 0.0068359375 0.016357421875
0 0.506591796875 0.6890869140625 0.00732421875 0.005615234375
0 0.377197265625 0.7021484375 0.00390625 0.0126953125
