0 0.656005859375 0.814697265625 0.0068359375 0.009765625
0 0.65185546875 0.8284912109375 0.00390625 0.005126953125
0 0.750732421875 0.797607421875 0.01953125 0.02099609375
0 0.710693359375 0.8076171875 0.005859375 0.005859375
0 0.7666015625 0.8104248046875 0.00537109375 0.008056640625
0 0.6898193359375 0.823974609375 0.003662109375 0.005859375
0 0.6651611328125 0.8179931640625 0.003173828125 0.007080078125
0 0.7105712890625 0.7991943359375 0.007080078125 0.010009765625
0 0.706787109375 0.78271484375 0.0068359375 0.00439453125
0 0.70703125 0.7900390625 0.00732421875 0.009765625
0 0.710205078125 0.7772216796875 0.00537109375 0.004638671875
0 0.710205078125 0.7701416015625 0.0078125 0.009521484375
0 0.714111328125 0.7896728515625 0.0068359375 0.008056640625
