0 0.421630859375 0.3336181640625 0.01171875 0.017333984375
0 0.3909912109375 0.343994140625 0.020263671875 0.0244140625
0 0.3897705078125 0.3199462890625 0.018310546875 0.023681640625
0 0.5133056640625 0.2728271484375 0.026611328125 0.015380859375
0 0.6142578125 0.24658203125 0.01416015625 0.0185546875
0 0.5333251953125 0.3326416015625 0.006591796875 0.010498046875
0 0.2125244140625 0.3428955078125 0.014404296875 0.017333984375
0 0.5540771484375 0.3323974609375 0.004638671875 0.008544921875
0 0.5760498046875 0.326904296875 0.010009765625 0.01220703125
0 0.496826171875 0.3363037109375 0.00439453125 0.007080078125
0 0.18701171875 0.3406982421875 0.01025390625 0.013427734375
0 0.1717529296875 0.3509521484375 0.008056640625 0.008056640625
0 0.6124267578125 0.32861328125 0.017822265625 0.01123046875
