0 0.6998291015625 0.703857421875 0.020751953125 0.0322265625
0 0.4381103515625 0.7432861328125 0.005126953125 0.008056640625
0 0.3419189453125 0.6768798828125 0.007568359375 0.017822265625
0 0.2044677734375 0.0784912109375 0.121337890625 0.149658203125
0 0.692626953125 0.7120361328125 0.0146484375 0.039794921875
0 0.2056884765625 0.651611328125 0.007080078125 0.0322265625
0 0.5035400390625 0.7366943359375 0.006103515625 0.012451171875
0 0.7337646484375 0.7064208984375 0.019287109375 0.034423828125
0 0.5186767578125 0.73095703125 0.006591796875 0.01611328125
0 0.20556640625 0.6893310546875 0.0068359375 0.032470703125
0 0.4776611328125 0.7158203125 0.007568359375 0.0166015625
0 0.51953125 0.7130126953125 0.00927734375 0.013916015625
0 0.490478515625 0.734375 0.00927734375 0.013671875
0 0.7764892578125 0.6865234375 0.025146484375 0.0380859375
0 0.7760009765625 0.6395263671875 0.031494140625 0.054443359375
0 0.94287109375 0.6365966796875 0.03564453125 0.051513671875
0 0.8231201171875 0.4537353515625 0.034423828125 0.052001953125
0 0.88720703125 0.6697998046875 0.1044921875 0.032958984375
0 0.2904052734375 0.6767578125 0.023681640625 0.03662109375
0 0.8941650390625 0.670654296875 0.031494140625 0.04541015625
0 0.4378662109375 0.7509765625 0.005126953125 0.00830078125
0 0.438232421875 0.7369384765625 0.0068359375 0.010009765625
