0 0.896728515625 0.59033203125 0.0166015625 0.02978515625
0 0.5460205078125 0.55908203125 0.008056640625 0.01171875
0 0.6097412109375 0.61767578125 0.009521484375 0.01513671875
0 0.8946533203125 0.5452880859375 0.022216796875 0.018798828125
0 0.8951416015625 0.566162109375 0.021240234375 0.02001953125
0 0.58349609375 0.6153564453125 0.005859375 0.008056640625
0 0.569091796875 0.5601806640625 0.00927734375 0.007568359375
0 0.5267333984375 0.55908203125 0.008544921875 0.0078125
0 0.705322265625 0.604736328125 0.01513671875 0.00634765625
0 0.6571044921875 0.5823974609375 0.010009765625 0.021240234375
0 0.5909423828125 0.6142578125 0.005126953125 0.01025390625
0 0.897216796875 0.58642578125 0.01171875 0.015625
0 0.6575927734375 0.6031494140625 0.010986328125 0.020751953125
0 0.6572265625 0.5977783203125 0.00537109375 0.007080078125
0 0.6572265625 0.605712890625 0.00537109375 0.00732421875
0 0.8594970703125 0.4453125 0.026611328125 0.11279296875
