0 0.986328125 0.352783203125 0.02685546875 0.08251953125
0 0.9866943359375 0.43603515625 0.026123046875 0.08447265625
0 0.6968994140625 0.4442138671875 0.041748046875 0.023193359375
0 0.1297607421875 0.372314453125 0.024658203125 0.03369140625
0 0.1295166015625 0.3963623046875 0.024658203125 0.031005859375
0 0.12890625 0.4210205078125 0.0244140625 0.029541015625
0 0.1639404296875 0.4290771484375 0.023681640625 0.024658203125
0 0.1634521484375 0.4505615234375 0.024169921875 0.025634765625
0 0.4788818359375 0.4727783203125 0.007080078125 0.012939453125
0 0.8087158203125 0.4757080078125 0.025146484375 0.022216796875
