0 0.7562255859375 0.367919921875 0.027587890625 0.06005859375
0 0.625 0.4896240234375 0.00390625 0.027099609375
0 0.6168212890625 0.4857177734375 0.006591796875 0.026123046875
0 0.6195068359375 0.490234375 0.009033203125 0.0283203125
0 0.5740966796875 0.4781494140625 0.006591796875 0.022216796875
0 0.597900390625 0.4805908203125 0.00439453125 0.021728515625
0 0.6036376953125 0.4827880859375 0.006591796875 0.025146484375
0 0.560302734375 0.47705078125 0.0048828125 0.02001953125
0 0.586669921875 0.4769287109375 0.0029296875 0.016357421875
0 0.5943603515625 0.4808349609375 0.004638671875 0.022705078125
0 0.5513916015625 0.47607421875 0.005126953125 0.02001953125
0 0.5263671875 0.4696044921875 0.0048828125 0.017333984375
0 0.579833984375 0.477294921875 0.0048828125 0.01904296875
0 0.520751953125 0.470458984375 0.005859375 0.01904296875
0 0.58349609375 0.4774169921875 0.0029296875 0.017333984375
0 0.5421142578125 0.47314453125 0.005615234375 0.01953125
0 0.5330810546875 0.47119140625 0.004638671875 0.021484375
0 0.6678466796875 0.4246826171875 0.023193359375 0.046142578125
0 0.509521484375 0.46923828125 0.005859375 0.01806640625
0 0.69970703125 0.382080078125 0.03564453125 0.05517578125
0 0.60986328125 0.4854736328125 0.00634765625 0.027587890625
0 0.6353759765625 0.494873046875 0.009033203125 0.033203125
