0 0.633056640625 0.323974609375 0.01611328125 0.0205078125
0 0.6328125 0.30126953125 0.0166015625 0.0224609375
0 0.2076416015625 0.446533203125 0.004638671875 0.01318359375
0 0.60693359375 0.3941650390625 0.00927734375 0.013427734375
0 0.447509765625 0.409423828125 0.00439453125 0.005859375
0 0.6124267578125 0.4207763671875 0.004150390625 0.006591796875
0 0.4061279296875 0.4134521484375 0.008544921875 0.009521484375
0 0.5723876953125 0.4041748046875 0.004638671875 0.006103515625
0 0.186767578125 0.396728515625 0.00537109375 0.009765625
0 0.616943359375 0.4329833984375 0.005859375 0.015869140625
0 0.4061279296875 0.4022216796875 0.010009765625 0.011474609375
0 0.60693359375 0.4066162109375 0.01025390625 0.010986328125
