0 0.5875244140625 0.5162353515625 0.040771484375 0.013916015625
0 0.5880126953125 0.5325927734375 0.040771484375 0.013916015625
0 0.0499267578125 0.4207763671875 0.099853515625 0.060302734375
0 0.0545654296875 0.353515625 0.109130859375 0.0625
0 0.05810546875 0.3018798828125 0.1162109375 0.031982421875
0 0.1595458984375 0.5333251953125 0.080322265625 0.046142578125
0 0.158203125 0.4915771484375 0.06884765625 0.051025390625
0 0.192626953125 0.41748046875 0.12353515625 0.05859375
0 0.197509765625 0.353515625 0.1240234375 0.05908203125
0 0.2015380859375 0.29296875 0.117431640625 0.0654296875
0 0.2998046875 0.601806640625 0.0185546875 0.02001953125
0 0.16259765625 0.2867431640625 0.0234375 0.033447265625
