0 0.431640625 0.597412109375 0.02294921875 0.00732421875
0 0.48291015625 0.602783203125 0.01025390625 0.009765625
0 0.441650390625 0.6326904296875 0.0078125 0.010986328125
0 0.2510986328125 0.656494140625 0.012451171875 0.021484375
0 0.9739990234375 0.58984375 0.051025390625 0.10791015625
0 0.989013671875 0.69482421875 0.02099609375 0.107421875
0 0.2847900390625 0.630615234375 0.013427734375 0.0166015625
0 0.339111328125 0.6334228515625 0.0068359375 0.009033203125
0 0.4832763671875 0.6099853515625 0.005126953125 0.004150390625
0 0.4375 0.6322021484375 0.00537109375 0.009033203125
0 0.4376220703125 0.6212158203125 0.004638671875 0.004638671875
0 0.2947998046875 0.6497802734375 0.006591796875 0.026123046875
0 0.3148193359375 0.6468505859375 0.005126953125 0.022705078125
0 0.267333984375 0.6533203125 0.0068359375 0.02978515625
0 0.3216552734375 0.647705078125 0.004638671875 0.02001953125
0 0.3079833984375 0.6490478515625 0.005126953125 0.024658203125
