0 0.6341552734375 0.42236328125 0.046142578125 0.072265625
0 0.48193359375 0.60009765625 0.013671875 0.0244140625
0 0.482666015625 0.575927734375 0.0126953125 0.02197265625
0 0.6336669921875 0.499267578125 0.046630859375 0.08154296875
0 0.6771240234375 0.6883544921875 0.020751953125 0.142333984375
0 0.44580078125 0.611328125 0.00390625 0.00732421875
0 0.870849609375 0.747314453125 0.05615234375 0.32666015625
0 0.6014404296875 0.672119140625 0.013427734375 0.091796875
0 0.95458984375 0.7537841796875 0.0703125 0.321533203125
0 0.6190185546875 0.6845703125 0.020263671875 0.14453125
0 0.41943359375 0.611328125 0.00439453125 0.00830078125
0 0.54736328125 0.6671142578125 0.013671875 0.092529296875
