0 0.43701171875 0.2569580078125 0.01025390625 0.018310546875
0 0.7666015625 0.278564453125 0.00732421875 0.00830078125
0 0.4378662109375 0.269775390625 0.010009765625 0.0068359375
0 0.481201171875 0.2760009765625 0.005859375 0.009521484375
0 0.80126953125 0.3004150390625 0.0146484375 0.026123046875
0 0.8023681640625 0.2979736328125 0.012451171875 0.016357421875
0 0.8587646484375 0.2457275390625 0.008544921875 0.007568359375
0 0.8775634765625 0.2774658203125 0.004638671875 0.010009765625
0 0.028564453125 0.2713623046875 0.00537109375 0.011962890625
0 0.7664794921875 0.2861328125 0.007080078125 0.00537109375
0 0.7213134765625 0.242919921875 0.003662109375 0.0068359375
0 0.354248046875 0.2625732421875 0.00927734375 0.003173828125
0 0.801025390625 0.3099365234375 0.015625 0.007080078125
0 0.4815673828125 0.282958984375 0.005615234375 0.0048828125
