0 0.0802001953125 0.5081787109375 0.027099609375 0.031494140625
0 0.814453125 0.7147216796875 0.0341796875 0.018310546875
0 0.0540771484375 0.5418701171875 0.034423828125 0.027099609375
0 0.09619140625 0.5408935546875 0.03564453125 0.028076171875
0 0.4495849609375 0.715087890625 0.009033203125 0.01611328125
0 0.0911865234375 0.5794677734375 0.034423828125 0.048583984375
0 0.5728759765625 0.723388671875 0.011474609375 0.00634765625
0 0.9056396484375 0.6754150390625 0.028076171875 0.035400390625
0 0.0491943359375 0.5811767578125 0.031005859375 0.047119140625
0 0.43701171875 0.7333984375 0.01318359375 0.01318359375
0 0.0853271484375 0.46533203125 0.028076171875 0.04296875
0 0.044921875 0.6243896484375 0.03173828125 0.033935546875
0 0.0875244140625 0.6241455078125 0.030517578125 0.035400390625
0 0.644775390625 0.680419921875 0.0078125 0.013671875
0 0.6031494140625 0.724609375 0.013916015625 0.0078125
