0 0.565673828125 0.4332275390625 0.02490234375 0.037841796875
0 0.4658203125 0.4754638671875 0.00390625 0.007568359375
0 0.4935302734375 0.462646484375 0.004638671875 0.00830078125
0 0.472900390625 0.464111328125 0.00439453125 0.0078125
0 0.348388671875 0.4434814453125 0.02099609375 0.045654296875
0 0.4744873046875 0.406982421875 0.008544921875 0.00634765625
0 0.5654296875 0.4578857421875 0.01708984375 0.011474609375
0 0.474609375 0.4141845703125 0.00927734375 0.005126953125
0 0.4852294921875 0.4132080078125 0.009033203125 0.006591796875
0 0.474609375 0.422607421875 0.0087890625 0.00537109375
0 0.474853515625 0.4296875 0.00927734375 0.00634765625
0 0.48046875 0.43701171875 0.00537109375 0.0068359375
0 0.5343017578125 0.46728515625 0.002685546875 0.0068359375
