0 0.8756103515625 0.6307373046875 0.016357421875 0.032958984375
0 0.149169921875 0.576416015625 0.013671875 0.03369140625
0 0.5426025390625 0.6673583984375 0.008544921875 0.016357421875
0 0.20947265625 0.54296875 0.0244140625 0.0166015625
0 0.521728515625 0.67041015625 0.00439453125 0.0087890625
0 0.6514892578125 0.6549072265625 0.010498046875 0.006591796875
0 0.4637451171875 0.6580810546875 0.004638671875 0.006591796875
0 0.8870849609375 0.6240234375 0.012451171875 0.021484375
0 0.65185546875 0.6494140625 0.0048828125 0.00537109375
0 0.4542236328125 0.655517578125 0.006103515625 0.00634765625
0 0.6514892578125 0.6650390625 0.005126953125 0.013671875
0 0.210205078125 0.530517578125 0.01318359375 0.0166015625
0 0.88818359375 0.64208984375 0.0126953125 0.01953125
