0 0.177978515625 0.4195556640625 0.00830078125 0.010986328125
0 0.381103515625 0.419189453125 0.06005859375 0.07958984375
0 0.951904296875 0.351318359375 0.06201171875 0.07763671875
0 0.953125 0.2647705078125 0.08642578125 0.093505859375
0 0.537841796875 0.4012451171875 0.02880859375 0.041259765625
0 0.255859375 0.42431640625 0.0087890625 0.0107421875
0 0.427490234375 0.4027099609375 0.01953125 0.040283203125
0 0.6566162109375 0.427978515625 0.017333984375 0.02587890625
0 0.3358154296875 0.427734375 0.010498046875 0.02587890625
0 0.6663818359375 0.4107666015625 0.036376953125 0.011474609375
0 0.414794921875 0.3702392578125 0.03662109375 0.028564453125
0 0.0413818359375 0.396484375 0.023681640625 0.03515625
0 0.1475830078125 0.419921875 0.006591796875 0.00927734375
0 0.5189208984375 0.36767578125 0.055419921875 0.025390625
0 0.341796875 0.41015625 0.02099609375 0.01123046875
0 0.3470458984375 0.4205322265625 0.007568359375 0.009521484375
