0 0.2596435546875 0.579345703125 0.011962890625 0.02001953125
0 0.41015625 0.5120849609375 0.03466796875 0.016845703125
0 0.2806396484375 0.414306640625 0.024169921875 0.0380859375
0 0.905517578125 0.515869140625 0.0341796875 0.025390625
0 0.4825439453125 0.5885009765625 0.004150390625 0.006103515625
0 0.4427490234375 0.5806884765625 0.006103515625 0.008056640625
0 0.2840576171875 0.4427490234375 0.020263671875 0.020263671875
0 0.5557861328125 0.5789794921875 0.004150390625 0.018310546875
0 0.486083984375 0.58837890625 0.001953125 0.00390625
0 0.489501953125 0.588623046875 0.00390625 0.00341796875
0 0.259521484375 0.6009521484375 0.01416015625 0.023193359375
0 0.8936767578125 0.5169677734375 0.006103515625 0.010986328125
