0 0.5933837890625 0.7349853515625 0.035888671875 0.024658203125
0 0.7572021484375 0.72119140625 0.021728515625 0.02783203125
0 0.410888671875 0.72216796875 0.0146484375 0.01611328125
0 0.669921875 0.7357177734375 0.00390625 0.010009765625
0 0.4110107421875 0.7098388671875 0.011474609375 0.007568359375
0 0.2652587890625 0.724365234375 0.004150390625 0.00341796875
0 0.282470703125 0.693115234375 0.00927734375 0.00341796875
0 0.726806640625 0.73291015625 0.0048828125 0.01171875
0 0.269775390625 0.7210693359375 0.0029296875 0.004638671875
0 0.303955078125 0.7108154296875 0.0048828125 0.004638671875
0 0.3038330078125 0.71484375 0.003662109375 0.00341796875
0 0.3333740234375 0.709716796875 0.004638671875 0.01318359375
0 0.3519287109375 0.7227783203125 0.008544921875 0.016845703125
0 0.57763671875 0.718017578125 0.00341796875 0.01025390625
0 0.3626708984375 0.710205078125 0.015380859375 0.0068359375
0 0.276123046875 0.7203369140625 0.00439453125 0.006591796875
0 0.4385986328125 0.7159423828125 0.032470703125 0.044189453125
