0 0.447509765625 0.1064453125 0.044921875 0.0693359375
0 0.431884765625 0.45556640625 0.01220703125 0.015625
0 0.18701171875 0.075439453125 0.05126953125 0.072265625
0 0.4716796875 0.5396728515625 0.009765625 0.011962890625
0 0.4951171875 0.4346923828125 0.056640625 0.017333984375
0 0.4500732421875 0.522216796875 0.009033203125 0.01220703125
0 0.3743896484375 0.4578857421875 0.012451171875 0.016845703125
0 0.4488525390625 0.5609130859375 0.011474609375 0.005615234375
0 0.4710693359375 0.5218505859375 0.009033203125 0.018310546875
0 0.309814453125 0.4520263671875 0.01318359375 0.017822265625
0 0.2479248046875 0.4378662109375 0.014892578125 0.019287109375
0 0.2288818359375 0.5477294921875 0.012451171875 0.005615234375
0 0.4708251953125 0.5504150390625 0.010498046875 0.007080078125
0 0.22998046875 0.5767822265625 0.00732421875 0.014892578125
0 0.2608642578125 0.5748291015625 0.004150390625 0.007568359375
