0 0.0833740234375 0.4759521484375 0.016845703125 0.023681640625
0 0.566162109375 0.5521240234375 0.08740234375 0.119384765625
0 0.565673828125 0.4281005859375 0.0869140625 0.115478515625
0 0.7684326171875 0.534912109375 0.043701171875 0.01318359375
0 0.751953125 0.4818115234375 0.064453125 0.053466796875
0 0.0830078125 0.5 0.01513671875 0.01416015625
0 0.805908203125 0.513671875 0.0068359375 0.01025390625
0 0.479248046875 0.46728515625 0.0205078125 0.02490234375
0 0.5968017578125 0.48974609375 0.014404296875 0.01611328125
0 0.0062255859375 0.468017578125 0.012451171875 0.03564453125
