0 0.5986328125 0.6236572265625 0.01953125 0.020751953125
0 0.1219482421875 0.59423828125 0.008056640625 0.0087890625
0 0.131103515625 0.6031494140625 0.00732421875 0.010986328125
0 0.13037109375 0.611572265625 0.00634765625 0.0087890625
0 0.02294921875 0.6328125 0.0146484375 0.00537109375
0 0.029541015625 0.6282958984375 0.0068359375 0.006103515625
0 0.5369873046875 0.63720703125 0.010498046875 0.01416015625
0 0.6436767578125 0.6126708984375 0.025634765625 0.015869140625
0 0.714599609375 0.5458984375 0.02685546875 0.033203125
0 0.015625 0.6087646484375 0.015625 0.024658203125
0 0.9886474609375 0.6102294921875 0.010498046875 0.026123046875
0 0.56787109375 0.59619140625 0.01025390625 0.01416015625
0 0.121826171875 0.6026611328125 0.00830078125 0.006591796875
0 0.121826171875 0.610595703125 0.0078125 0.00732421875
