0 0.4918212890625 0.4058837890625 0.012451171875 0.007568359375
0 0.7275390625 0.37353515625 0.03662109375 0.02099609375
0 0.7169189453125 0.4158935546875 0.028076171875 0.011474609375
0 0.4910888671875 0.416015625 0.009521484375 0.005859375
0 0.491943359375 0.4066162109375 0.02197265625 0.012451171875
0 0.4896240234375 0.420654296875 0.013427734375 0.0048828125
0 0.752197265625 0.384521484375 0.02685546875 0.0107421875
0 0.718994140625 0.4051513671875 0.03857421875 0.012451171875
0 0.722412109375 0.391845703125 0.0380859375 0.0166015625
0 0.7554931640625 0.374267578125 0.023681640625 0.01123046875
