0 0.946533203125 0.4539794921875 0.013671875 0.030517578125
0 0.5589599609375 0.4581298828125 0.006103515625 0.011474609375
0 0.5399169921875 0.4644775390625 0.010986328125 0.004638671875
0 0.5343017578125 0.455810546875 0.005615234375 0.0087890625
0 0.45068359375 0.4627685546875 0.01220703125 0.006103515625
0 0.47021484375 0.4542236328125 0.00537109375 0.009521484375
0 0.551025390625 0.45849609375 0.00927734375 0.00927734375
0 0.5391845703125 0.459228515625 0.010498046875 0.00634765625
0 0.55908203125 0.4466552734375 0.005859375 0.012939453125
0 0.549560546875 0.4471435546875 0.0107421875 0.006591796875
0 0.53955078125 0.4537353515625 0.009765625 0.002197265625
0 0.5396728515625 0.44921875 0.010009765625 0.00341796875
