0 0.7220458984375 0.84130859375 0.013427734375 0.02099609375
0 0.7601318359375 0.83349609375 0.012451171875 0.0185546875
0 0.8829345703125 0.811279296875 0.010986328125 0.015625
0 0.635498046875 0.8499755859375 0.02734375 0.024169921875
0 0.79833984375 0.8272705078125 0.01318359375 0.019287109375
0 0.9207763671875 0.808837890625 0.011474609375 0.015625
0 0.6453857421875 0.8663330078125 0.004150390625 0.006103515625
0 0.7154541015625 0.8492431640625 0.007080078125 0.011474609375
0 0.6597900390625 0.863525390625 0.004150390625 0.00634765625
0 0.613037109375 0.84423828125 0.015625 0.01025390625
0 0.6204833984375 0.865478515625 0.007568359375 0.00732421875
0 0.6146240234375 0.837158203125 0.010009765625 0.00390625
