0 0.3909912109375 0.481689453125 0.012451171875 0.0224609375
0 0.6312255859375 0.4798583984375 0.004150390625 0.003662109375
0 0.638916015625 0.465087890625 0.0068359375 0.0078125
0 0.611083984375 0.5347900390625 0.005859375 0.004150390625
0 0.5943603515625 0.5352783203125 0.014404296875 0.005615234375
0 0.406494140625 0.4908447265625 0.03173828125 0.009033203125
0 0.6109619140625 0.5291748046875 0.006591796875 0.005615234375
0 0.5950927734375 0.5255126953125 0.004638671875 0.007080078125
0 0.5269775390625 0.5667724609375 0.004150390625 0.007080078125
0 0.60986328125 0.546142578125 0.005859375 0.01318359375
0 0.40625 0.44580078125 0.0322265625 0.03125
0 0.40625 0.505615234375 0.03271484375 0.01806640625
0 0.3966064453125 0.4554443359375 0.057373046875 0.131103515625
0 0.63671875 0.4893798828125 0.02978515625 0.039306640625
0 0.5916748046875 0.58056640625 0.003662109375 0.0078125
0 0.377685546875 0.40576171875 0.0107421875 0.01318359375
0 0.611328125 0.5184326171875 0.009765625 0.014404296875
0 0.638916015625 0.451416015625 0.0107421875 0.01806640625
0 0.8350830078125 0.4285888671875 0.026611328125 0.048095703125
0 0.4417724609375 0.51904296875 0.012939453125 0.025390625
0 0.5943603515625 0.54248046875 0.014404296875 0.00634765625
0 0.58740234375 0.5577392578125 0.00341796875 0.005615234375
