0 0.36083984375 0.5706787109375 0.0322265625 0.036376953125
0 0.5152587890625 0.5751953125 0.004150390625 0.005859375
0 0.63623046875 0.5927734375 0.01318359375 0.01806640625
0 0.544189453125 0.5859375 0.01953125 0.0107421875
0 0.4310302734375 0.5775146484375 0.010986328125 0.020263671875
0 0.361083984375 0.5665283203125 0.02001953125 0.009033203125
0 0.4287109375 0.5789794921875 0.00439453125 0.005615234375
0 0.5128173828125 0.573974609375 0.011474609375 0.01953125
0 0.51025390625 0.5755615234375 0.00390625 0.005615234375
0 0.4339599609375 0.5787353515625 0.004150390625 0.005615234375
0 0.4310302734375 0.59130859375 0.010986328125 0.00634765625
0 0.4334716796875 0.5804443359375 0.019287109375 0.010009765625
0 0.5123291015625 0.5877685546875 0.011474609375 0.007080078125
0 0.6361083984375 0.604248046875 0.003662109375 0.00439453125
