0 0.780517578125 0.6500244140625 0.00927734375 0.013427734375
0 0.5205078125 0.5660400390625 0.06494140625 0.038330078125
0 0.2989501953125 0.5740966796875 0.077880859375 0.041259765625
0 0.5491943359375 0.6678466796875 0.008056640625 0.010498046875
0 0.30126953125 0.547607421875 0.01416015625 0.015625
0 0.2205810546875 0.644287109375 0.013916015625 0.017578125
0 0.5064697265625 0.56103515625 0.010986328125 0.01318359375
0 0.546875 0.53955078125 0.01318359375 0.0166015625
0 0.2908935546875 0.5662841796875 0.011474609375 0.012939453125
0 0.220458984375 0.6561279296875 0.01416015625 0.007080078125
0 0.519775390625 0.642333984375 0.005859375 0.0087890625
0 0.01318359375 0.674560546875 0.015625 0.01318359375
0 0.3802490234375 0.648193359375 0.014892578125 0.00537109375
