0 0.481689453125 0.4615478515625 0.00732421875 0.013916015625
0 0.607177734375 0.425537109375 0.0283203125 0.0361328125
0 0.0958251953125 0.457275390625 0.007568359375 0.02001953125
0 0.4986572265625 0.4649658203125 0.020751953125 0.007568359375
0 0.497802734375 0.4456787109375 0.009765625 0.007080078125
0 0.498291015625 0.4547119140625 0.00927734375 0.011962890625
0 0.371826171875 0.4755859375 0.00244140625 0.00244140625
0 0.3890380859375 0.4853515625 0.002197265625 0.0087890625
0 0.3717041015625 0.472900390625 0.002685546875 0.00341796875
0 0.3851318359375 0.4749755859375 0.003662109375 0.004638671875
