0 0.746337890625 0.507568359375 0.03759765625 0.04296875
0 0.487548828125 0.71923828125 0.01806640625 0.0166015625
0 0.487060546875 0.7064208984375 0.017578125 0.011962890625
0 0.4468994140625 0.6982421875 0.015869140625 0.0205078125
0 0.6678466796875 0.6663818359375 0.021728515625 0.027099609375
0 0.4464111328125 0.682373046875 0.015869140625 0.01220703125
0 0.6663818359375 0.6453857421875 0.022705078125 0.016845703125
0 0.447509765625 0.7236328125 0.01708984375 0.02490234375
0 0.5205078125 0.5704345703125 0.01025390625 0.016845703125
0 0.4857177734375 0.68505859375 0.024169921875 0.02880859375
0 0.7484130859375 0.5457763671875 0.034423828125 0.034423828125
