0 0.4974365234375 0.600830078125 0.002197265625 0.00390625
0 0.670654296875 0.59814453125 0.00244140625 0.00732421875
0 0.658935546875 0.583251953125 0.00146484375 0.00537109375
0 0.655029296875 0.583984375 0.001953125 0.0068359375
0 0.6492919921875 0.61572265625 0.005126953125 0.0068359375
0 0.6494140625 0.62451171875 0.0029296875 0.01025390625
0 0.6444091796875 0.653564453125 0.003662109375 0.013671875
0 0.635009765625 0.673095703125 0.005859375 0.0224609375
0 0.580810546875 0.6171875 0.0048828125 0.005859375
0 0.607421875 0.6773681640625 0.01123046875 0.060302734375
