0 0.676025390625 0.368896484375 0.0048828125 0.00732421875
0 0.4395751953125 0.4761962890625 0.003662109375 0.004638671875
0 0.56201171875 0.46142578125 0.00341796875 0.00537109375
0 0.5252685546875 0.4622802734375 0.004150390625 0.011962890625
0 0.561767578125 0.4561767578125 0.00341796875 0.005126953125
0 0.6090087890625 0.461181640625 0.006103515625 0.013671875
0 0.5916748046875 0.459228515625 0.004150390625 0.005859375
0 0.3609619140625 0.4718017578125 0.005615234375 0.008056640625
0 0.5863037109375 0.448974609375 0.005615234375 0.00732421875
0 0.5150146484375 0.464111328125 0.004638671875 0.0087890625
0 0.3665771484375 0.493896484375 0.002685546875 0.00537109375
0 0.669189453125 0.369873046875 0.0400390625 0.04443359375
0 0.66796875 0.3287353515625 0.029296875 0.032958984375
0 0.6676025390625 0.29443359375 0.025634765625 0.03515625
0 0.591552734375 0.4520263671875 0.0068359375 0.008544921875
0 0.58642578125 0.455810546875 0.00390625 0.00537109375
0 0.4755859375 0.474853515625 0.0029296875 0.00537109375
0 0.6083984375 0.4481201171875 0.005859375 0.010986328125
