0 0.22900390625 0.6993408203125 0.01806640625 0.022705078125
0 0.0228271484375 0.6829833984375 0.016357421875 0.021240234375
0 0.3511962890625 0.673095703125 0.010986328125 0.0166015625
0 0.0537109375 0.6773681640625 0.01318359375 0.021728515625
0 0.1182861328125 0.72265625 0.006591796875 0.0126953125
0 0.67626953125 0.6009521484375 0.01171875 0.014892578125
0 0.6800537109375 0.64501953125 0.010986328125 0.013671875
0 0.963134765625 0.5614013671875 0.015625 0.019775390625
0 0.6776123046875 0.6185302734375 0.012451171875 0.013916015625
0 0.6793212890625 0.632568359375 0.012451171875 0.015625
0 0.8797607421875 0.559814453125 0.012939453125 0.01806640625
0 0.8614501953125 0.548583984375 0.040283203125 0.01806640625
0 0.253662109375 0.55126953125 0.037109375 0.04931640625
0 0.34912109375 0.6448974609375 0.00634765625 0.012451171875
0 0.21826171875 0.700927734375 0.005859375 0.0146484375
0 0.2174072265625 0.720703125 0.004638671875 0.02392578125
0 0.118408203125 0.7364501953125 0.005859375 0.018310546875
