0 0.563232421875 0.6002197265625 0.0205078125 0.041259765625
0 0.666259765625 0.681884765625 0.01416015625 0.03662109375
0 0.614501953125 0.6492919921875 0.00439453125 0.008544921875
0 0.6082763671875 0.6773681640625 0.011962890625 0.036376953125
0 0.884765625 0.7017822265625 0.01806640625 0.056396484375
0 0.8465576171875 0.7088623046875 0.010986328125 0.028564453125
0 0.79248046875 0.7042236328125 0.01318359375 0.043701171875
0 0.7852783203125 0.69970703125 0.020263671875 0.06689453125
0 0.8214111328125 0.6798095703125 0.018798828125 0.058837890625
0 0.56201171875 0.6500244140625 0.009765625 0.019287109375
0 0.5623779296875 0.6329345703125 0.007568359375 0.014404296875
0 0.4285888671875 0.660888671875 0.008056640625 0.0146484375
0 0.43603515625 0.6480712890625 0.01513671875 0.016845703125
0 0.8223876953125 0.7220458984375 0.026611328125 0.030517578125
0 0.4248046875 0.656982421875 0.00927734375 0.01806640625
0 0.537841796875 0.6722412109375 0.0205078125 0.023681640625
0 0.6707763671875 0.7230224609375 0.007568359375 0.010009765625
0 0.67333984375 0.6571044921875 0.00439453125 0.007568359375
