0 0.6842041015625 0.43798828125 0.011962890625 0.03662109375
0 0.495849609375 0.3687744140625 0.05078125 0.068603515625
0 0.5218505859375 0.4716796875 0.028076171875 0.01220703125
0 0.50146484375 0.4300537109375 0.0439453125 0.057373046875
0 0.395263671875 0.4827880859375 0.017578125 0.022216796875
0 0.3963623046875 0.5052490234375 0.013916015625 0.018310546875
0 0.5216064453125 0.4090576171875 0.043701171875 0.013427734375
0 0.51806640625 0.4344482421875 0.03564453125 0.010498046875
0 0.517578125 0.4228515625 0.03515625 0.01171875
0 0.5184326171875 0.446044921875 0.036865234375 0.01123046875
0 0.948486328125 0.4351806640625 0.03515625 0.033447265625
0 0.52197265625 0.4588623046875 0.03173828125 0.013427734375
0 0.3555908203125 0.51806640625 0.008056640625 0.00927734375
