0 0.174072265625 0.60888671875 0.00927734375 0.0166015625
0 0.5499267578125 0.69970703125 0.005126953125 0.00830078125
0 0.49951171875 0.6968994140625 0.00537109375 0.009033203125
0 0.1029052734375 0.4656982421875 0.028076171875 0.125244140625
0 0.108642578125 0.3836669921875 0.02099609375 0.040771484375
0 0.408447265625 0.664794921875 0.0087890625 0.015625
0 0.4281005859375 0.6839599609375 0.006103515625 0.006103515625
0 0.42236328125 0.6920166015625 0.0107421875 0.008544921875
0 0.509033203125 0.700927734375 0.00244140625 0.001953125
0 0.50927734375 0.6962890625 0.0029296875 0.0068359375
0 0.0986328125 0.5335693359375 0.02880859375 0.014892578125
0 0.5057373046875 0.6961669921875 0.003173828125 0.008056640625
0 0.173828125 0.6163330078125 0.01708984375 0.037353515625
