0 0.1534423828125 0.50146484375 0.005615234375 0.01025390625
0 0.4736328125 0.4820556640625 0.00390625 0.017333984375
0 0.1097412109375 0.5283203125 0.003173828125 0.00634765625
0 0.5528564453125 0.453125 0.003173828125 0.0068359375
0 0.4366455078125 0.4398193359375 0.004150390625 0.010986328125
0 0.740234375 0.3409423828125 0.021484375 0.110107421875
0 0.162353515625 0.517822265625 0.00244140625 0.0048828125
0 0.566650390625 0.475830078125 0.001953125 0.0185546875
0 0.1883544921875 0.5133056640625 0.001708984375 0.004638671875
0 0.162353515625 0.5128173828125 0.0029296875 0.005126953125
0 0.0013427734375 0.5230712890625 0.002197265625 0.005126953125
0 0.1336669921875 0.5181884765625 0.001708984375 0.005126953125
