0 0.84423828125 0.5189208984375 0.041015625 0.050537109375
0 0.098388671875 0.469970703125 0.033203125 0.04345703125
0 0.716064453125 0.57421875 0.01611328125 0.02099609375
0 0.135986328125 0.470703125 0.0390625 0.0478515625
0 0.7572021484375 0.57470703125 0.021728515625 0.02783203125
0 0.75537109375 0.5440673828125 0.01611328125 0.020263671875
0 0.1180419921875 0.4803466796875 0.075927734375 0.073974609375
0 0.755859375 0.557373046875 0.015625 0.0068359375
0 0.71240234375 0.548095703125 0.0126953125 0.01416015625
0 0.7119140625 0.5596923828125 0.0126953125 0.008056640625
0 0.716552734375 0.590576171875 0.01708984375 0.01123046875
