0 0.926513671875 0.6011962890625 0.02099609375 0.054931640625
0 0.48876953125 0.7342529296875 0.01220703125 0.009521484375
0 0.460693359375 0.7469482421875 0.00244140625 0.005615234375
0 0.92626953125 0.691650390625 0.0234375 0.0263671875
0 0.46533203125 0.7469482421875 0.001953125 0.006103515625
0 0.4271240234375 0.7579345703125 0.002197265625 0.005615234375
0 0.98876953125 0.3526611328125 0.02197265625 0.122314453125
0 0.9263916015625 0.6390380859375 0.022216796875 0.028564453125
0 0.4097900390625 0.746826171875 0.003173828125 0.00732421875
0 0.3955078125 0.7562255859375 0.001953125 0.005615234375
0 0.4112548828125 0.7568359375 0.001708984375 0.00732421875
0 0.9810791015625 0.2156982421875 0.037353515625 0.156982421875
0 0.37744140625 0.7467041015625 0.0029296875 0.007080078125
0 0.463623046875 0.7535400390625 0.0068359375 0.010009765625
0 0.4881591796875 0.7481689453125 0.008544921875 0.018798828125
0 0.0389404296875 0.0704345703125 0.077880859375 0.140869140625
0 0.537353515625 0.720703125 0.0126953125 0.0283203125
0 0.4375 0.7489013671875 0.0029296875 0.006103515625
0 0.8048095703125 0.7154541015625 0.011474609375 0.032958984375
0 0.9576416015625 0.6776123046875 0.041748046875 0.065673828125
0 0.95654296875 0.615478515625 0.02783203125 0.068359375
0 0.48876953125 0.7161865234375 0.0087890625 0.028076171875
0 0.9261474609375 0.6654052734375 0.022216796875 0.025146484375
