0 0.541015625 0.653076171875 0.02880859375 0.044921875
0 0.259521484375 0.7474365234375 0.00439453125 0.005126953125
0 0.487548828125 0.7364501953125 0.00341796875 0.006103515625
0 0.0892333984375 0.543701171875 0.039306640625 0.14892578125
0 0.2752685546875 0.67919921875 0.012939453125 0.01025390625
0 0.65478515625 0.693359375 0.06591796875 0.11962890625
0 0.6163330078125 0.66015625 0.015869140625 0.01806640625
0 0.4810791015625 0.7454833984375 0.006103515625 0.012451171875
0 0.487548828125 0.7423095703125 0.00390625 0.005126953125
0 0.2593994140625 0.7525634765625 0.004150390625 0.005615234375
0 0.480712890625 0.683837890625 0.00537109375 0.00634765625
0 0.5389404296875 0.6910400390625 0.003662109375 0.005615234375
0 0.53857421875 0.683349609375 0.00341796875 0.0048828125
0 0.3377685546875 0.6888427734375 0.003173828125 0.006103515625
0 0.3380126953125 0.6817626953125 0.003662109375 0.006591796875
0 0.3011474609375 0.694580078125 0.005615234375 0.0078125
0 0.3011474609375 0.687255859375 0.006591796875 0.0068359375
0 0.480712890625 0.6900634765625 0.0048828125 0.006103515625
0 0.63525390625 0.486328125 0.03076171875 0.109375
