0 0.479248046875 0.6943359375 0.0087890625 0.00830078125
0 0.54296875 0.69189453125 0.00830078125 0.01318359375
0 0.6724853515625 0.7213134765625 0.022216796875 0.020751953125
0 0.751953125 0.7044677734375 0.03564453125 0.026611328125
0 0.7425537109375 0.4949951171875 0.068115234375 0.025146484375
0 0.478759765625 0.704833984375 0.005859375 0.0068359375
0 0.5428466796875 0.719482421875 0.002685546875 0.0048828125
0 0.6204833984375 0.7115478515625 0.006591796875 0.010986328125
0 0.3768310546875 0.4691162109375 0.028076171875 0.037353515625
0 0.607421875 0.6962890625 0.01025390625 0.013671875
0 0.6075439453125 0.70751953125 0.006103515625 0.0087890625
0 0.8792724609375 0.7022705078125 0.004150390625 0.007568359375
0 0.673095703125 0.7352294921875 0.01123046875 0.006591796875
0 0.673095703125 0.7431640625 0.01123046875 0.00634765625
0 0.745849609375 0.7034912109375 0.0166015625 0.020263671875
0 0.478271484375 0.7099609375 0.00439453125 0.00439453125
0 0.4786376953125 0.6998291015625 0.005126953125 0.003662109375
