0 0.679931640625 0.4281005859375 0.0107421875 0.006103515625
0 0.680908203125 0.4404296875 0.01220703125 0.0341796875
0 0.7845458984375 0.578369140625 0.007080078125 0.017578125
0 0.662353515625 0.4864501953125 0.02490234375 0.025634765625
0 0.0198974609375 0.5694580078125 0.039794921875 0.057373046875
0 0.673583984375 0.5150146484375 0.0126953125 0.017333984375
0 0.0159912109375 0.5133056640625 0.024658203125 0.058349609375
0 0.6739501953125 0.5281982421875 0.006591796875 0.009521484375
0 0.782958984375 0.559326171875 0.01025390625 0.02294921875
0 0.0196533203125 0.6058349609375 0.039306640625 0.020263671875
0 0.0201416015625 0.6260986328125 0.040283203125 0.016845703125
