0 0.869384765625 0.1741943359375 0.05322265625 0.058349609375
0 0.871826171875 0.225341796875 0.0546875 0.04248046875
0 0.8658447265625 0.1036376953125 0.070556640625 0.085693359375
0 0.564697265625 0.750244140625 0.02197265625 0.00732421875
0 0.96923828125 0.7567138671875 0.01123046875 0.014404296875
0 0.8409423828125 0.775634765625 0.007568359375 0.00537109375
0 0.5657958984375 0.7259521484375 0.010498046875 0.018310546875
0 0.537353515625 0.7554931640625 0.0078125 0.010498046875
0 0.610107421875 0.753662109375 0.0205078125 0.005859375
0 0.341552734375 0.7420654296875 0.0068359375 0.018798828125
0 0.841064453125 0.7685546875 0.0068359375 0.00830078125
0 0.9697265625 0.7684326171875 0.0107421875 0.008544921875
