0 0.619384765625 0.5087890625 0.01513671875 0.02783203125
0 0.5635986328125 0.43115234375 0.011474609375 0.01416015625
0 0.4022216796875 0.433837890625 0.012451171875 0.021484375
0 0.314208984375 0.527587890625 0.00537109375 0.00732421875
0 0.5167236328125 0.43408203125 0.010986328125 0.0146484375
0 0.40234375 0.4359130859375 0.01123046875 0.014404296875
0 0.5030517578125 0.432373046875 0.012451171875 0.02099609375
0 0.3328857421875 0.5029296875 0.015380859375 0.02783203125
0 0.3819580078125 0.503662109375 0.010009765625 0.013671875
0 0.5885009765625 0.5177001953125 0.010009765625 0.002685546875
0 0.5633544921875 0.42919921875 0.012451171875 0.021484375
0 0.5621337890625 0.5010986328125 0.008544921875 0.012939453125
0 0.7987060546875 0.484130859375 0.020751953125 0.01904296875
0 0.7982177734375 0.458984375 0.023193359375 0.02978515625
0 0.8277587890625 0.4091796875 0.022216796875 0.02978515625
0 0.5169677734375 0.4322509765625 0.012939453125 0.021728515625
0 0.461181640625 0.5018310546875 0.01025390625 0.003662109375
0 0.7982177734375 0.43408203125 0.020263671875 0.01904296875
0 0.828369140625 0.4356689453125 0.02001953125 0.017822265625
0 0.5765380859375 0.4293212890625 0.011962890625 0.020751953125
0 0.385986328125 0.433837890625 0.0126953125 0.02099609375
0 0.7991943359375 0.5089111328125 0.022216796875 0.030029296875
0 0.33349609375 0.496826171875 0.01513671875 0.025390625
0 0.798095703125 0.4083251953125 0.0224609375 0.029541015625
0 0.79931640625 0.5355224609375 0.02001953125 0.018798828125
0 0.421875 0.5311279296875 0.00390625 0.006103515625
0 0.5667724609375 0.52490234375 0.007568359375 0.009765625
0 0.828857421875 0.4849853515625 0.02001953125 0.016845703125
0 0.683837890625 0.5098876953125 0.0205078125 0.022705078125
0 0.64794921875 0.515380859375 0.0126953125 0.0205078125
0 0.8287353515625 0.4600830078125 0.022705078125 0.029052734375
