0 0.517333984375 0.208251953125 0.1455078125 0.1962890625
0 0.0155029296875 0.490478515625 0.026123046875 0.02978515625
0 0.6669921875 0.2257080078125 0.1328125 0.134033203125
0 0.401611328125 0.5400390625 0.0029296875 0.01416015625
0 0.7933349609375 0.233642578125 0.104736328125 0.09716796875
0 0.9873046875 0.4620361328125 0.0244140625 0.111083984375
0 0.19482421875 0.5269775390625 0.001953125 0.018310546875
0 0.0157470703125 0.4820556640625 0.003662109375 0.005615234375
0 0.4017333984375 0.5274658203125 0.005126953125 0.011962890625
0 0.1956787109375 0.51123046875 0.003173828125 0.01318359375
0 0.6488037109375 0.53759765625 0.002197265625 0.013671875
0 0.23974609375 0.445556640625 0.00537109375 0.0146484375
0 0.2547607421875 0.4610595703125 0.005126953125 0.008056640625
0 0.447265625 0.474609375 0.00439453125 0.0087890625
0 0.6551513671875 0.4359130859375 0.005615234375 0.010498046875
0 0.5462646484375 0.1522216796875 0.020263671875 0.045654296875
0 0.426513671875 0.47412109375 0.0048828125 0.0087890625
0 0.4893798828125 0.1495361328125 0.025146484375 0.025634765625
