0 0.7445068359375 0.6116943359375 0.007080078125 0.009521484375
0 0.713134765625 0.597900390625 0.0087890625 0.0068359375
0 0.71337890625 0.604736328125 0.00830078125 0.0068359375
0 0.7451171875 0.6239013671875 0.00439453125 0.015380859375
0 0.704345703125 0.598388671875 0.0078125 0.0068359375
0 0.7037353515625 0.590087890625 0.008056640625 0.01025390625
0 0.71240234375 0.588623046875 0.0087890625 0.0107421875
0 0.70458984375 0.6051025390625 0.0078125 0.007080078125
0 0.73388671875 0.565673828125 0.013671875 0.01708984375
0 0.42626953125 0.61328125 0.00537109375 0.01025390625
0 0.7071533203125 0.5791015625 0.007568359375 0.01025390625
0 0.734375 0.58056640625 0.013671875 0.01171875
0 0.760009765625 0.5740966796875 0.01953125 0.016845703125
0 0.7333984375 0.5921630859375 0.0068359375 0.010986328125
0 0.7696533203125 0.6099853515625 0.006591796875 0.009521484375
0 0.729248046875 0.574462890625 0.0205078125 0.01708984375
0 0.740234375 0.6070556640625 0.01806640625 0.015869140625
