0 0.6085205078125 0.2784423828125 0.019775390625 0.031982421875
0 0.25048828125 0.2923583984375 0.00537109375 0.009521484375
0 0.7818603515625 0.2451171875 0.013916015625 0.03369140625
0 0.608154296875 0.2430419921875 0.02099609375 0.042724609375
0 0.5865478515625 0.204345703125 0.013916015625 0.02880859375
0 0.6253662109375 0.3145751953125 0.007080078125 0.012451171875
0 0.188232421875 0.3260498046875 0.01904296875 0.076904296875
0 0.1854248046875 0.235595703125 0.020751953125 0.0517578125
0 0.3824462890625 0.4166259765625 0.007568359375 0.041748046875
0 0.3826904296875 0.3724365234375 0.013427734375 0.032470703125
0 0.8040771484375 0.21484375 0.008056640625 0.0205078125
0 0.7816162109375 0.2755126953125 0.011962890625 0.020263671875
0 0.7813720703125 0.2440185546875 0.032958984375 0.015869140625
0 0.782470703125 0.196533203125 0.0302734375 0.0126953125
0 0.7872314453125 0.2667236328125 0.021240234375 0.013916015625
0 0.791748046875 0.253662109375 0.01220703125 0.01123046875
0 0.2471923828125 0.2664794921875 0.012451171875 0.040771484375
0 0.7823486328125 0.205078125 0.006591796875 0.005859375
