0 0.540771484375 0.5477294921875 0.009765625 0.016357421875
0 0.6212158203125 0.7431640625 0.008056640625 0.0205078125
0 0.6363525390625 0.5479736328125 0.053955078125 0.037841796875
0 0.6724853515625 0.54736328125 0.009521484375 0.0146484375
0 0.4449462890625 0.6461181640625 0.008544921875 0.006103515625
0 0.57666015625 0.548095703125 0.05322265625 0.0390625
0 0.5406494140625 0.5455322265625 0.010986328125 0.034423828125
0 0.6729736328125 0.547607421875 0.011962890625 0.03857421875
0 0.5306396484375 0.7413330078125 0.011474609375 0.020751953125
0 0.4556884765625 0.6453857421875 0.006591796875 0.006591796875
0 0.4364013671875 0.64599609375 0.007080078125 0.00732421875
0 0.4967041015625 0.6568603515625 0.004638671875 0.007568359375
