0 0.7686767578125 0.7791748046875 0.017333984375 0.024169921875
0 0.454345703125 0.7767333984375 0.01416015625 0.018798828125
0 0.4049072265625 0.5230712890625 0.057861328125 0.028076171875
0 0.4625244140625 0.790283203125 0.035400390625 0.06640625
0 0.560791015625 0.5283203125 0.0576171875 0.02734375
0 0.7208251953125 0.532958984375 0.058837890625 0.02783203125
0 0.08740234375 0.5126953125 0.056640625 0.02734375
0 0.2490234375 0.51806640625 0.05615234375 0.02734375
0 0.649169921875 0.7818603515625 0.013671875 0.018310546875
0 0.67529296875 0.796630859375 0.0419921875 0.07568359375
0 0.6549072265625 0.795654296875 0.031005859375 0.0673828125
0 0.262939453125 0.78662109375 0.0419921875 0.0673828125
0 0.7529296875 0.66748046875 0.02978515625 0.05615234375
0 0.6214599609375 0.660888671875 0.031005859375 0.0537109375
0 0.491943359375 0.6561279296875 0.02880859375 0.054443359375
0 0.3956298828125 0.7200927734375 0.015869140625 0.021240234375
0 0.2381591796875 0.646728515625 0.028076171875 0.0537109375
0 0.36474609375 0.650634765625 0.0283203125 0.05322265625
0 0.06201171875 0.7789306640625 0.03955078125 0.077392578125
0 0.01513671875 0.760009765625 0.01611328125 0.0224609375
0 0.0838623046875 0.7762451171875 0.021240234375 0.049072265625
0 0.486328125 0.4483642578125 0.193359375 0.049072265625
0 0.9073486328125 0.862548828125 0.057373046875 0.0439453125
0 0.218994140625 0.736572265625 0.01611328125 0.06640625
