0 0.41552734375 0.6339111328125 0.0234375 0.030517578125
0 0.091796875 0.4832763671875 0.18359375 0.190673828125
0 0.5206298828125 0.64794921875 0.009033203125 0.01220703125
0 0.6357421875 0.6363525390625 0.01806640625 0.022705078125
0 0.4114990234375 0.65283203125 0.020263671875 0.0166015625
0 0.0555419921875 0.4197998046875 0.022705078125 0.032470703125
0 0.480224609375 0.6531982421875 0.00830078125 0.002685546875
0 0.439697265625 0.6280517578125 0.0380859375 0.032470703125
0 0.6358642578125 0.6556396484375 0.019775390625 0.013427734375
0 0.43603515625 0.6473388671875 0.00830078125 0.008056640625
0 0.43603515625 0.6544189453125 0.0078125 0.006103515625
