0 0.2066650390625 0.285888671875 0.012451171875 0.0205078125
0 0.5609130859375 0.3721923828125 0.008544921875 0.010986328125
0 0.6363525390625 0.3931884765625 0.005126953125 0.006591796875
0 0.5364990234375 0.3597412109375 0.011962890625 0.009521484375
0 0.6229248046875 0.386474609375 0.005126953125 0.0068359375
0 0.639892578125 0.38330078125 0.01025390625 0.0078125
0 0.55615234375 0.3687744140625 0.009765625 0.008544921875
0 0.5697021484375 0.383056640625 0.005126953125 0.0068359375
0 0.7412109375 0.3770751953125 0.0234375 0.018310546875
0 0.5892333984375 0.370361328125 0.014892578125 0.00537109375
0 0.7010498046875 0.38818359375 0.013427734375 0.01025390625
0 0.84716796875 0.3302001953125 0.025390625 0.063232421875
0 0.8480224609375 0.322998046875 0.021240234375 0.03173828125
0 0.628662109375 0.38232421875 0.00830078125 0.01123046875
0 0.593994140625 0.3624267578125 0.0234375 0.017333984375
0 0.6270751953125 0.3826904296875 0.007568359375 0.010986328125
0 0.64208984375 0.39453125 0.00439453125 0.005859375
