0 0.5166015625 0.5709228515625 0.0185546875 0.023681640625
0 0.0169677734375 0.435791015625 0.018798828125 0.0263671875
0 0.4971923828125 0.5662841796875 0.018310546875 0.022705078125
0 0.4957275390625 0.5380859375 0.015380859375 0.02099609375
0 0.0284423828125 0.4578857421875 0.015869140625 0.019775390625
0 0.025390625 0.4744873046875 0.01611328125 0.022705078125
0 0.4549560546875 0.531494140625 0.014892578125 0.0205078125
0 0.4393310546875 0.57666015625 0.014404296875 0.02099609375
0 0.4779052734375 0.5631103515625 0.016845703125 0.022705078125
0 0.475341796875 0.5350341796875 0.0146484375 0.019287109375
0 0.435302734375 0.5291748046875 0.013671875 0.018798828125
0 0.46337890625 0.5584716796875 0.0146484375 0.022216796875
0 0.4473876953125 0.5560302734375 0.013916015625 0.021240234375
0 0.517578125 0.5413818359375 0.01611328125 0.020263671875
0 0.4312744140625 0.5531005859375 0.014404296875 0.019287109375
