0 0.63330078125 0.704345703125 0.021484375 0.04150390625
0 0.5855712890625 0.7119140625 0.012451171875 0.017578125
0 0.603271484375 0.6656494140625 0.00634765625 0.009033203125
0 0.55419921875 0.7022705078125 0.0205078125 0.024169921875
0 0.6502685546875 0.7139892578125 0.003662109375 0.005615234375
0 0.65283203125 0.7137451171875 0.00341796875 0.005615234375
0 0.6463623046875 0.71533203125 0.004638671875 0.00732421875
0 0.6552734375 0.7139892578125 0.00341796875 0.005615234375
0 0.6336669921875 0.7049560546875 0.007080078125 0.010009765625
0 0.6612548828125 0.71337890625 0.006103515625 0.00439453125
