0 0.2821044921875 0.5926513671875 0.037353515625 0.035400390625
0 0.2022705078125 0.6097412109375 0.046142578125 0.011962890625
0 0.3160400390625 0.6048583984375 0.006103515625 0.007568359375
0 0.3489990234375 0.6055908203125 0.010009765625 0.010009765625
0 0.419189453125 0.5560302734375 0.009765625 0.013916015625
0 0.4503173828125 0.5589599609375 0.010498046875 0.014404296875
0 0.341064453125 0.6134033203125 0.00439453125 0.005615234375
0 0.3487548828125 0.61376953125 0.003662109375 0.00439453125
0 0.35986328125 0.60546875 0.01220703125 0.015625
0 0.4781494140625 0.5587158203125 0.008544921875 0.013427734375
0 0.01611328125 0.64306640625 0.0126953125 0.0439453125
