0 0.1258544921875 0.473876953125 0.007568359375 0.01318359375
0 0.098876953125 0.4896240234375 0.01220703125 0.020263671875
0 0.244873046875 0.4901123046875 0.00830078125 0.012939453125
0 0.2705078125 0.4996337890625 0.01171875 0.018310546875
0 0.0673828125 0.455322265625 0.017578125 0.02734375
0 0.1256103515625 0.484619140625 0.008544921875 0.00537109375
0 0.2662353515625 0.4644775390625 0.014892578125 0.026123046875
0 0.1256103515625 0.4918212890625 0.008544921875 0.006103515625
0 0.2635498046875 0.4814453125 0.014404296875 0.021484375
0 0.197021484375 0.4715576171875 0.01953125 0.033935546875
