0 0.6796875 0.5072021484375 0.013671875 0.018310546875
0 0.508544921875 0.5238037109375 0.00732421875 0.010009765625
0 0.4046630859375 0.49365234375 0.012939453125 0.017578125
0 0.6212158203125 0.518798828125 0.011474609375 0.015625
0 0.4920654296875 0.5120849609375 0.010498046875 0.014404296875
0 0.679443359375 0.513427734375 0.01611328125 0.0380859375
0 0.3001708984375 0.50146484375 0.011962890625 0.0107421875
0 0.3004150390625 0.4849853515625 0.015380859375 0.021240234375
0 0.426513671875 0.5201416015625 0.00634765625 0.007568359375
0 0.4046630859375 0.499267578125 0.014892578125 0.03564453125
0 0.47900390625 0.522216796875 0.00537109375 0.0068359375
0 0.4788818359375 0.527587890625 0.003173828125 0.00390625
