0 0.7425537109375 0.5831298828125 0.091552734375 0.039306640625
0 0.3409423828125 0.6319580078125 0.002197265625 0.005615234375
0 0.5755615234375 0.6153564453125 0.005615234375 0.007080078125
0 0.57568359375 0.62109375 0.00341796875 0.00341796875
0 0.3121337890625 0.6285400390625 0.003662109375 0.008544921875
0 0.5697021484375 0.6151123046875 0.005615234375 0.006591796875
0 0.5692138671875 0.60888671875 0.004638671875 0.00341796875
0 0.57568359375 0.610107421875 0.00439453125 0.0029296875
0 0.5699462890625 0.62109375 0.004150390625 0.00390625
0 0.529541015625 0.629150390625 0.00732421875 0.0078125
