0 0.5001220703125 0.5460205078125 0.008544921875 0.010986328125
0 0.394287109375 0.559326171875 0.00439453125 0.005859375
0 0.4971923828125 0.5418701171875 0.040283203125 0.038330078125
0 0.441650390625 0.558837890625 0.00244140625 0.00390625
0 0.394287109375 0.563720703125 0.00439453125 0.00244140625
0 0.4022216796875 0.567626953125 0.005126953125 0.001953125
0 0.45458984375 0.5625 0.0048828125 0.001953125
0 0.402587890625 0.5609130859375 0.0029296875 0.004638671875
0 0.4547119140625 0.55810546875 0.004150390625 0.005859375
0 0.4490966796875 0.5609130859375 0.003662109375 0.005126953125
