0 0.538818359375 0.4488525390625 0.01513671875 0.020751953125
0 0.7210693359375 0.41650390625 0.033447265625 0.06787109375
0 0.583251953125 0.455078125 0.00830078125 0.00634765625
0 0.53857421875 0.4620361328125 0.0087890625 0.006103515625
0 0.56884765625 0.4649658203125 0.00537109375 0.007568359375
0 0.5758056640625 0.4547119140625 0.007568359375 0.005126953125
0 0.513916015625 0.45654296875 0.013671875 0.005859375
0 0.51416015625 0.4637451171875 0.015625 0.009033203125
0 0.747802734375 0.4537353515625 0.02001953125 0.011962890625
0 0.4600830078125 0.459228515625 0.007568359375 0.01220703125
0 0.5843505859375 0.4454345703125 0.010498046875 0.013427734375
0 0.460205078125 0.4462890625 0.00927734375 0.01171875
0 0.2725830078125 0.4085693359375 0.028564453125 0.037841796875
0 0.6427001953125 0.4639892578125 0.003662109375 0.003173828125
0 0.642822265625 0.4578857421875 0.00634765625 0.008544921875
