0 0.3897705078125 0.3057861328125 0.133056640625 0.052001953125
0 0.8662109375 0.3226318359375 0.05322265625 0.023681640625
0 0.9832763671875 0.3277587890625 0.032958984375 0.023193359375
0 0.776611328125 0.5848388671875 0.02392578125 0.046142578125
0 0.593994140625 0.5853271484375 0.02392578125 0.047119140625
0 0.39697265625 0.5821533203125 0.0234375 0.047119140625
0 0.2603759765625 0.653076171875 0.041748046875 0.0390625
0 0.1727294921875 0.593017578125 0.010986328125 0.01513671875
0 0.2117919921875 0.5806884765625 0.024169921875 0.047607421875
0 0.1192626953125 0.6676025390625 0.006103515625 0.013427734375
0 0.0469970703125 0.5869140625 0.007568359375 0.01513671875
0 0.0350341796875 0.57666015625 0.022216796875 0.046875
0 0.028076171875 0.6446533203125 0.03515625 0.039306640625
0 0.3544921875 0.66357421875 0.01171875 0.01513671875
0 0.7763671875 0.578857421875 0.017578125 0.0244140625
0 0.5933837890625 0.5782470703125 0.018798828125 0.025634765625
0 0.396728515625 0.5758056640625 0.01806640625 0.024169921875
0 0.2120361328125 0.5736083984375 0.016845703125 0.023193359375
0 0.0350341796875 0.5711669921875 0.014892578125 0.023681640625
