0 0.474853515625 0.54296875 0.00537109375 0.01171875
0 0.5574951171875 0.5345458984375 0.008056640625 0.017333984375
0 0.8233642578125 0.50830078125 0.042236328125 0.0595703125
0 0.4857177734375 0.5419921875 0.004638671875 0.0107421875
0 0.556640625 0.5439453125 0.00634765625 0.01318359375
0 0.6361083984375 0.53076171875 0.015380859375 0.00732421875
0 0.50390625 0.5379638671875 0.0048828125 0.004150390625
0 0.70703125 0.5364990234375 0.01123046875 0.021728515625
0 0.7064208984375 0.5537109375 0.007568359375 0.00439453125
0 0.6361083984375 0.510986328125 0.015869140625 0.0283203125
0 0.777587890625 0.5377197265625 0.0087890625 0.015869140625
