0 0.2667236328125 0.2396240234375 0.011474609375 0.012939453125
0 0.302490234375 0.1876220703125 0.04052734375 0.006103515625
0 0.30322265625 0.2073974609375 0.0419921875 0.032470703125
0 0.3272705078125 0.2288818359375 0.010009765625 0.006591796875
0 0.4061279296875 0.232177734375 0.005126953125 0.00634765625
0 0.4285888671875 0.2265625 0.007080078125 0.005859375
0 0.4075927734375 0.25830078125 0.003662109375 0.00537109375
0 0.429931640625 0.2197265625 0.01220703125 0.0068359375
0 0.30078125 0.2288818359375 0.01220703125 0.006103515625
0 0.30078125 0.234619140625 0.01123046875 0.00439453125
0 0.4066162109375 0.23681640625 0.008544921875 0.0029296875
