0 0.925048828125 0.5430908203125 0.0146484375 0.013427734375
0 0.925537109375 0.5274658203125 0.01416015625 0.016845703125
0 0.94091796875 0.5272216796875 0.0146484375 0.017333984375
0 0.9407958984375 0.5140380859375 0.012939453125 0.009521484375
0 0.9415283203125 0.5428466796875 0.013427734375 0.013427734375
0 0.8123779296875 0.582275390625 0.004638671875 0.00537109375
0 0.9249267578125 0.5142822265625 0.014404296875 0.009033203125
0 0.8123779296875 0.5775146484375 0.005615234375 0.004150390625
0 0.8648681640625 0.5723876953125 0.004638671875 0.012451171875
0 0.812255859375 0.5726318359375 0.005859375 0.006103515625
