0 0.5721435546875 0.4918212890625 0.027099609375 0.009033203125
0 0.4716796875 0.4390869140625 0.01708984375 0.020751953125
0 0.41748046875 0.4844970703125 0.01611328125 0.023193359375
0 0.4173583984375 0.50927734375 0.014892578125 0.0224609375
0 0.4051513671875 0.3916015625 0.018310546875 0.03564453125
0 0.4239501953125 0.389404296875 0.019775390625 0.03466796875
0 0.5306396484375 0.50244140625 0.004638671875 0.00634765625
0 0.56982421875 0.4833984375 0.00732421875 0.00439453125
0 0.581787109375 0.483154296875 0.01025390625 0.00341796875
0 0.561767578125 0.483154296875 0.00732421875 0.00390625
0 0.51123046875 0.516845703125 0.00341796875 0.0048828125
