0 0.389892578125 0.4554443359375 0.03125 0.006591796875
0 0.411376953125 0.561279296875 0.02294921875 0.02880859375
0 0.2177734375 0.50390625 0.04736328125 0.06787109375
0 0.439208984375 0.57080078125 0.01171875 0.013671875
0 0.483642578125 0.56005859375 0.00927734375 0.00927734375
0 0.1322021484375 0.5076904296875 0.026123046875 0.015869140625
0 0.0264892578125 0.3297119140625 0.015869140625 0.020751953125
0 0.4072265625 0.5443115234375 0.0146484375 0.006591796875
0 0.4755859375 0.559814453125 0.00830078125 0.00732421875
0 0.46533203125 0.5592041015625 0.01171875 0.010986328125
0 0.207763671875 0.5137939453125 0.0107421875 0.017822265625
0 0.132568359375 0.531005859375 0.02783203125 0.033203125
0 0.2279052734375 0.5145263671875 0.011962890625 0.016357421875
