0 0.401123046875 0.5206298828125 0.01318359375 0.015869140625
0 0.5223388671875 0.4246826171875 0.039794921875 0.046630859375
0 0.427490234375 0.5032958984375 0.0166015625 0.019287109375
0 0.440185546875 0.4884033203125 0.00537109375 0.009521484375
0 0.4644775390625 0.4937744140625 0.012939453125 0.021728515625
0 0.5223388671875 0.458251953125 0.028564453125 0.0205078125
0 0.3846435546875 0.530517578125 0.006591796875 0.0068359375
0 0.3846435546875 0.536376953125 0.006591796875 0.00390625
0 0.401123046875 0.534423828125 0.00927734375 0.01318359375
0 0.4271240234375 0.5185546875 0.012939453125 0.009765625
