0 0.47509765625 0.6859130859375 0.0234375 0.017333984375
0 0.4180908203125 0.7032470703125 0.005126953125 0.007080078125
0 0.417724609375 0.6962890625 0.005859375 0.00634765625
0 0.4178466796875 0.6903076171875 0.006103515625 0.004638671875
0 0.900146484375 0.4864501953125 0.11572265625 0.148681640625
0 0.305908203125 0.7142333984375 0.00439453125 0.006103515625
0 0.30615234375 0.70849609375 0.0048828125 0.00439453125
0 0.30615234375 0.703857421875 0.0048828125 0.00390625
0 0.2218017578125 0.7086181640625 0.009521484375 0.010986328125
0 0.22265625 0.696044921875 0.0107421875 0.01318359375
0 0.022216796875 0.6845703125 0.03759765625 0.01708984375
0 0.0235595703125 0.653076171875 0.039306640625 0.04736328125
