0 0.7259521484375 0.6328125 0.039306640625 0.0546875
0 0.4779052734375 0.724853515625 0.005615234375 0.01171875
0 0.4776611328125 0.7158203125 0.009521484375 0.00830078125
0 0.4776611328125 0.709716796875 0.009033203125 0.00341796875
0 0.47802734375 0.7020263671875 0.0087890625 0.011474609375
0 0.4774169921875 0.6907958984375 0.007568359375 0.010009765625
0 0.47314453125 0.729248046875 0.0048828125 0.00634765625
0 0.55712890625 0.6939697265625 0.01953125 0.026611328125
0 0.205322265625 0.698974609375 0.00927734375 0.0234375
0 0.2568359375 0.713134765625 0.005859375 0.01611328125
0 0.258056640625 0.691650390625 0.00537109375 0.02685546875
0 0.3653564453125 0.7196044921875 0.005126953125 0.010009765625
0 0.45263671875 0.7412109375 0.0048828125 0.0048828125
0 0.4368896484375 0.735595703125 0.007080078125 0.0087890625
0 0.72607421875 0.677490234375 0.044921875 0.03466796875
0 0.2060546875 0.6689453125 0.009765625 0.0361328125
0 0.55712890625 0.715087890625 0.00390625 0.01513671875
