0 0.552978515625 0.538330078125 0.01904296875 0.03173828125
0 0.553466796875 0.572509765625 0.02001953125 0.033203125
0 0.51416015625 0.6312255859375 0.00537109375 0.003173828125
0 0.5047607421875 0.6083984375 0.010009765625 0.0146484375
0 0.504638671875 0.6226806640625 0.00927734375 0.013427734375
0 0.232666015625 0.58349609375 0.0205078125 0.01171875
0 0.233154296875 0.5709228515625 0.0048828125 0.013427734375
0 0.553955078125 0.5960693359375 0.01904296875 0.013427734375
0 0.5294189453125 0.631103515625 0.003662109375 0.02001953125
0 0.5289306640625 0.6092529296875 0.008544921875 0.020263671875
0 0.517578125 0.6357421875 0.00146484375 0.0126953125
0 0.5045166015625 0.634033203125 0.010009765625 0.00634765625
0 0.1973876953125 0.5784912109375 0.008544921875 0.041748046875
0 0.10595703125 0.5592041015625 0.02734375 0.056884765625
