0 0.906005859375 0.5247802734375 0.0185546875 0.030517578125
0 0.586669921875 0.587158203125 0.00732421875 0.021484375
0 0.56396484375 0.5103759765625 0.02392578125 0.043701171875
0 0.56494140625 0.4561767578125 0.033203125 0.060302734375
0 0.6158447265625 0.5869140625 0.008544921875 0.02001953125
0 0.5426025390625 0.556884765625 0.010009765625 0.00830078125
0 0.64208984375 0.587158203125 0.00927734375 0.02001953125
0 0.5992431640625 0.5870361328125 0.008544921875 0.020751953125
0 0.5738525390625 0.587158203125 0.008056640625 0.0224609375
0 0.56396484375 0.5465087890625 0.01904296875 0.014404296875
0 0.9066162109375 0.5462646484375 0.012451171875 0.010009765625
0 0.542236328125 0.5390625 0.01416015625 0.0263671875
