0 0.6103515625 0.587890625 0.0078125 0.01123046875
0 0.4493408203125 0.5931396484375 0.009033203125 0.011474609375
0 0.6231689453125 0.5877685546875 0.008544921875 0.011474609375
0 0.5452880859375 0.5919189453125 0.007568359375 0.010498046875
0 0.4622802734375 0.599609375 0.005126953125 0.00732421875
0 0.5550537109375 0.5863037109375 0.006103515625 0.008056640625
0 0.5352783203125 0.5970458984375 0.004638671875 0.006591796875
0 0.6162109375 0.573974609375 0.00830078125 0.0107421875
0 0.4493408203125 0.5755615234375 0.010009765625 0.011962890625
0 0.5556640625 0.59814453125 0.00634765625 0.0087890625
0 0.5447998046875 0.5753173828125 0.009521484375 0.011962890625
0 0.5450439453125 0.583251953125 0.007568359375 0.00439453125
0 0.61669921875 0.5806884765625 0.00634765625 0.003173828125
0 0.449462890625 0.584228515625 0.0078125 0.0048828125
