0 0.380126953125 0.4599609375 0.01806640625 0.01611328125
0 0.6846923828125 0.11083984375 0.005615234375 0.0654296875
0 0.3804931640625 0.4405517578125 0.009033203125 0.017822265625
0 0.6104736328125 0.4515380859375 0.004150390625 0.007568359375
0 0.610595703125 0.4619140625 0.0087890625 0.00830078125
0 0.6517333984375 0.205322265625 0.013916015625 0.025390625
0 0.638427734375 0.25927734375 0.01025390625 0.01806640625
0 0.6099853515625 0.44970703125 0.009521484375 0.017578125
0 0.3798828125 0.43408203125 0.017578125 0.03271484375
0 0.650146484375 0.244140625 0.041015625 0.083984375
0 0.272705078125 0.559814453125 0.017578125 0.03271484375
0 0.380615234375 0.4111328125 0.0234375 0.01416015625
0 0.6695556640625 0.38134765625 0.005615234375 0.0087890625
0 0.723388671875 0.6334228515625 0.013671875 0.022705078125
0 0.6776123046875 0.20458984375 0.076416015625 0.044921875
0 0.652099609375 0.32958984375 0.04345703125 0.08544921875
0 0.6558837890625 0.34326171875 0.025146484375 0.044921875
0 0.6553955078125 0.2374267578125 0.022216796875 0.016845703125
