0 0.46240234375 0.59521484375 0.01171875 0.0205078125
0 0.657958984375 0.59375 0.01953125 0.0263671875
0 0.6107177734375 0.5919189453125 0.013916015625 0.018310546875
0 0.7420654296875 0.6273193359375 0.015869140625 0.024169921875
0 0.5743408203125 0.6036376953125 0.005615234375 0.008056640625
0 0.56787109375 0.60107421875 0.0087890625 0.0146484375
0 0.59912109375 0.601318359375 0.01806640625 0.01220703125
0 0.4625244140625 0.5985107421875 0.008544921875 0.012451171875
0 0.5872802734375 0.6005859375 0.007080078125 0.01171875
0 0.611328125 0.604248046875 0.0107421875 0.00634765625
