0 0.732666015625 0.500732421875 0.048828125 0.06005859375
0 0.761474609375 0.56005859375 0.08544921875 0.0556640625
0 0.0479736328125 0.5028076171875 0.095947265625 0.073486328125
0 0.5335693359375 0.509033203125 0.043212890625 0.02734375
0 0.4649658203125 0.5086669921875 0.042236328125 0.027099609375
0 0.5472412109375 0.5849609375 0.007080078125 0.00927734375
0 0.5252685546875 0.514404296875 0.008056640625 0.01171875
0 0.446533203125 0.5819091796875 0.00634765625 0.008056640625
0 0.449462890625 0.5767822265625 0.005859375 0.007568359375
0 0.38037109375 0.582763671875 0.005859375 0.00830078125
0 0.6143798828125 0.5870361328125 0.013916015625 0.008056640625
