0 0.539794921875 0.4515380859375 0.021484375 0.035400390625
0 0.7276611328125 0.5977783203125 0.006591796875 0.032958984375
0 0.5673828125 0.618408203125 0.00341796875 0.00634765625
0 0.5079345703125 0.600341796875 0.002197265625 0.0048828125
0 0.5626220703125 0.6143798828125 0.002685546875 0.008544921875
0 0.551513671875 0.608154296875 0.00537109375 0.0087890625
0 0.54345703125 0.608642578125 0.0068359375 0.00634765625
0 0.5430908203125 0.5955810546875 0.006591796875 0.005615234375
0 0.539306640625 0.4661865234375 0.03271484375 0.074951171875
0 0.4818115234375 0.443359375 0.020751953125 0.0185546875
0 0.6351318359375 0.4586181640625 0.034912109375 0.076904296875
0 0.58642578125 0.46240234375 0.03466796875 0.07568359375
0 0.5511474609375 0.5994873046875 0.005615234375 0.010009765625
0 0.5867919921875 0.44970703125 0.021728515625 0.03662109375
0 0.63427734375 0.4462890625 0.02294921875 0.03759765625
0 0.4931640625 0.469970703125 0.04443359375 0.078125
0 0.54345703125 0.6015625 0.00732421875 0.00927734375
0 0.503173828125 0.5980224609375 0.00390625 0.007080078125
0 0.368896484375 0.5958251953125 0.00537109375 0.031005859375
0 0.494384765625 0.6019287109375 0.00927734375 0.008544921875
