0 0.4700927734375 0.5169677734375 0.013427734375 0.023193359375
0 0.359375 0.568115234375 0.0048828125 0.0048828125
0 0.4013671875 0.5635986328125 0.00830078125 0.008056640625
0 0.428466796875 0.5628662109375 0.00341796875 0.008544921875
0 0.191162109375 0.4906005859375 0.0537109375 0.048095703125
0 0.18994140625 0.522705078125 0.0537109375 0.01953125
0 0.5211181640625 0.5474853515625 0.020751953125 0.013916015625
0 0.3297119140625 0.5567626953125 0.008056640625 0.014404296875
0 0.35986328125 0.560791015625 0.0048828125 0.0087890625
0 0.3172607421875 0.531494140625 0.011962890625 0.02099609375
0 0.171875 0.490234375 0.01025390625 0.01611328125
0 0.5595703125 0.3739013671875 0.0302734375 0.055908203125
0 0.0338134765625 0.5255126953125 0.015869140625 0.026123046875
0 0.45166015625 0.5657958984375 0.0078125 0.014404296875
0 0.20947265625 0.4923095703125 0.01220703125 0.018798828125
0 0.5145263671875 0.432373046875 0.040283203125 0.02685546875
0 0.4361572265625 0.5408935546875 0.014404296875 0.013427734375
