0 0.2724609375 0.62646484375 0.0126953125 0.0166015625
0 0.2718505859375 0.640380859375 0.007568359375 0.01123046875
0 0.3646240234375 0.61572265625 0.015869140625 0.021484375
0 0.9127197265625 0.479248046875 0.079833984375 0.06982421875
0 0.8956298828125 0.541015625 0.054443359375 0.0693359375
0 0.365478515625 0.591552734375 0.021484375 0.0283203125
0 0.3338623046875 0.6279296875 0.016357421875 0.0126953125
0 0.1263427734375 0.594970703125 0.017822265625 0.02099609375
0 0.167724609375 0.6502685546875 0.009765625 0.008544921875
0 0.123046875 0.6136474609375 0.013671875 0.007568359375
0 0.1314697265625 0.63330078125 0.010986328125 0.00537109375
0 0.2752685546875 0.60888671875 0.010498046875 0.01611328125
0 0.0845947265625 0.641845703125 0.006103515625 0.00830078125
