0 0.6041259765625 0.444091796875 0.016357421875 0.02294921875
0 0.3096923828125 0.4307861328125 0.018798828125 0.025634765625
0 0.6695556640625 0.404541015625 0.020263671875 0.0263671875
0 0.6693115234375 0.425537109375 0.018798828125 0.01220703125
0 0.34912109375 0.4700927734375 0.0048828125 0.010986328125
0 0.0997314453125 0.4730224609375 0.011962890625 0.030517578125
0 0.3095703125 0.4522705078125 0.0185546875 0.011474609375
0 0.4019775390625 0.469970703125 0.003173828125 0.00732421875
0 0.4241943359375 0.4703369140625 0.002197265625 0.005615234375
0 0.512939453125 0.4549560546875 0.0087890625 0.007080078125
0 0.525390625 0.4552001953125 0.00537109375 0.007568359375
0 0.510009765625 0.464599609375 0.01171875 0.00439453125
