0 0.857177734375 0.2174072265625 0.05224609375 0.069091796875
0 0.966552734375 0.350830078125 0.01513671875 0.01708984375
0 0.919677734375 0.369873046875 0.029296875 0.01220703125
0 0.9681396484375 0.33056640625 0.015869140625 0.02001953125
0 0.8587646484375 0.1097412109375 0.052490234375 0.147705078125
0 0.93798828125 0.358154296875 0.025390625 0.0146484375
0 0.93017578125 0.362060546875 0.00537109375 0.00390625
0 0.9342041015625 0.343017578125 0.017333984375 0.00732421875
0 0.9742431640625 0.3802490234375 0.018310546875 0.018798828125
0 0.9678955078125 0.334716796875 0.024169921875 0.0556640625
0 0.9873046875 0.390380859375 0.00634765625 0.0126953125
