0 0.734375 0.6021728515625 0.00830078125 0.016845703125
0 0.662841796875 0.5908203125 0.02197265625 0.029296875
0 0.4959716796875 0.55322265625 0.021240234375 0.02880859375
0 0.66455078125 0.5615234375 0.0205078125 0.02783203125
0 0.4923095703125 0.581298828125 0.021240234375 0.02880859375
0 0.4921875 0.585693359375 0.00732421875 0.0068359375
0 0.6156005859375 0.5970458984375 0.008544921875 0.009521484375
0 0.512451171875 0.599853515625 0.01318359375 0.0107421875
0 0.96875 0.58935546875 0.0078125 0.021484375
0 0.4932861328125 0.57666015625 0.006103515625 0.01171875
