0 0.422119140625 0.644775390625 0.01513671875 0.013671875
0 0.269287109375 0.65576171875 0.009765625 0.013671875
0 0.4010009765625 0.648681640625 0.009033203125 0.01220703125
0 0.4222412109375 0.631103515625 0.011474609375 0.01611328125
0 0.333984375 0.663330078125 0.0048828125 0.00830078125
0 0.173095703125 0.6561279296875 0.0078125 0.014892578125
0 0.3193359375 0.6688232421875 0.0048828125 0.006591796875
0 0.2615966796875 0.6500244140625 0.010009765625 0.013916015625
0 0.3275146484375 0.6650390625 0.005615234375 0.0068359375
0 0.276611328125 0.6612548828125 0.005859375 0.008544921875
0 0.5301513671875 0.59912109375 0.028076171875 0.03466796875
