0 0.623046875 0.4608154296875 0.0146484375 0.019775390625
0 0.9346923828125 0.2015380859375 0.028076171875 0.031005859375
0 0.9200439453125 0.282958984375 0.010498046875 0.05810546875
0 0.9361572265625 0.2230224609375 0.025146484375 0.034423828125
0 0.9151611328125 0.3319091796875 0.008544921875 0.027587890625
0 0.5531005859375 0.44189453125 0.010009765625 0.00390625
0 0.920166015625 0.234619140625 0.0048828125 0.01904296875
0 0.937744140625 0.2725830078125 0.02783203125 0.070556640625
0 0.937744140625 0.3232421875 0.0166015625 0.03173828125
0 0.397216796875 0.4630126953125 0.00927734375 0.003662109375
0 0.22900390625 0.5313720703125 0.00830078125 0.027587890625
0 0.937744140625 0.4014892578125 0.05517578125 0.116455078125
0 0.7864990234375 0.337890625 0.036376953125 0.03369140625
0 0.62451171875 0.48876953125 0.01123046875 0.0390625
0 0.786376953125 0.314697265625 0.09228515625 0.0361328125
0 0.56591796875 0.4486083984375 0.00244140625 0.012939453125
0 0.9334716796875 0.160400390625 0.033935546875 0.0478515625
