0 0.4599609375 0.5399169921875 0.037109375 0.065185546875
0 0.5184326171875 0.3446044921875 0.050048828125 0.042236328125
0 0.592041015625 0.3438720703125 0.05126953125 0.037841796875
0 0.2880859375 0.3436279296875 0.048828125 0.034912109375
0 0.33642578125 0.3421630859375 0.0478515625 0.036865234375
0 0.341064453125 0.3480224609375 0.0087890625 0.017822265625
0 0.3531494140625 0.3480224609375 0.009033203125 0.015380859375
0 0.3214111328125 0.34521484375 0.012939453125 0.02294921875
0 0.2734375 0.346435546875 0.0126953125 0.0234375
0 0.29248046875 0.34912109375 0.01025390625 0.01611328125
0 0.3046875 0.3489990234375 0.00927734375 0.016845703125
