0 0.807861328125 0.3404541015625 0.041015625 0.028076171875
0 0.2808837890625 0.4603271484375 0.051025390625 0.027587890625
0 0.8001708984375 0.3218994140625 0.009033203125 0.020751953125
0 0.7320556640625 0.3460693359375 0.020751953125 0.034423828125
0 0.7314453125 0.3841552734375 0.02783203125 0.041259765625
0 0.7298583984375 0.411865234375 0.015869140625 0.01220703125
0 0.2794189453125 0.3983154296875 0.023193359375 0.017822265625
0 0.2791748046875 0.3582763671875 0.040771484375 0.060791015625
0 0.4488525390625 0.401611328125 0.007568359375 0.0107421875
0 0.50927734375 0.4080810546875 0.00537109375 0.012451171875
0 0.55615234375 0.392578125 0.005859375 0.00634765625
0 0.556640625 0.405029296875 0.0068359375 0.017578125
0 0.556640625 0.416748046875 0.00341796875 0.005859375
0 0.4488525390625 0.4093017578125 0.008544921875 0.004150390625
