0 0.029541015625 0.067626953125 0.05908203125 0.13525390625
0 0.678955078125 0.453369140625 0.02978515625 0.0478515625
0 0.4381103515625 0.5072021484375 0.006103515625 0.009033203125
0 0.3685302734375 0.46826171875 0.029541015625 0.02734375
0 0.06787109375 0.521484375 0.01220703125 0.013671875
0 0.3760986328125 0.478515625 0.013916015625 0.00537109375
0 0.3572998046875 0.466064453125 0.004150390625 0.0068359375
0 0.170654296875 0.426513671875 0.00537109375 0.0078125
0 0.6832275390625 0.4193115234375 0.016357421875 0.023681640625
0 0.3720703125 0.46533203125 0.00390625 0.0068359375
0 0.390869140625 0.500244140625 0.00390625 0.00830078125
0 0.4903564453125 0.487060546875 0.009521484375 0.0166015625
