0 0.5950927734375 0.5562744140625 0.006591796875 0.008544921875
0 0.698974609375 0.5308837890625 0.01611328125 0.018798828125
0 0.6534423828125 0.5504150390625 0.006591796875 0.008544921875
0 0.5858154296875 0.5635986328125 0.010009765625 0.009033203125
0 0.5716552734375 0.5604248046875 0.005126953125 0.006591796875
0 0.6971435546875 0.55517578125 0.009033203125 0.0224609375
0 0.6387939453125 0.56494140625 0.002685546875 0.00341796875
0 0.6531982421875 0.5572509765625 0.006103515625 0.005126953125
0 0.571533203125 0.565673828125 0.00390625 0.0029296875
0 0.5853271484375 0.5689697265625 0.006103515625 0.002685546875
