0 0.4468994140625 0.731201171875 0.008056640625 0.00439453125
0 0.36083984375 0.7359619140625 0.00341796875 0.005126953125
0 0.546142578125 0.206298828125 0.11669921875 0.13525390625
0 0.547119140625 0.34814453125 0.11962890625 0.15625
0 0.36669921875 0.34228515625 0.125 0.1611328125
0 0.6829833984375 0.3646240234375 0.146240234375 0.132080078125
0 0.420654296875 0.7174072265625 0.01123046875 0.009521484375
0 0.506103515625 0.7305908203125 0.00732421875 0.014892578125
0 0.458984375 0.734619140625 0.001953125 0.0029296875
0 0.4586181640625 0.7305908203125 0.002685546875 0.005126953125
0 0.4327392578125 0.7393798828125 0.001708984375 0.005126953125
0 0.4708251953125 0.737060546875 0.003173828125 0.0048828125
0 0.470947265625 0.7313232421875 0.00341796875 0.005126953125
0 0.43017578125 0.7186279296875 0.00634765625 0.008056640625
