0 0.4576416015625 0.497802734375 0.021728515625 0.02685546875
0 0.484619140625 0.6279296875 0.0068359375 0.00927734375
0 0.5028076171875 0.62255859375 0.005126953125 0.01025390625
0 0.5286865234375 0.656005859375 0.003173828125 0.01025390625
0 0.4873046875 0.516845703125 0.0224609375 0.0341796875
0 0.749755859375 0.6260986328125 0.00830078125 0.018798828125
0 0.540283203125 0.6663818359375 0.0048828125 0.008544921875
0 0.54931640625 0.648193359375 0.0048828125 0.015625
0 0.4266357421875 0.65576171875 0.003662109375 0.01123046875
0 0.7489013671875 0.6087646484375 0.008056640625 0.014892578125
0 0.025146484375 0.64697265625 0.01171875 0.03515625
0 0.041748046875 0.5546875 0.03076171875 0.015625
0 0.8306884765625 0.522705078125 0.043701171875 0.037109375
0 0.8670654296875 0.44091796875 0.047607421875 0.0224609375
0 0.242431640625 0.6492919921875 0.017578125 0.017333984375
0 0.8287353515625 0.47900390625 0.045654296875 0.0546875
0 0.2418212890625 0.6290283203125 0.017822265625 0.022216796875
0 0.4576416015625 0.521728515625 0.021240234375 0.021484375
0 0.550048828125 0.66162109375 0.00537109375 0.0087890625
