0 0.7088623046875 0.4993896484375 0.039306640625 0.051025390625
0 0.50048828125 0.6434326171875 0.009765625 0.015380859375
0 0.714599609375 0.5533447265625 0.044921875 0.052001953125
0 0.366943359375 0.6492919921875 0.01025390625 0.012939453125
0 0.4864501953125 0.650634765625 0.006591796875 0.0087890625
0 0.755859375 0.461181640625 0.04150390625 0.04833984375
0 0.3580322265625 0.648193359375 0.006103515625 0.0087890625
0 0.2015380859375 0.6214599609375 0.019287109375 0.024658203125
0 0.7486572265625 0.5111083984375 0.009033203125 0.014404296875
0 0.761474609375 0.5106201171875 0.03857421875 0.015869140625
