0 0.9285888671875 0.2861328125 0.141357421875 0.12548828125
0 0.8109130859375 0.4810791015625 0.007080078125 0.010986328125
0 0.7237548828125 0.4132080078125 0.041259765625 0.050537109375
0 0.503662109375 0.45703125 0.015625 0.021484375
0 0.7855224609375 0.48681640625 0.006591796875 0.0234375
0 0.786865234375 0.4432373046875 0.02001953125 0.024658203125
0 0.5780029296875 0.5013427734375 0.005615234375 0.018310546875
0 0.7247314453125 0.44970703125 0.030517578125 0.02294921875
0 0.454833984375 0.466064453125 0.04296875 0.03662109375
0 0.78076171875 0.4638671875 0.0087890625 0.01171875
0 0.5045166015625 0.484375 0.015380859375 0.0107421875
0 0.810791015625 0.4898681640625 0.00439453125 0.007080078125
0 0.9490966796875 0.2650146484375 0.037841796875 0.059326171875
0 0.5042724609375 0.47265625 0.015380859375 0.0107421875
0 0.77392578125 0.4415283203125 0.00341796875 0.039306640625
