0 0.533935546875 0.5699462890625 0.00927734375 0.015869140625
0 0.3917236328125 0.5882568359375 0.006103515625 0.011962890625
0 0.4346923828125 0.568359375 0.009521484375 0.0185546875
0 0.417724609375 0.56396484375 0.02001953125 0.01318359375
0 0.711181640625 0.603759765625 0.03515625 0.03662109375
0 0.4183349609375 0.549072265625 0.020751953125 0.01416015625
0 0.4183349609375 0.535400390625 0.020263671875 0.01416015625
0 0.4345703125 0.580078125 0.005859375 0.00634765625
0 0.532958984375 0.582275390625 0.00537109375 0.00830078125
0 0.575439453125 0.5771484375 0.03076171875 0.0400390625
0 0.5487060546875 0.5902099609375 0.012451171875 0.012939453125
