0 0.664306640625 0.5208740234375 0.01123046875 0.023193359375
0 0.6868896484375 0.51171875 0.016357421875 0.021484375
0 0.873046875 0.40966796875 0.05126953125 0.01611328125
0 0.8721923828125 0.3914794921875 0.025146484375 0.020263671875
0 0.822509765625 0.4622802734375 0.01171875 0.022705078125
0 0.6866455078125 0.5262451171875 0.015869140625 0.006591796875
0 0.64599609375 0.5286865234375 0.025390625 0.022705078125
0 0.664306640625 0.505859375 0.01123046875 0.00634765625
0 0.5382080078125 0.531005859375 0.008544921875 0.00341796875
0 0.5977783203125 0.537353515625 0.007568359375 0.02587890625
