0 0.71728515625 0.5728759765625 0.0166015625 0.028076171875
0 0.3338623046875 0.53173828125 0.019287109375 0.00927734375
0 0.315673828125 0.5350341796875 0.01708984375 0.007568359375
0 0.36669921875 0.563232421875 0.01025390625 0.009765625
0 0.3673095703125 0.5478515625 0.010986328125 0.0205078125
0 0.419921875 0.5828857421875 0.005859375 0.014404296875
0 0.5615234375 0.595458984375 0.02197265625 0.00634765625
0 0.548828125 0.596923828125 0.00537109375 0.01416015625
0 0.7174072265625 0.59326171875 0.015869140625 0.013671875
0 0.4158935546875 0.5498046875 0.014892578125 0.0126953125
0 0.4229736328125 0.5689697265625 0.005126953125 0.006591796875
0 0.4154052734375 0.569091796875 0.004638671875 0.01318359375
0 0.4078369140625 0.5771484375 0.023681640625 0.01025390625
0 0.418701171875 0.5621337890625 0.0087890625 0.011962890625
