0 0.341064453125 0.43994140625 0.00830078125 0.01123046875
0 0.528076171875 0.44189453125 0.00927734375 0.01171875
0 0.78369140625 0.412353515625 0.02392578125 0.0322265625
0 0.8927001953125 0.3900146484375 0.115478515625 0.053466796875
0 0.7821044921875 0.441650390625 0.025146484375 0.02392578125
0 0.6131591796875 0.447998046875 0.011474609375 0.02392578125
0 0.900146484375 0.4996337890625 0.0419921875 0.047119140625
0 0.85205078125 0.3028564453125 0.013671875 0.018310546875
0 0.8931884765625 0.29931640625 0.114501953125 0.0595703125
0 0.892822265625 0.346435546875 0.1142578125 0.03369140625
