0 0.7012939453125 0.539794921875 0.019775390625 0.0263671875
0 0.8885498046875 0.5240478515625 0.023681640625 0.032470703125
0 0.6839599609375 0.5645751953125 0.013427734375 0.018310546875
0 0.67578125 0.5484619140625 0.00634765625 0.013427734375
0 0.6812744140625 0.5174560546875 0.010009765625 0.010009765625
0 0.26318359375 0.4952392578125 0.0263671875 0.011474609375
0 0.5792236328125 0.5113525390625 0.015869140625 0.006591796875
0 0.679443359375 0.491455078125 0.0126953125 0.009765625
0 0.477783203125 0.5050048828125 0.0087890625 0.013916015625
0 0.679931640625 0.5037841796875 0.01171875 0.015869140625
0 0.6824951171875 0.533447265625 0.013916015625 0.0205078125
