0 0.5731201171875 0.573974609375 0.005126953125 0.00927734375
0 0.51611328125 0.5745849609375 0.01025390625 0.014892578125
0 0.942138671875 0.5562744140625 0.02197265625 0.022216796875
0 0.576171875 0.5341796875 0.0107421875 0.01025390625
0 0.4361572265625 0.5689697265625 0.008056640625 0.015380859375
0 0.591796875 0.5496826171875 0.01220703125 0.017822265625
0 0.5911865234375 0.5645751953125 0.010009765625 0.010498046875
0 0.5767822265625 0.5203857421875 0.012939453125 0.017333984375
0 0.6337890625 0.5760498046875 0.02783203125 0.010498046875
0 0.59228515625 0.53759765625 0.0126953125 0.0078125
0 0.230224609375 0.537841796875 0.00537109375 0.01416015625
0 0.4853515625 0.5775146484375 0.009765625 0.006591796875
0 0.574951171875 0.5621337890625 0.0107421875 0.011962890625
0 0.5753173828125 0.548095703125 0.012939453125 0.0166015625
0 0.576904296875 0.50830078125 0.01123046875 0.00927734375
