0 0.0648193359375 0.712890625 0.026123046875 0.0361328125
0 0.1259765625 0.7076416015625 0.00732421875 0.007568359375
0 0.43408203125 0.6861572265625 0.02587890625 0.016357421875
0 0.1270751953125 0.6982421875 0.006591796875 0.01220703125
0 0.678466796875 0.6923828125 0.00439453125 0.005859375
0 0.6923828125 0.690185546875 0.005859375 0.0078125
0 0.7188720703125 0.6790771484375 0.005615234375 0.005615234375
0 0.4320068359375 0.6710205078125 0.005126953125 0.007568359375
0 0.85009765625 0.628173828125 0.056640625 0.02392578125
0 0.857666015625 0.593994140625 0.02001953125 0.03271484375
0 0.326171875 0.68994140625 0.0419921875 0.02099609375
0 0.8592529296875 0.6268310546875 0.011474609375 0.009033203125
0 0.4342041015625 0.671630859375 0.025146484375 0.01416015625
0 0.72998046875 0.6680908203125 0.01025390625 0.013427734375
0 0.718017578125 0.6705322265625 0.01025390625 0.012939453125
0 0.853759765625 0.644775390625 0.0576171875 0.02734375
0 0.0595703125 0.7550048828125 0.0244140625 0.050537109375
