0 0.56884765625 0.66162109375 0.03076171875 0.04052734375
0 0.519775390625 0.662841796875 0.01171875 0.01611328125
0 0.7816162109375 0.6766357421875 0.029541015625 0.042724609375
0 0.459716796875 0.65673828125 0.00830078125 0.01220703125
0 0.3232421875 0.6353759765625 0.0048828125 0.008056640625
0 0.2855224609375 0.6259765625 0.004638671875 0.00830078125
0 0.406982421875 0.6490478515625 0.00732421875 0.010498046875
0 0.2420654296875 0.6142578125 0.005126953125 0.0068359375
0 0.3603515625 0.6402587890625 0.005859375 0.008544921875
0 0.2039794921875 0.608154296875 0.004150390625 0.00634765625
