0 0.2845458984375 0.6256103515625 0.020751953125 0.019775390625
0 0.3729248046875 0.6085205078125 0.018798828125 0.012451171875
0 0.39306640625 0.6092529296875 0.0126953125 0.008056640625
0 0.5113525390625 0.5953369140625 0.008544921875 0.009521484375
0 0.51123046875 0.60400390625 0.00830078125 0.0078125
0 0.5118408203125 0.614013671875 0.006591796875 0.01123046875
0 0.5986328125 0.5889892578125 0.01220703125 0.015380859375
0 0.5985107421875 0.6064453125 0.014404296875 0.01904296875
0 0.91015625 0.553955078125 0.02294921875 0.02734375
0 0.9119873046875 0.5784912109375 0.016357421875 0.021728515625
0 0.702392578125 0.4598388671875 0.0390625 0.051025390625
0 0.7022705078125 0.5218505859375 0.059326171875 0.072998046875
