0 0.6654052734375 0.34130859375 0.044677734375 0.03125
0 0.7808837890625 0.37841796875 0.014404296875 0.02001953125
0 0.792724609375 0.388427734375 0.005859375 0.00927734375
0 0.8778076171875 0.3638916015625 0.005126953125 0.007080078125
0 0.8687744140625 0.3829345703125 0.010009765625 0.016845703125
0 0.74658203125 0.387451171875 0.0048828125 0.0078125
0 0.6063232421875 0.387451171875 0.004638671875 0.00634765625
0 0.6541748046875 0.38916015625 0.003662109375 0.00537109375
0 0.79736328125 0.37890625 0.009765625 0.01318359375
0 0.7952880859375 0.390869140625 0.007568359375 0.00537109375
0 0.8861083984375 0.3824462890625 0.010986328125 0.010009765625
0 0.35986328125 0.399169921875 0.00390625 0.0068359375
