0 0.9697265625 0.7833251953125 0.00537109375 0.006103515625
0 0.833740234375 0.7764892578125 0.00146484375 0.003173828125
0 0.4913330078125 0.81640625 0.003662109375 0.00390625
0 0.833251953125 0.789794921875 0.00390625 0.005859375
0 0.843505859375 0.777587890625 0.00537109375 0.001953125
0 0.876708984375 0.7744140625 0.00244140625 0.00439453125
0 0.997802734375 0.7811279296875 0.00390625 0.004638671875
0 0.4058837890625 0.826171875 0.002685546875 0.00341796875
0 0.9072265625 0.7855224609375 0.0048828125 0.005615234375
0 0.998291015625 0.7850341796875 0.0029296875 0.004150390625
