0 0.90966796875 0.4202880859375 0.00634765625 0.007568359375
0 0.8145751953125 0.4193115234375 0.006103515625 0.007568359375
0 0.5947265625 0.4246826171875 0.0234375 0.015869140625
0 0.5943603515625 0.400146484375 0.031494140625 0.0380859375
0 0.505859375 0.402587890625 0.00830078125 0.01318359375
0 0.4671630859375 0.4691162109375 0.010009765625 0.012451171875
0 0.9097900390625 0.4173583984375 0.012451171875 0.021240234375
0 0.814697265625 0.4168701171875 0.01171875 0.022705078125
0 0.4677734375 0.4759521484375 0.00537109375 0.004150390625
0 0.462890625 0.453857421875 0.00390625 0.005859375
0 0.398681640625 0.490478515625 0.0029296875 0.0048828125
0 0.428466796875 0.4862060546875 0.00341796875 0.004638671875
0 0.450439453125 0.4700927734375 0.0029296875 0.004150390625
0 0.8212890625 0.4432373046875 0.00439453125 0.012451171875
0 0.8216552734375 0.44482421875 0.002197265625 0.0048828125
