0 0.720703125 0.4964599609375 0.02734375 0.036376953125
0 0.7125244140625 0.4012451171875 0.022705078125 0.031005859375
0 0.94384765625 0.5262451171875 0.04150390625 0.052490234375
0 0.6739501953125 0.3975830078125 0.020751953125 0.024169921875
0 0.9444580078125 0.582275390625 0.043212890625 0.06103515625
0 0.725830078125 0.5325927734375 0.0244140625 0.032958984375
0 0.56884765625 0.4549560546875 0.00927734375 0.012451171875
0 0.6033935546875 0.4234619140625 0.005126953125 0.008056640625
0 0.6754150390625 0.4141845703125 0.016357421875 0.008544921875
0 0.5533447265625 0.4144287109375 0.005615234375 0.007568359375
0 0.5533447265625 0.406494140625 0.005615234375 0.0078125
0 0.0411376953125 0.03173828125 0.082275390625 0.05712890625
