0 0.909912109375 0.525634765625 0.02294921875 0.029296875
0 0.574951171875 0.558349609375 0.01953125 0.02734375
0 0.8704833984375 0.5897216796875 0.020263671875 0.007080078125
0 0.25537109375 0.5648193359375 0.01025390625 0.020751953125
0 0.3341064453125 0.567626953125 0.005615234375 0.0087890625
0 0.33447265625 0.554443359375 0.01025390625 0.01708984375
0 0.7938232421875 0.5926513671875 0.006591796875 0.003662109375
0 0.818603515625 0.587646484375 0.01806640625 0.0107421875
0 0.814453125 0.5843505859375 0.00244140625 0.003662109375
0 0.8681640625 0.588623046875 0.00244140625 0.00341796875
0 0.840576171875 0.5877685546875 0.00244140625 0.003173828125
0 0.843994140625 0.5894775390625 0.017578125 0.007080078125
