0 0.339111328125 0.4173583984375 0.017578125 0.021728515625
0 0.3408203125 0.3814697265625 0.0234375 0.042724609375
0 0.5352783203125 0.419921875 0.011474609375 0.01806640625
0 0.5728759765625 0.38720703125 0.039306640625 0.056640625
0 0.546875 0.410888671875 0.0126953125 0.02197265625
0 0.388916015625 0.410888671875 0.01025390625 0.02099609375
0 0.387451171875 0.4276123046875 0.00830078125 0.009521484375
0 0.9254150390625 0.527099609375 0.024658203125 0.1484375
0 0.5460205078125 0.4290771484375 0.009521484375 0.011962890625
0 0.5343017578125 0.4359130859375 0.007568359375 0.011962890625
