0 0.3187255859375 0.475830078125 0.009033203125 0.01171875
0 0.5323486328125 0.2047119140625 0.019287109375 0.029541015625
0 0.429443359375 0.4857177734375 0.0078125 0.008544921875
0 0.6751708984375 0.474609375 0.004150390625 0.00537109375
0 0.8260498046875 0.1085205078125 0.057373046875 0.044189453125
0 0.7197265625 0.487060546875 0.0078125 0.01171875
0 0.7200927734375 0.496337890625 0.008056640625 0.005859375
0 0.7025146484375 0.471435546875 0.003173828125 0.00439453125
0 0.63232421875 0.1160888671875 0.0458984375 0.046142578125
0 0.47216796875 0.4888916015625 0.005859375 0.026123046875
0 0.6285400390625 0.507080078125 0.039794921875 0.05810546875
0 0.429443359375 0.4765625 0.00830078125 0.0078125
0 0.613525390625 0.4638671875 0.01806640625 0.0224609375
0 0.3255615234375 0.4520263671875 0.027099609375 0.032958984375
0 0.43017578125 0.46435546875 0.0087890625 0.01611328125
0 0.544189453125 0.4921875 0.02197265625 0.02685546875
0 0.91552734375 0.482177734375 0.0234375 0.02490234375
0 0.5760498046875 0.178466796875 0.290283203125 0.20166015625
0 0.6143798828125 0.4849853515625 0.013427734375 0.018310546875
0 0.3291015625 0.4766845703125 0.0029296875 0.012451171875
0 0.470703125 0.1217041015625 0.03857421875 0.043701171875
0 0.5447998046875 0.46484375 0.022216796875 0.025390625
0 0.8465576171875 0.5120849609375 0.021728515625 0.042724609375
0 0.5330810546875 0.2406005859375 0.021728515625 0.031494140625
0 0.8778076171875 0.1058349609375 0.042236328125 0.047119140625
0 0.521240234375 0.1214599609375 0.03662109375 0.038330078125
0 0.6480712890625 0.4970703125 0.007568359375 0.009765625
0 0.64794921875 0.4862060546875 0.00732421875 0.011962890625
0 0.6654052734375 0.1790771484375 0.027587890625 0.027099609375
0 0.85888671875 0.17333984375 0.28173828125 0.20361328125
