0 0.773193359375 0.325439453125 0.10693359375 0.12548828125
0 0.456787109375 0.727294921875 0.00830078125 0.01220703125
0 0.489013671875 0.656494140625 0.01025390625 0.01416015625
0 0.490234375 0.686767578125 0.0126953125 0.017578125
0 0.7562255859375 0.2308349609375 0.074951171875 0.098876953125
0 0.489501953125 0.66162109375 0.013671875 0.0263671875
0 0.795166015625 0.408447265625 0.11279296875 0.0634765625
0 0.4156494140625 0.684326171875 0.008544921875 0.01171875
0 0.4658203125 0.7144775390625 0.0068359375 0.016845703125
0 0.4652099609375 0.7108154296875 0.006591796875 0.009033203125
0 0.490966796875 0.6962890625 0.01416015625 0.03662109375
