0 0.3526611328125 0.1771240234375 0.097412109375 0.169677734375
0 0.443603515625 0.4388427734375 0.00537109375 0.007080078125
0 0.690673828125 0.3193359375 0.06103515625 0.08984375
0 0.44970703125 0.4295654296875 0.005859375 0.008544921875
0 0.5540771484375 0.434326171875 0.085693359375 0.0361328125
0 0.0460205078125 0.178955078125 0.092041015625 0.17529296875
0 0.69140625 0.2196044921875 0.09423828125 0.114990234375
0 0.552001953125 0.40576171875 0.078125 0.0322265625
0 0.1900634765625 0.1729736328125 0.126708984375 0.175048828125
0 0.37744140625 0.4710693359375 0.005859375 0.007568359375
0 0.548828125 0.327392578125 0.0791015625 0.13134765625
0 0.4500732421875 0.4525146484375 0.013427734375 0.009033203125
0 0.460693359375 0.428466796875 0.005859375 0.0068359375
0 0.4569091796875 0.4293212890625 0.037353515625 0.029052734375
