0 0.8326416015625 0.4783935546875 0.024658203125 0.026611328125
0 0.8319091796875 0.5025634765625 0.026611328125 0.017333984375
0 0.8726806640625 0.50341796875 0.018310546875 0.02392578125
0 0.8212890625 0.52294921875 0.017578125 0.021484375
0 0.86767578125 0.42529296875 0.02099609375 0.07666015625
0 0.871337890625 0.47705078125 0.02587890625 0.0302734375
0 0.4749755859375 0.545654296875 0.008544921875 0.0234375
0 0.4398193359375 0.544677734375 0.005126953125 0.0107421875
0 0.8455810546875 0.5240478515625 0.018798828125 0.022705078125
0 0.440185546875 0.5531005859375 0.00537109375 0.005126953125
