0 0.63916015625 0.5374755859375 0.0048828125 0.006591796875
0 0.64404296875 0.5301513671875 0.00537109375 0.006591796875
0 0.6295166015625 0.5289306640625 0.004638671875 0.006591796875
0 0.629638671875 0.522216796875 0.0048828125 0.00634765625
0 0.6297607421875 0.537109375 0.006103515625 0.00732421875
0 0.6396484375 0.5225830078125 0.0048828125 0.008056640625
0 0.634521484375 0.52978515625 0.00390625 0.005859375
0 0.63427734375 0.537353515625 0.00537109375 0.0078125
0 0.6346435546875 0.5220947265625 0.004638671875 0.006103515625
0 0.6363525390625 0.5205078125 0.031982421875 0.0517578125
0 0.485595703125 0.5369873046875 0.021484375 0.017822265625
0 0.6397705078125 0.5291748046875 0.005126953125 0.007080078125
0 0.644287109375 0.5224609375 0.0048828125 0.0078125
0 0.57470703125 0.5457763671875 0.00830078125 0.015380859375
0 0.5150146484375 0.5184326171875 0.034423828125 0.016357421875
