0 0.643310546875 0.4525146484375 0.0244140625 0.017822265625
0 0.8140869140625 0.33935546875 0.115966796875 0.0380859375
0 0.5374755859375 0.4803466796875 0.005126953125 0.007568359375
0 0.642333984375 0.431640625 0.02587890625 0.03125
0 0.561279296875 0.4951171875 0.0078125 0.0048828125
0 0.416259765625 0.43505859375 0.0419921875 0.0283203125
0 0.4859619140625 0.4349365234375 0.041748046875 0.027099609375
0 0.5606689453125 0.4881591796875 0.007568359375 0.009521484375
0 0.8387451171875 0.33837890625 0.016357421875 0.02099609375
0 0.4150390625 0.4803466796875 0.00537109375 0.007568359375
0 0.5443115234375 0.4345703125 0.032958984375 0.02880859375
