0 0.420166015625 0.6671142578125 0.0205078125 0.029052734375
0 0.4222412109375 0.59228515625 0.026611328125 0.0361328125
0 0.7735595703125 0.6519775390625 0.011962890625 0.014404296875
0 0.7196044921875 0.6026611328125 0.035888671875 0.042724609375
0 0.7738037109375 0.6656494140625 0.011962890625 0.013427734375
0 0.0889892578125 0.6204833984375 0.016845703125 0.020751953125
0 0.4219970703125 0.6220703125 0.028564453125 0.025390625
0 0.371337890625 0.6602783203125 0.0048828125 0.007080078125
0 0.290771484375 0.6585693359375 0.005859375 0.007568359375
0 0.0880126953125 0.6390380859375 0.020263671875 0.014404296875
0 0.7213134765625 0.636962890625 0.036865234375 0.03125
0 0.816162109375 0.681396484375 0.005859375 0.0068359375
0 0.815673828125 0.6739501953125 0.00537109375 0.008056640625
