0 0.3585205078125 0.39599609375 0.013427734375 0.00830078125
0 0.333740234375 0.227294921875 0.0830078125 0.10986328125
0 0.711181640625 0.418701171875 0.00830078125 0.01025390625
0 0.3818359375 0.3406982421875 0.00634765625 0.009033203125
0 0.3790283203125 0.3878173828125 0.006591796875 0.009033203125
0 0.34326171875 0.33056640625 0.0087890625 0.00732421875
0 0.2149658203125 0.326171875 0.010009765625 0.0078125
0 0.4295654296875 0.203125 0.054931640625 0.04150390625
0 0.47119140625 0.379150390625 0.0048828125 0.00634765625
0 0.3748779296875 0.1982421875 0.055908203125 0.0390625
0 0.551513671875 0.3226318359375 0.01123046875 0.037353515625
0 0.4710693359375 0.38818359375 0.006591796875 0.0078125
0 0.44970703125 0.3792724609375 0.00732421875 0.013916015625
0 0.4508056640625 0.3719482421875 0.007080078125 0.013916015625
0 0.4569091796875 0.38427734375 0.008544921875 0.0068359375
0 0.4217529296875 0.3177490234375 0.024169921875 0.032470703125
0 0.4217529296875 0.3489990234375 0.019287109375 0.025146484375
0 0.4222412109375 0.368408203125 0.018310546875 0.01171875
0 0.5513916015625 0.3577880859375 0.009521484375 0.027587890625
0 0.3785400390625 0.40234375 0.004638671875 0.01953125
