0 0.072509765625 0.3914794921875 0.015625 0.042724609375
0 0.6015625 0.6451416015625 0.00927734375 0.016357421875
0 0.527099609375 0.656494140625 0.00537109375 0.00927734375
0 0.4774169921875 0.662109375 0.003662109375 0.0068359375
0 0.06396484375 0.42724609375 0.04541015625 0.1494140625
0 0.406005859375 0.66552734375 0.00244140625 0.0048828125
0 0.4957275390625 0.3441162109375 0.037841796875 0.049560546875
0 0.4501953125 0.4327392578125 0.0166015625 0.029541015625
0 0.6807861328125 0.585205078125 0.015869140625 0.029296875
0 0.3165283203125 0.585205078125 0.014892578125 0.02685546875
0 0.0716552734375 0.4844970703125 0.010986328125 0.029541015625
0 0.058837890625 0.483642578125 0.01025390625 0.02734375
0 0.8992919921875 0.470703125 0.013916015625 0.03564453125
0 0.913818359375 0.468017578125 0.0126953125 0.03564453125
0 0.9271240234375 0.46630859375 0.012939453125 0.03466796875
0 0.5478515625 0.4342041015625 0.01611328125 0.028564453125
0 0.04736328125 0.4813232421875 0.00927734375 0.028564453125
0 0.0552978515625 0.3929443359375 0.013916015625 0.043701171875
0 0.4332275390625 0.6649169921875 0.002685546875 0.005126953125
0 0.9085693359375 0.4173583984375 0.056884765625 0.158935546875
