0 0.88330078125 0.666015625 0.01171875 0.01513671875
0 0.3416748046875 0.6212158203125 0.021728515625 0.026611328125
0 0.3404541015625 0.6455078125 0.014892578125 0.01953125
0 0.34033203125 0.655517578125 0.0166015625 0.04150390625
0 0.8189697265625 0.70654296875 0.006103515625 0.01953125
0 0.290283203125 0.667236328125 0.00732421875 0.029296875
0 0.291015625 0.6597900390625 0.00439453125 0.012451171875
0 0.8839111328125 0.6724853515625 0.014404296875 0.029541015625
0 0.8358154296875 0.724609375 0.007568359375 0.00634765625
0 0.3343505859375 0.6458740234375 0.016357421875 0.021728515625
0 0.8360595703125 0.7144775390625 0.008056640625 0.013916015625
0 0.81884765625 0.70166015625 0.00390625 0.0078125
0 0.888916015625 0.6414794921875 0.013671875 0.011962890625
