0 0.47021484375 0.3272705078125 0.02734375 0.051025390625
0 0.244384765625 0.4498291015625 0.0361328125 0.045166015625
0 0.206298828125 0.5758056640625 0.0107421875 0.014404296875
0 0.4378662109375 0.560546875 0.010498046875 0.01318359375
0 0.9742431640625 0.465087890625 0.015380859375 0.025390625
0 0.439208984375 0.61083984375 0.01025390625 0.0146484375
0 0.6239013671875 0.5615234375 0.010986328125 0.0146484375
0 0.7542724609375 0.6209716796875 0.007568359375 0.017333984375
0 0.9798583984375 0.509521484375 0.016357421875 0.025390625
0 0.7642822265625 0.5548095703125 0.014892578125 0.006103515625
0 0.517333984375 0.3311767578125 0.04638671875 0.041259765625
0 0.75146484375 0.5435791015625 0.00537109375 0.018798828125
0 0.9766845703125 0.4874267578125 0.017333984375 0.013916015625
0 0.278076171875 0.5045166015625 0.0087890625 0.010986328125
