0 0.31201171875 0.58935546875 0.005859375 0.015625
0 0.9310302734375 0.5279541015625 0.033447265625 0.032958984375
0 0.8861083984375 0.6002197265625 0.027587890625 0.024658203125
0 0.930908203125 0.5517578125 0.01611328125 0.0166015625
0 0.5333251953125 0.58349609375 0.001708984375 0.00439453125
0 0.2681884765625 0.567138671875 0.022216796875 0.00634765625
0 0.6156005859375 0.5968017578125 0.007568359375 0.010009765625
0 0.6158447265625 0.58837890625 0.007080078125 0.0068359375
0 0.5848388671875 0.573486328125 0.008056640625 0.005859375
0 0.4716796875 0.5784912109375 0.00341796875 0.004638671875
0 0.268310546875 0.5611572265625 0.005859375 0.007568359375
0 0.4432373046875 0.5758056640625 0.002685546875 0.004150390625
