0 0.5189208984375 0.5291748046875 0.006591796875 0.011474609375
0 0.8087158203125 0.5115966796875 0.031494140625 0.039306640625
0 0.364990234375 0.5205078125 0.01025390625 0.01416015625
0 0.542236328125 0.498046875 0.00390625 0.005859375
0 0.321533203125 0.5211181640625 0.00537109375 0.008056640625
0 0.53515625 0.5419921875 0.00537109375 0.00439453125
0 0.203369140625 0.476806640625 0.025390625 0.02587890625
0 0.2117919921875 0.4814453125 0.005615234375 0.01171875
0 0.6221923828125 0.53173828125 0.003662109375 0.00732421875
0 0.5355224609375 0.4849853515625 0.014404296875 0.010009765625
0 0.8048095703125 0.5721435546875 0.050537109375 0.025146484375
0 0.5362548828125 0.49609375 0.017822265625 0.01171875
0 0.5355224609375 0.5072021484375 0.017333984375 0.010009765625
