0 0.5640869140625 0.649658203125 0.005126953125 0.00732421875
0 0.5623779296875 0.605224609375 0.026123046875 0.0439453125
0 0.072265625 0.6844482421875 0.00732421875 0.010009765625
0 0.5537109375 0.6336669921875 0.00634765625 0.013427734375
0 0.416748046875 0.69140625 0.009765625 0.00830078125
0 0.4637451171875 0.677001953125 0.003173828125 0.0048828125
0 0.564208984375 0.65576171875 0.005859375 0.0205078125
0 0.4639892578125 0.6724853515625 0.003173828125 0.003662109375
0 0.564697265625 0.661865234375 0.00537109375 0.005859375
0 0.43603515625 0.646240234375 0.0087890625 0.00390625
0 0.46533203125 0.663818359375 0.00927734375 0.01220703125
0 0.210693359375 0.688232421875 0.00439453125 0.00634765625
