0 0.6942138671875 0.59228515625 0.014892578125 0.0087890625
0 0.668701171875 0.5767822265625 0.0146484375 0.019775390625
0 0.7640380859375 0.587890625 0.007568359375 0.02294921875
0 0.596923828125 0.6363525390625 0.00537109375 0.008056640625
0 0.6953125 0.62158203125 0.01171875 0.0126953125
0 0.646484375 0.623291015625 0.01318359375 0.01318359375
0 0.76220703125 0.5489501953125 0.0078125 0.024169921875
0 0.9736328125 0.2774658203125 0.05126953125 0.073486328125
0 0.185302734375 0.5081787109375 0.01904296875 0.022216796875
0 0.6705322265625 0.6224365234375 0.012939453125 0.010498046875
0 0.6678466796875 0.5477294921875 0.015380859375 0.018310546875
0 0.7811279296875 0.5987548828125 0.008056640625 0.013427734375
0 0.3746337890625 0.5250244140625 0.034912109375 0.014404296875
0 0.6951904296875 0.6063232421875 0.013427734375 0.017822265625
0 0.6697998046875 0.605712890625 0.014404296875 0.01806640625
0 0.6448974609375 0.5775146484375 0.014404296875 0.019287109375
0 0.6456298828125 0.60693359375 0.014404296875 0.01806640625
0 0.7603759765625 0.5120849609375 0.010009765625 0.025146484375
0 0.668212890625 0.562255859375 0.01416015625 0.0078125
0 0.1044921875 0.5213623046875 0.02294921875 0.025634765625
0 0.669677734375 0.591064453125 0.01416015625 0.00830078125
0 0.761474609375 0.5296630859375 0.009765625 0.013916015625
0 0.645263671875 0.5921630859375 0.0126953125 0.009033203125
0 0.765625 0.6109619140625 0.00927734375 0.014404296875
0 0.7591552734375 0.4910888671875 0.008056640625 0.014404296875
