0 0.3692626953125 0.537353515625 0.013427734375 0.01708984375
0 0.199951171875 0.5711669921875 0.00927734375 0.011474609375
0 0.02392578125 0.5723876953125 0.00927734375 0.014892578125
0 0.77197265625 0.5089111328125 0.01611328125 0.018798828125
0 0.7508544921875 0.468017578125 0.020263671875 0.02001953125
0 0.769287109375 0.4642333984375 0.01953125 0.020751953125
0 0.7503662109375 0.453857421875 0.016357421875 0.0126953125
0 0.7662353515625 0.449951171875 0.016357421875 0.01171875
0 0.7744140625 0.5247802734375 0.0146484375 0.014404296875
0 0.76953125 0.4814453125 0.01513671875 0.0146484375
0 0.754150390625 0.4957275390625 0.015625 0.011962890625
0 0.7579345703125 0.5274658203125 0.014892578125 0.013916015625
0 0.7708740234375 0.4935302734375 0.015380859375 0.011962890625
0 0.7535400390625 0.48388671875 0.014892578125 0.0146484375
0 0.7552490234375 0.5115966796875 0.016357421875 0.019287109375
0 0.584716796875 0.5543212890625 0.00830078125 0.009033203125
0 0.57666015625 0.555419921875 0.00927734375 0.01025390625
0 0.584228515625 0.5467529296875 0.0068359375 0.006103515625
0 0.57763671875 0.5469970703125 0.005859375 0.006591796875
0 0.55908203125 0.5389404296875 0.005859375 0.007568359375
0 0.558837890625 0.5462646484375 0.00537109375 0.005126953125
0 0.559326171875 0.55712890625 0.00537109375 0.00732421875
0 0.552734375 0.538818359375 0.0068359375 0.0087890625
0 0.5526123046875 0.556640625 0.006103515625 0.0078125
0 0.5521240234375 0.5458984375 0.005615234375 0.005859375
0 0.5555419921875 0.56298828125 0.005126953125 0.0048828125
0 0.0050048828125 0.559814453125 0.010009765625 0.0205078125
