0 0.92529296875 0.451171875 0.01416015625 0.0224609375
0 0.890869140625 0.4730224609375 0.0107421875 0.006591796875
0 0.8023681640625 0.4859619140625 0.003173828125 0.004638671875
0 0.6766357421875 0.4891357421875 0.002685546875 0.002685546875
0 0.7425537109375 0.48291015625 0.004150390625 0.00390625
0 0.8690185546875 0.4478759765625 0.014404296875 0.024658203125
0 0.80224609375 0.486572265625 0.00439453125 0.0146484375
0 0.8907470703125 0.4681396484375 0.010009765625 0.005126953125
0 0.6766357421875 0.48388671875 0.004150390625 0.0078125
0 0.846435546875 0.4715576171875 0.0068359375 0.008544921875
0 0.4354248046875 0.4990234375 0.039794921875 0.02685546875
0 0.495849609375 0.52392578125 0.01025390625 0.04736328125
0 0.8319091796875 0.464599609375 0.022705078125 0.01953125
0 0.9564208984375 0.5113525390625 0.020751953125 0.015380859375
0 0.672119140625 0.459228515625 0.00537109375 0.02392578125
0 0.7237548828125 0.44384765625 0.004638671875 0.0087890625
0 0.7421875 0.476806640625 0.0048828125 0.00927734375
0 0.8466796875 0.4605712890625 0.00927734375 0.014404296875
0 0.4957275390625 0.5166015625 0.006103515625 0.01220703125
0 0.831787109375 0.423095703125 0.037109375 0.060546875
0 0.7236328125 0.44970703125 0.00439453125 0.00341796875
0 0.9251708984375 0.466552734375 0.009033203125 0.00830078125
