0 0.5811767578125 0.498779296875 0.007568359375 0.01171875
0 0.9327392578125 0.48681640625 0.034423828125 0.03662109375
0 0.9326171875 0.4302978515625 0.02880859375 0.036376953125
0 0.93212890625 0.405517578125 0.03076171875 0.01953125
0 0.697265625 0.4908447265625 0.01318359375 0.020263671875
0 0.9334716796875 0.457275390625 0.029541015625 0.0185546875
0 0.545654296875 0.502685546875 0.01123046875 0.01123046875
0 0.35107421875 0.5152587890625 0.00634765625 0.007080078125
0 0.2940673828125 0.4776611328125 0.012451171875 0.010009765625
0 0.534912109375 0.5035400390625 0.00341796875 0.006103515625
0 0.3121337890625 0.5220947265625 0.005615234375 0.008056640625
0 0.4324951171875 0.5120849609375 0.005615234375 0.008544921875
