0 0.5308837890625 0.6392822265625 0.010498046875 0.012939453125
0 0.589111328125 0.5892333984375 0.01708984375 0.024169921875
0 0.5889892578125 0.568603515625 0.017822265625 0.01171875
0 0.5894775390625 0.6103515625 0.015380859375 0.0146484375
0 0.6114501953125 0.5885009765625 0.017822265625 0.024658203125
0 0.612548828125 0.610595703125 0.0166015625 0.0166015625
0 0.6119384765625 0.568603515625 0.017822265625 0.01171875
0 0.3785400390625 0.643310546875 0.023193359375 0.01318359375
0 0.587890625 0.5550537109375 0.01708984375 0.012939453125
0 0.40966796875 0.6807861328125 0.00341796875 0.009033203125
0 0.529052734375 0.6634521484375 0.0078125 0.004150390625
0 0.6116943359375 0.5550537109375 0.018798828125 0.013427734375
0 0.37548828125 0.642578125 0.005859375 0.0078125
