0 0.631103515625 0.26513671875 0.11328125 0.06982421875
0 0.9835205078125 0.3587646484375 0.032470703125 0.043212890625
0 0.59716796875 0.637939453125 0.02490234375 0.03955078125
0 0.59716796875 0.665283203125 0.0166015625 0.0126953125
0 0.933349609375 0.353271484375 0.01708984375 0.0322265625
0 0.5966796875 0.6075439453125 0.01708984375 0.013427734375
0 0.159423828125 0.5020751953125 0.05419921875 0.119384765625
0 0.961669921875 0.531494140625 0.05029296875 0.05517578125
0 0.956787109375 0.479736328125 0.0859375 0.05322265625
0 0.9591064453125 0.4222412109375 0.052490234375 0.069091796875
0 0.154541015625 0.5797119140625 0.02685546875 0.044189453125
0 0.929931640625 0.32470703125 0.04052734375 0.06298828125
0 0.629638671875 0.451171875 0.1142578125 0.05908203125
0 0.6300048828125 0.356689453125 0.114990234375 0.138671875
0 0.5968017578125 0.576904296875 0.024169921875 0.03955078125
