0 0.6226806640625 0.437744140625 0.013916015625 0.02099609375
0 0.5718994140625 0.5318603515625 0.015380859375 0.022216796875
0 0.5723876953125 0.5067138671875 0.015380859375 0.019287109375
0 0.5716552734375 0.482666015625 0.016845703125 0.021484375
0 0.5972900390625 0.46044921875 0.067626953125 0.0244140625
0 0.6055908203125 0.507568359375 0.051513671875 0.02197265625
0 0.6055908203125 0.484130859375 0.051025390625 0.0224609375
0 0.608642578125 0.5552978515625 0.05224609375 0.022705078125
0 0.589599609375 0.436767578125 0.052734375 0.021484375
0 0.392822265625 0.69580078125 0.01416015625 0.01806640625
0 0.606201171875 0.531982421875 0.052734375 0.021484375
0 0.573974609375 0.554931640625 0.0166015625 0.021484375
