0 0.2225341796875 0.473388671875 0.042724609375 0.0537109375
0 0.9566650390625 0.4537353515625 0.043212890625 0.054931640625
0 0.2216796875 0.484375 0.06396484375 0.095703125
0 0.219482421875 0.590087890625 0.05712890625 0.1171875
0 0.2198486328125 0.572509765625 0.034912109375 0.0478515625
0 0.0875244140625 0.5648193359375 0.052001953125 0.156005859375
0 0.9583740234375 0.4669189453125 0.066162109375 0.097412109375
0 0.9552001953125 0.58251953125 0.057861328125 0.119140625
0 0.20751953125 0.5169677734375 0.01708984375 0.021728515625
0 0.947021484375 0.4986572265625 0.017578125 0.022216796875
0 0.9549560546875 0.564697265625 0.037353515625 0.05078125
