0 0.7242431640625 0.4906005859375 0.009521484375 0.012939453125
0 0.7242431640625 0.476806640625 0.009521484375 0.015625
0 0.676025390625 0.46533203125 0.01953125 0.02099609375
0 0.676513671875 0.495361328125 0.01123046875 0.0107421875
0 0.660888671875 0.493408203125 0.00390625 0.0146484375
0 0.836669921875 0.483154296875 0.01318359375 0.01318359375
0 0.402099609375 0.5242919921875 0.0029296875 0.002685546875
0 0.499267578125 0.5068359375 0.00732421875 0.00732421875
0 0.663818359375 0.5313720703125 0.01220703125 0.009033203125
0 0.7852783203125 0.5 0.009521484375 0.00634765625
0 0.40234375 0.5162353515625 0.0078125 0.006103515625
