0 0.4991455078125 0.7064208984375 0.019287109375 0.014404296875
0 0.2232666015625 0.472900390625 0.174560546875 0.1259765625
0 0.47705078125 0.7078857421875 0.00830078125 0.011962890625
0 0.506103515625 0.7215576171875 0.00927734375 0.009521484375
0 0.5223388671875 0.7305908203125 0.010009765625 0.008056640625
0 0.2271728515625 0.4412841796875 0.039306640625 0.035400390625
0 0.499267578125 0.702880859375 0.00537109375 0.005859375
0 0.5306396484375 0.72509765625 0.005126953125 0.0107421875
0 0.5145263671875 0.7294921875 0.003662109375 0.00830078125
0 0.4388427734375 0.7078857421875 0.004150390625 0.005126953125
0 0.52294921875 0.71826171875 0.0107421875 0.01611328125
0 0.249267578125 0.396484375 0.12548828125 0.03857421875
