0 0.75927734375 0.45458984375 0.04248046875 0.0546875
0 0.5650634765625 0.709716796875 0.012451171875 0.01953125
0 0.0677490234375 0.455810546875 0.039306640625 0.07470703125
0 0.3876953125 0.6593017578125 0.0361328125 0.033447265625
0 0.6776123046875 0.587890625 0.020263671875 0.025390625
0 0.697265625 0.5635986328125 0.02978515625 0.037841796875
0 0.6639404296875 0.4954833984375 0.013427734375 0.019287109375
0 0.0667724609375 0.51953125 0.038330078125 0.0673828125
0 0.566162109375 0.7261962890625 0.01806640625 0.016845703125
0 0.7640380859375 0.4959716796875 0.031982421875 0.026123046875
0 0.3876953125 0.6795654296875 0.02490234375 0.014892578125
0 0.7012939453125 0.5889892578125 0.029541015625 0.017333984375
0 0.67431640625 0.6690673828125 0.01953125 0.046142578125
0 0.6873779296875 0.49169921875 0.067138671875 0.04296875
